%!PS
%%BoundingBox: -505 -267 519 253 
%%HiResBoundingBox: -504.62497 -266.0452 518.49332 252.10498 
%%Creator: MetaPost 1.209
%%CreationDate: 2015.11.29:1738
%%Pages: 1
%%BeginProlog
%%EndProlog
%%Page: 1 1
 0 0 0 setrgbcolor 0 0.33333 dtransform truncate idtransform setlinewidth pop
 [] 0 setdash 1 setlinecap 1 setlinejoin 10 setmiterlimit
newpath -293.16 -94.81 moveto
-293.16 -94.81 -287.79 -87.79 -286.46 -86.16 curveto
-285.08 -84.48 -278.69 -75.13 -277.03 -72.95 curveto
-275.38 -70.78 -267.48 -63.2 -263.81 -58.46 curveto
-260.13 -53.71 -256.11 -50.59 -252.84 -45.48 curveto
-249.56 -40.37 -240.11 -28.03 -238.35 -23.65 curveto
-236.58 -19.27 -234.72 -17.76 -233.58 -14.55 curveto
-232.45 -11.34 -228.15 -5.42 -226.59 -3.26 curveto
-225.04 -1.09 -222.64 1.69 -218.58 6.54 curveto
-214.53 11.39 -206 22.55 -203.67 27.15 curveto
-201.33 31.75 -197.79 37.45 -196.53 39.8 curveto
-195.27 42.15 -193.93 45.08 -191.81 47.56 curveto
-189.69 50.04 -187.95 49.81 -185.14 54.23 curveto
-182.32 58.66 -177.92 64.58 -176.22 68 curveto
-174.51 71.43 -164.75 85.7 -162.65 88.95 curveto
-160.56 92.19 -161.66 93.31 -157.78 95.08 curveto
-153.91 96.85 -152.51 95.37 -150.69 98.22 curveto
-148.87 101.07 -145.42 106.57 -143.09 108.67 curveto
-140.76 110.77 -132.01 113.1 -129.84 116.92 curveto
-127.67 120.75 -126.95 119.33 -126.52 123.67 curveto
-126.1 128.01 -128.23 128.41 -126.56 132.89 curveto
-124.9 137.37 -122.04 140.93 -120.32 146.66 curveto
-118.6 152.39 -117.27 152.82 -116.94 156.96 curveto
-116.61 161.1 -115.94 169.29 -114.32 172.52 curveto
-112.71 175.75 -111.58 181.55 -110.02 183.52 curveto
-108.46 185.5 -104.88 192.64 -104.1 194.98 curveto
-103.32 197.31 -96.67 210.04 -95.71 215.55 curveto
-94.76 221.07 -91.59 231.84 -91.28 236.56 curveto
-90.96 241.28 -89.93 244.68 -87.16 247.86 curveto
-84.4 251.03 -83.31 252.89 -79.39 250.63 curveto
-75.46 248.37 -75.63 247.79 -72.72 246.84 curveto
-69.8 245.88 -61.72 245.59 -59.51 245.48 curveto
-57.29 245.37 -52.65 241.79 -50.17 242.16 curveto
-47.68 242.54 -37.93 241.16 -35.28 239.62 curveto
-32.63 238.08 -28.83 236.49 -26.64 236.85 curveto
-24.44 237.22 -18.8 235.4 -16.55 228.86 curveto
-14.3 222.31 -11.39 210.6 -11.38 207.81 curveto
-11.38 205.03 -10.57 195.74 -13.52 192.46 curveto
-16.48 189.19 -24.03 182.87 -28.26 180.22 curveto
-32.49 177.57 -35.27 177.47 -35.43 168.62 curveto
-35.59 159.78 -35.36 161.52 -34.46 157.71 curveto
-33.55 153.9 -32.48 150.77 -32.99 148.83 curveto
-33.49 146.89 -32.62 138.75 -33.3 133.45 curveto
-33.97 128.14 -35.45 131.74 -34.22 124.19 curveto
-32.99 116.64 -31.07 116.71 -31.53 110.74 curveto
-31.99 104.77 -31.74 95.07 -31.83 92.28 curveto
-31.92 89.5 -31.75 87.39 -30.84 83.48 curveto
-29.93 79.58 -30.81 79.83 -32.15 77.09 curveto
-33.49 74.36 -33.16 73.22 -33.32 69.66 curveto
-33.48 66.1 -32.99 63.04 -34.44 57.8 curveto
-35.88 52.56 -36.4 50.81 -37.29 46.17 curveto
-38.18 41.52 -38.87 39.39 -38.14 37.78 curveto
-37.41 36.17 -37.19 35.22 -33.36 35.74 curveto
-29.54 36.26 -30.51 36.52 -28.82 37.54 curveto
-27.12 38.56 -22.18 39.89 -21.32 37.42 curveto
-20.47 34.96 -21.58 31.17 -21.08 27.83 curveto
-20.58 24.48 -20.34 23.15 -20.07 21.14 curveto
-19.81 19.13 -20.52 17.38 -17.34 17.3 curveto
-14.17 17.22 -13.16 18.5 -10.93 20.6 curveto
-8.69 22.7 3.14 30.42 5.67 34.83 curveto
8.21 39.24 8.02 39.04 12.45 44.29 curveto
16.87 49.54 20.18 50.91 23.29 52.75 curveto
26.39 54.59 26.91 56.33 27.79 58.48 curveto
28.67 60.62 31.09 62.92 32.97 64.14 curveto
34.84 65.36 34.76 65.16 38.18 66.25 curveto
41.59 67.33 44.9 68.79 46.2 67.3 curveto
47.51 65.81 47.28 66.67 47.77 63.9 curveto
48.25 61.13 48.68 59.8 48.86 57.5 curveto
49.04 55.2 48.35 53.06 48.29 52.01 curveto
48.23 50.95 48.55 50.09 48.55 50.09 curveto
48.55 50.09 48.82 50.68 49.4 53.01 curveto
49.99 55.33 49.89 52.74 51.01 56.43 curveto
52.13 60.12 52.36 61.76 53.22 64.38 curveto
54.09 67.01 55.42 67.34 56.35 68.24 curveto
57.28 69.14 61.94 70.27 63.82 71.29 curveto
65.71 72.32 72.65 74.11 74.1 73.87 curveto
75.55 73.64 87.39 75.5 89.69 75.78 curveto
91.98 76.05 97.3 75.09 99.9 74.99 curveto
102.5 74.9 108.25 75.2 110.93 78.08 curveto
113.62 80.96 121.23 83.06 124.15 87.2 curveto
127.08 91.34 130.42 99.92 131.18 102.82 curveto
131.94 105.73 133.37 108.76 134.47 110.24 curveto
135.57 111.72 139.48 120.51 140.02 110.92 curveto
140.55 101.34 141.27 100.02 140.08 98.44 curveto
138.89 96.86 139.55 97.17 140.06 93.73 curveto
140.57 90.29 141.1 91.56 142.23 91.98 curveto
143.37 92.41 143.9 93.87 144.5 95.9 curveto
145.09 97.94 146.07 100.09 148.22 101.9 curveto
150.36 103.7 150.6 105.15 152.88 103.12 curveto
155.17 101.09 155.54 101.3 157.63 99.45 curveto
159.71 97.6 161.21 95.83 164.13 94.78 curveto
167.05 93.73 171.93 94.39 174.13 94.66 curveto
176.33 94.93 178.37 94.33 177.83 90.57 curveto
177.29 86.8 176.23 86.95 177.78 83.93 curveto stroke
 0 0.16667 dtransform truncate idtransform setlinewidth pop
newpath 2.54712 -8.02667 moveto
-2.9071 -4.19333 lineto stroke
newpath -2.10376 -5.36903 moveto
-2.9071 -4.19333 lineto
-1.52878 -4.55095 lineto
 closepath fill
newpath -2.10376 -5.36903 moveto
-2.9071 -4.19333 lineto
-1.52878 -4.55095 lineto
 closepath stroke
newpath 8.17711 1.39333 moveto
2.72289 5.22667 lineto stroke
newpath 3.52623 4.05096 moveto
2.72289 5.22667 lineto
4.10121 4.86905 lineto
 closepath fill
newpath 3.52623 4.05096 moveto
2.72289 5.22667 lineto
4.10121 4.86905 lineto
 closepath stroke
newpath 14.09604 11.10414 moveto
9.52396 15.95586 lineto stroke
newpath 10.07451 14.64262 moveto
9.52396 15.95586 lineto
10.80223 15.32841 lineto
 closepath fill
newpath 10.07451 14.64262 moveto
9.52396 15.95586 lineto
10.80223 15.32841 lineto
 closepath stroke
newpath -114.47658 186.12193 moveto
-114.54008 185.8533 -114.10849 185.65369 -114.24069 185.38116 curveto
-114.41225 185.02753 -115.11172 185.56001 -115.23154 185.10158 curveto
-115.36159 184.60406 -114.4554 184.78545 -114.43828 184.4003 curveto
-114.41905 183.96814 -115.05338 184.15158 -115.27287 183.91258 curveto
-115.54018 183.62157 -115.1618 183.22334 -115.24342 182.87807 curveto stroke
newpath -115.67271 183.58868 moveto
-115.5965 183.34315 -115.28723 183.14851 -115.24342 182.87807 curveto
-115.08316 183.10027 -115.16422 183.45657 -115.0445 183.6841 curveto
 closepath stroke
newpath -115.67271 183.58868 moveto
-115.5965 183.34315 -115.28723 183.14851 -115.24342 182.87807 curveto
-115.08316 183.10027 -115.16422 183.45657 -115.0445 183.6841 curveto
 closepath fill
newpath -223.74425 4.99297 moveto
-223.92242 4.78214 -223.62784 4.40886 -223.86905 4.22563 curveto
-224.18202 3.98787 -224.5649 4.7792 -224.87917 4.42458 curveto
-225.22023 4.03973 -224.33005 3.7915 -224.48901 3.44029 curveto
-224.6674 3.04619 -225.1501 3.49678 -225.45398 3.38295 curveto
-225.82402 3.24435 -225.66675 2.71802 -225.89577 2.44704 curveto stroke
newpath -225.9571 3.27498 moveto
-226.00021 3.02153 -225.81247 2.70802 -225.89577 2.44704 curveto
-225.65231 2.57268 -225.56337 2.92711 -225.35368 3.07585 curveto
 closepath stroke
newpath -225.9571 3.27498 moveto
-226.00021 3.02153 -225.81247 2.70802 -225.89577 2.44704 curveto
-225.65231 2.57268 -225.56337 2.92711 -225.35368 3.07585 curveto
 closepath fill
newpath 276.08 89.8233 moveto
276.08 87.99004 lineto
275.58003 87.15671 lineto stroke
newpath 276.08 87.99004 moveto
276.57997 87.15671 lineto stroke
newpath -23.0651 230.9963 moveto
-22.63492 224.34369 lineto stroke
newpath -22.22202 225.70645 moveto
-22.63492 224.34369 lineto
-23.21988 225.64194 lineto
 closepath fill
newpath -22.22202 225.70645 moveto
-22.63492 224.34369 lineto
-23.21988 225.64194 lineto
 closepath stroke
 0.16667 0 dtransform exch truncate exch idtransform pop setlinewidth
newpath -27.84 234.79997 moveto
-27.84 234.10002 lineto stroke
 0 0.16667 dtransform truncate idtransform setlinewidth pop
newpath -28.18997 233.5167 moveto
-27.84 234.10002 lineto
-27.49002 233.5167 lineto stroke
newpath -28.18997 235.3833 moveto
-27.84 234.79997 lineto
-27.49002 235.3833 lineto stroke
 0.16667 0 dtransform exch truncate exch idtransform pop setlinewidth
newpath -26.84 234.79997 moveto
-26.84 234.10002 lineto stroke
 0 0.16667 dtransform truncate idtransform setlinewidth pop
newpath -27.18997 233.5167 moveto
-26.84 234.10002 lineto
-26.49002 233.5167 lineto stroke
newpath -27.18997 235.3833 moveto
-26.84 234.79997 lineto
-26.49002 235.3833 lineto stroke
 0.16667 0 dtransform exch truncate exch idtransform pop setlinewidth
newpath -25.84 234.79997 moveto
-25.84 234.10002 lineto stroke
 0 0.16667 dtransform truncate idtransform setlinewidth pop
newpath -26.18997 233.5167 moveto
-25.84 234.10002 lineto
-25.49002 233.5167 lineto stroke
newpath -26.18997 235.3833 moveto
-25.84 234.79997 lineto
-25.49002 235.3833 lineto stroke
 0.16667 0 dtransform exch truncate exch idtransform pop setlinewidth
newpath -63.95 234.65997 moveto
-63.95 233.96002 lineto stroke
 0 0.16667 dtransform truncate idtransform setlinewidth pop
newpath -64.29997 233.3767 moveto
-63.95 233.96002 lineto
-63.60002 233.3767 lineto stroke
newpath -64.29997 235.2433 moveto
-63.95 234.65997 lineto
-63.60002 235.2433 lineto stroke
 0.16667 0 dtransform exch truncate exch idtransform pop setlinewidth
newpath -62.95 234.65997 moveto
-62.95 233.96002 lineto stroke
 0 0.16667 dtransform truncate idtransform setlinewidth pop
newpath -63.29997 233.3767 moveto
-62.95 233.96002 lineto
-62.60002 233.3767 lineto stroke
newpath -63.29997 235.2433 moveto
-62.95 234.65997 lineto
-62.60002 235.2433 lineto stroke
 0.16667 0 dtransform exch truncate exch idtransform pop setlinewidth
newpath -61.95 234.65997 moveto
-61.95 233.96002 lineto stroke
 0 0.16667 dtransform truncate idtransform setlinewidth pop
newpath -62.29997 233.3767 moveto
-61.95 233.96002 lineto
-61.60002 233.3767 lineto stroke
newpath -62.29997 235.2433 moveto
-61.95 234.65997 lineto
-61.60002 235.2433 lineto stroke
 0.16667 0 dtransform exch truncate exch idtransform pop setlinewidth
newpath -59.92 234.70998 moveto
-59.92 234.01003 lineto stroke
 0 0.16667 dtransform truncate idtransform setlinewidth pop
newpath -60.26997 233.4267 moveto
-59.92 234.01003 lineto
-59.57002 233.4267 lineto stroke
newpath -60.26997 235.2933 moveto
-59.92 234.70998 lineto
-59.57002 235.2933 lineto stroke
 0.16667 0 dtransform exch truncate exch idtransform pop setlinewidth
newpath -58.92 234.70998 moveto
-58.92 234.01003 lineto stroke
 0 0.16667 dtransform truncate idtransform setlinewidth pop
newpath -59.26997 233.4267 moveto
-58.92 234.01003 lineto
-58.57002 233.4267 lineto stroke
newpath -59.26997 235.2933 moveto
-58.92 234.70998 lineto
-58.57002 235.2933 lineto stroke
 0.16667 0 dtransform exch truncate exch idtransform pop setlinewidth
newpath -57.92 234.70998 moveto
-57.92 234.01003 lineto stroke
 0 0.16667 dtransform truncate idtransform setlinewidth pop
newpath -58.26997 233.4267 moveto
-57.92 234.01003 lineto
-57.57002 233.4267 lineto stroke
newpath -58.26997 235.2933 moveto
-57.92 234.70998 lineto
-57.57002 235.2933 lineto stroke
newpath -56.62744 242.59106 moveto
-62.45255 239.34894 lineto stroke
newpath -61.04439 239.56049 moveto
-62.45255 239.34894 lineto
-61.53069 240.4342 lineto
 closepath fill
newpath -61.04439 239.56049 moveto
-62.45255 239.34894 lineto
-61.53069 240.4342 lineto
 closepath stroke
newpath -14.9558 212.3957 moveto
-21.3242 210.4243 lineto stroke
newpath -19.9027 210.34096 moveto
-21.3242 210.4243 lineto
-20.19838 211.29619 lineto
 closepath fill
newpath -19.9027 210.34096 moveto
-21.3242 210.4243 lineto
-20.19838 211.29619 lineto
 closepath stroke
newpath -13.29813 196.92546 moveto
-19.52188 199.31453 lineto stroke
newpath -18.45631 198.36996 moveto
-19.52188 199.31453 lineto
-18.09798 199.3035 lineto
 closepath fill
newpath -18.45631 198.36996 moveto
-19.52188 199.31453 lineto
-18.09798 199.3035 lineto
 closepath stroke
 0 0.33333 dtransform truncate idtransform setlinewidth pop
newpath -489.27 -192.75 moveto
-490.39 -193.84 -491.1 -195.5 -491.25 -196.47 curveto
-491.41 -197.43 -490.81 -198.18 -491.74 -198.98 curveto
-492.67 -199.79 -492.54 -200.84 -493.66 -201.55 curveto
-494.79 -202.26 -497.36 -205.62 -497.9 -206.5 curveto
-498.44 -207.39 -497.97 -209.77 -499.57 -210.89 curveto
-501.16 -212 -501.95 -213.95 -501.76 -216.63 curveto
-501.57 -219.31 -497.57 -226.18 -496.94 -227.89 curveto
-496.3 -229.59 -491.47 -241.14 -491.13 -242.47 curveto
-490.79 -243.81 -489.75 -248.76 -490.49 -249.65 curveto
-491.23 -250.55 -491.46 -252 -492.52 -254.63 curveto
-493.58 -257.26 -493.11 -265.02 -489.82 -265.77 curveto
-486.52 -266.52 -478.86 -263.17 -477.17 -262.24 curveto
-475.47 -261.32 -468.41 -259.92 -466.89 -259.48 curveto
-465.37 -259.04 -460.27 -256.65 -456.61 -257 curveto
-452.94 -257.35 -450.06 -257.53 -448.84 -256.53 curveto
-447.63 -255.52 -446.93 -253.67 -444.07 -253.19 curveto
-441.2 -252.7 -430.41 -250.97 -427.67 -249.72 curveto
-424.93 -248.47 -417.45 -245.42 -414.11 -242.13 curveto
-410.77 -238.84 -408.32 -237.5 -407.35 -237.76 curveto
-406.38 -238.01 -402.32 -238.82 -399.61 -241.9 curveto
-396.91 -244.97 -392.41 -247.11 -391.73 -247.47 curveto
-391.04 -247.83 -387.09 -251.05 -385.6 -249.66 curveto
-384.11 -248.26 -383.28 -247.27 -383.18 -244.67 curveto
-383.09 -242.07 -383.28 -236.61 -382.93 -235.54 curveto stroke
newpath -382.93 -235.54 moveto
-382.93 -235.54 -383.35 -234.53 -382.98 -232.8 curveto
-382.74 -231.64 -381.74 -231.36 -379.72 -229.95 curveto
-377.71 -228.53 -375.87 -227.74 -374.9 -226.51 curveto
-373.94 -225.27 -369.81 -221 -368 -219.49 curveto
-366.18 -217.99 -365.37 -216.23 -363.39 -215.29 curveto
-361.41 -214.36 -359.14 -213.36 -357.95 -211.64 curveto
-356.76 -209.92 -351.57 -204.74 -350.7 -203.6 curveto
-349.83 -202.46 -345.79 -198.38 -345.12 -197.16 curveto
-344.44 -195.93 -340.33 -191.41 -338.83 -190.3 curveto
-337.33 -189.19 -336.74 -191.04 -334.89 -188.86 curveto
-333.05 -186.69 -331.84 -184.19 -330.75 -182.42 curveto
-329.67 -180.66 -321.56 -172.3 -320.97 -171.41 curveto
-320.38 -170.53 -317.21 -165.13 -316.69 -163.57 curveto
-316.17 -162.02 -315.61 -158.78 -315.31 -157.62 curveto
-315.02 -156.45 -315.55 -156.42 -313.84 -154.39 curveto
-312.14 -152.36 -309.17 -149.33 -308.51 -147.72 curveto
-307.85 -146.11 -306.35 -143.7 -305.01 -142.16 curveto
-303.67 -140.62 -300.49 -139.5 -299.75 -137.55 curveto
-299 -135.6 -293.8 -129.12 -292.88 -126.88 curveto
-291.95 -124.64 -286.28 -115.17 -285.56 -114.04 curveto
-284.83 -112.91 -280.16 -105.1 -279.76 -102.93 curveto
-279.36 -100.75 -277.67 -99.49 -276.39 -99.16 curveto
-275.1 -98.82 -268.42 -98.97 -265.83 -97.53 curveto
-263.24 -96.09 -260.68 -95.14 -259.06 -94.79 curveto
-257.44 -94.45 -253.26 -92.95 -251.87 -91.51 curveto
-250.48 -90.07 -247.63 -89.39 -246.79 -85.95 curveto
-245.95 -82.51 -245.32 -81.38 -243.84 -79.69 curveto
-242.36 -78.01 -238.04 -73.91 -236.39 -71.69 curveto
-234.74 -69.47 -233.94 -67.81 -233.52 -66.17 curveto
-233.09 -64.52 -230.65 -58.91 -230.23 -57.36 curveto
-229.8 -55.8 -230.06 -55.48 -228.16 -53.49 curveto
-226.26 -51.5 -221.33 -44.41 -220.96 -42.57 curveto
-220.6 -40.73 -219.77 -38.16 -218.89 -37.31 curveto
-218.01 -36.47 -214.57 -33.41 -212.87 -29.7 curveto
-211.18 -25.99 -210.3 -26.49 -208.33 -23.64 curveto
-206.37 -20.78 -205.24 -18.68 -204.27 -17.63 curveto
-203.3 -16.59 -202.59 -15.12 -201.62 -15.19 curveto
-200.66 -15.25 -197.79 -12.26 -196.78 -10.79 curveto
-195.78 -9.31 -193.83 -3.43 -193.17 -2.92 curveto
-192.52 -2.42 -188.56 3.82 -187.85 5.39 curveto
-187.14 6.95 -185.93 8.1 -185.11 10.58 curveto
-184.28 13.05 -181.12 17.25 -180.05 19.55 curveto
-178.98 21.84 -178.68 22.81 -177.53 24.44 curveto
-176.39 26.07 -176.03 26.7 -175.17 28.17 curveto
-174.31 29.65 -172.26 29.96 -172.04 30.69 curveto
-171.83 31.42 -169.12 34.83 -168.82 35.85 curveto
-168.52 36.87 -169.11 38.53 -167.25 40.27 curveto
-165.39 42.02 -164.42 41.86 -162.16 44.35 curveto
-159.89 46.83 -158.77 47.73 -156.49 49.74 curveto
-154.21 51.74 -153.91 54.11 -151.64 56.44 curveto
-149.37 58.78 -149.25 58.11 -148.23 60.41 curveto
-147.21 62.7 -146.66 63.59 -144.59 64.67 curveto
-142.51 65.75 -141.77 66.36 -140.6 68.51 curveto stroke
newpath -140.6 68.51 moveto
-140.6 68.51 -140.3 71.02 -137.17 72.09 curveto
-134.04 73.16 -132.81 71 -131.71 72.38 curveto
-130.6 73.77 -129.76 74.47 -129.35 76.4 curveto
-128.94 78.34 -128.55 80.85 -127.82 81.84 curveto
-127.08 82.83 -123.15 85.65 -122.26 87.61 curveto
-121.37 89.56 -121.44 94.26 -120.34 95.74 curveto
-119.24 97.22 -118.31 98.12 -116.5 98.38 curveto
-114.68 98.64 -114.11 96.26 -113.88 95.01 curveto
-113.64 93.77 -111.61 82.61 -111.18 81.47 curveto
-110.76 80.33 -110.21 70.36 -111.04 66.78 curveto
-111.87 63.2 -110.93 61.12 -110.84 58.43 curveto
-110.74 55.74 -111.62 51.01 -108.32 50.07 curveto
-105.02 49.13 -101.72 50.78 -100.39 53.9 curveto
-99.06 57.02 -96.37 67.78 -95.66 72.03 curveto
-94.95 76.29 -94.05 88.61 -94.01 92.94 curveto
-93.98 97.26 -92.88 112.29 -92.59 117.58 curveto
-92.3 122.87 -90.45 130.53 -88.18 134.26 curveto
-85.92 137.99 -82.83 145.88 -83.43 149.22 curveto
-84.03 152.57 -82.38 154.83 -81.49 156.88 curveto
-80.6 158.93 -78.38 161.22 -78.37 163.63 curveto
-78.36 166.03 -76.84 168.97 -75.62 172.56 curveto
-74.41 176.16 -72.45 177.86 -69.9 179.11 curveto
-67.36 180.35 -58.12 182.6 -56.86 182.17 curveto
-55.59 181.73 -54.34 181.58 -53.89 179.97 curveto
-53.45 178.35 -54.66 174.66 -55.2 173.58 curveto
-55.74 172.51 -57.91 168.87 -56.74 165.75 curveto
-55.57 162.62 -56.43 162.4 -57.53 160.82 curveto
-58.62 159.24 -59.24 157.68 -59.27 155.86 curveto
-59.3 154.03 -58.77 152.71 -59.19 150.87 curveto
-59.6 149.03 -61.94 147.21 -61.33 143.68 curveto
-60.72 140.15 -60.96 133.32 -58.76 128.11 curveto
-56.56 122.91 -54.99 116.72 -55.79 114.87 curveto
-56.59 113.01 -57.73 112.78 -57.8 109.42 curveto
-57.87 106.05 -60.81 102.2 -59.76 97.15 curveto
-58.72 92.09 -56.98 83.8 -56.88 80.92 curveto
-56.78 78.04 -57.74 67.34 -58.79 64.61 curveto
-59.85 61.88 -59.75 56.41 -60.85 52.43 curveto
-61.96 48.45 -63.36 42.16 -64.59 38.85 curveto
-65.82 35.54 -64.97 33.36 -65.22 26.92 curveto
-65.47 20.48 -67.04 16.1 -67.02 12.74 curveto
-67 9.38 -68.51 6.06 -69.24 2.38 curveto
-69.98 -1.29 -69.99 -3.7 -70 -6.1 curveto
-70.01 -8.5 -68.68 -10.66 -71.88 -12.6 curveto
-75.08 -14.54 -74.84 -15.68 -78.19 -15.99 curveto stroke
newpath -79.48 -36.4 moveto
-79.48 -36.4 -75.6 -34.82 -71.68 -34.3 curveto
-67.76 -33.77 -66.31 -34.11 -59.14 -33.27 curveto
-51.96 -32.44 -34.17 -30.56 -30.43 -30.52 curveto
-26.68 -30.49 -14.58 -27.76 -12.13 -26.42 curveto
-9.68 -25.09 -1.34 -16.63 0.08 -13.22 curveto
1.49 -9.8 9.77 3.17 11.4 6.21 curveto
13.02 9.25 15.29 12.78 17.92 14.61 curveto
20.55 16.43 21.64 15.51 24.03 15.79 curveto
26.42 16.06 33.92 18.64 36.36 20.36 curveto
38.79 22.08 40.86 23.31 44 24.19 curveto
47.14 25.07 46.96 24.78 48.92 23.69 curveto
50.88 22.61 51.52 20.71 53.7 16.28 curveto
55.88 11.84 57.05 8.62 57.2 6.99 curveto
57.36 5.36 56.09 3.2 55.52 0.49 curveto
54.94 -2.22 52.31 -9.13 53.46 -11.68 curveto
54.6 -14.24 55.62 -18.52 57.02 -20.01 curveto
58.42 -21.49 62.25 -23.85 65.27 -19.71 curveto
68.29 -15.57 73.97 -10.46 75.32 -7.92 curveto
76.67 -5.37 80.17 -1.31 81.49 1.91 curveto
82.82 5.13 83.4 10.43 84.84 12.98 curveto
86.29 15.53 87.64 20.67 88.9 22.83 curveto
90.17 24.99 91.16 26.75 93.65 27.03 curveto
96.13 27.31 102.97 26.98 104.7 29.44 curveto
106.44 31.91 110.77 34.37 113.37 34.17 curveto
115.97 33.98 129.94 35.63 133.75 39.32 curveto
137.55 43.01 141.91 44.8 144.14 44.21 curveto
146.37 43.61 152.91 40.77 154.08 40.14 curveto
155.26 39.51 157.74 37.39 160.03 35.17 curveto
162.32 32.94 163.82 31.36 164.73 30.15 curveto
165.63 28.93 171.31 23.37 175.49 21.98 curveto
179.67 20.6 186.64 16.52 190.39 16.46 curveto
194.13 16.41 195.26 17.02 197.1 16.61 curveto
198.94 16.19 200.48 16.25 202.34 15.26 curveto
204.2 14.27 204.55 15.34 205.5 12.97 curveto
206.45 10.6 207.08 8.9 207.08 8.9 curveto stroke
newpath 177.78 83.93 moveto
177.78 83.93 178.27 81.17 179.64 80.45 curveto
181.01 79.73 180.97 78.09 185.38 78.44 curveto
189.78 78.79 195.4 80.14 197.14 82.6 curveto
198.88 85.07 204.1 89.57 205.44 92.31 curveto
206.78 95.05 208.83 96.76 211.52 99.64 curveto
214.2 102.52 216.92 106.94 218.53 110.26 curveto
220.14 113.59 219.65 116.64 221.15 120.44 curveto
222.65 124.24 225.64 126.56 227.9 127.79 curveto
230.16 129.02 235.94 128.65 237.62 127.18 curveto
239.31 125.7 243.41 121.04 246.84 119.34 curveto
250.26 117.64 253.31 115.54 255.41 115.9 curveto
257.51 116.26 257.22 116.25 259.45 118.35 curveto
261.69 120.45 265.04 123.36 270.18 124.89 curveto
275.31 126.42 282.23 126.47 285.13 126.09 curveto
288.02 125.72 290.73 127.93 293.67 123.71 curveto
296.6 119.49 295.68 118.3 299.18 114.39 curveto
302.68 110.48 305.7 106.64 307.6 104.41 curveto
309.5 102.17 311.41 99.93 314.74 97.94 curveto
318.08 95.94 324.3 91.08 328.1 89.77 curveto
331.89 88.47 337.09 87.98 338.46 87.46 curveto
339.82 86.93 340.27 85.12 342.56 85.59 curveto
344.85 86.05 347.03 86.71 349.33 86.89 curveto
351.63 87.07 358.45 87.21 361.87 90.99 curveto
365.29 94.76 373.41 103.98 374.46 106.99 curveto
375.5 110.01 379.45 115.15 382.41 118.42 curveto
385.36 121.7 389.92 125.89 391.29 125.27 curveto
392.65 124.65 391.76 122.69 393.45 123.91 curveto
395.13 125.12 397.78 126.18 398.28 128.5 curveto
398.77 130.82 399.3 132.19 398.87 133.42 curveto
398.44 134.65 396.16 136.68 398.05 140.31 curveto
399.93 143.93 401.6 145.81 404.55 143.9 curveto
407.5 141.99 410.47 139.5 411.06 139.04 curveto
411.65 138.58 413.23 137.39 414.29 139.93 curveto
415.36 142.46 415.66 144.68 417.39 144.74 curveto
419.11 144.81 421.17 146.42 420.86 149.77 curveto stroke
newpath 218.14 14.09 moveto
218.18 15.54 218.08 21.01 219.51 24.04 curveto
220.94 27.07 224.3 32.47 226.28 33.4 curveto
228.27 34.34 232.89 36.71 235.04 38.33 curveto
237.19 39.94 242.02 44.72 244.58 50.87 curveto
247.15 57.01 251.8 69.28 252.51 70.94 curveto
253.22 72.6 252.57 74.59 253.05 74.8 curveto
253.52 75.01 259.95 72.36 267.57 79.45 curveto
275.19 86.54 277.67 87.11 278.6 87.91 curveto
279.54 88.71 281.13 92.42 281.91 92.16 curveto
282.69 91.9 282.83 90.75 283.75 91.74 curveto
284.68 92.74 285.71 94.79 286.31 95.39 curveto
286.92 95.99 287.89 98.33 288.52 96.77 curveto
289.15 95.21 290.92 91.47 291.5 89.96 curveto
292.08 88.44 298 69.3 298.07 67.28 curveto
298.14 65.27 302.77 45.93 306.36 42.22 curveto
309.95 38.5 321.2 24.59 322.58 23.87 curveto
323.95 23.16 333.76 14.76 338.92 18.21 curveto
344.07 21.66 351.95 29.73 353.29 32.56 curveto
354.63 35.39 362.63 50.86 364 55.52 curveto
365.37 60.18 366.52 68.29 368.57 70.09 curveto
370.62 71.89 376.13 76.51 377.59 81.36 curveto
379.04 86.22 380.25 90.1 384.36 93.42 curveto
388.47 96.74 392.23 98.99 393.58 101.43 curveto
394.93 103.88 398.37 109.77 399.55 111.64 curveto
400.74 113.51 403.72 115.92 405.15 113.57 curveto
406.58 111.22 407.03 106.82 407.58 104.91 curveto
408.12 103.01 410.03 100.68 413.73 102.16 curveto
417.42 103.63 427.73 102.85 427.2 106.77 curveto
426.68 110.69 425.11 111.59 425.55 115.45 curveto
425.98 119.31 427.1 123 429.25 124.61 curveto
431.4 126.23 432.18 125.97 435.03 126.84 curveto stroke
 0 0.16667 dtransform truncate idtransform setlinewidth pop
newpath 457.33 153.19 moveto
457.82317 152.27727 457.15228 151.17053 456.11348 151.18364 curveto stroke
newpath 456.11348 151.18364 moveto
456.7408 150.0647 455.26099 148.92155 454.30591 149.85468 curveto stroke
newpath 454.30591 149.85468 moveto
454.03471 148.79337 452.63805 148.53954 451.99933 149.44157 curveto stroke
newpath 451.99933 149.44157 moveto
451.57582 148.5207 450.24878 148.48889 449.6547 149.41304 curveto stroke
newpath 449.6547 149.41304 moveto
449.20102 148.5327 448.00801 148.37448 447.332 149.10344 curveto stroke
newpath 447.332 149.10344 moveto
447.06235 148.23004 446.07634 147.81003 445.2093 148.15424 curveto stroke
newpath 445.2093 148.15424 moveto
445.35518 147.1599 444.54439 146.29181 443.5939 146.45712 curveto stroke
newpath 443.5939 146.45712 moveto
443.95872 145.462 443.09956 144.45393 442.07507 144.66884 curveto stroke
newpath 442.07507 144.66884 moveto
442.43079 143.58391 441.35143 142.60722 440.36134 143.07455 curveto stroke
newpath 440.36134 143.07455 moveto
440.44598 142.05217 439.32108 141.35246 438.3602 141.85045 curveto stroke
newpath 438.3602 141.85045 moveto
438.40662 140.8295 437.41165 140.08755 436.47896 140.4509 curveto stroke
newpath 436.47896 140.4509 moveto
436.65741 139.28693 435.28992 138.55011 434.44011 139.3277 curveto stroke
newpath 434.44011 139.3277 moveto
434.2092 138.2826 432.88348 137.9439 432.16661 138.75143 curveto stroke
newpath 432.16661 138.75143 moveto
431.8629 137.83861 429.90198 138.57205 430.64233 140.49597 curveto stroke
newpath 430.64233 140.49597 moveto
429.64232 140.33844 428.85016 141.35129 429.20175 142.34749 curveto stroke
newpath 429.20175 142.34749 moveto
428.18797 142.15846 427.32545 143.08688 427.60466 144.06593 curveto stroke
newpath 427.60466 144.06593 moveto
426.55417 143.80241 425.6432 144.81355 426.02733 145.80138 curveto stroke
newpath 426.02733 145.80138 moveto
424.98817 145.64143 424.17972 146.69136 424.59698 147.66121 curveto stroke
newpath 424.59698 147.66121 moveto
423.55719 147.53867 422.78137 148.59834 423.21123 149.55464 curveto stroke
newpath 423.21123 149.55464 moveto
422.0945 149.44127 421.3421 150.6268 421.92732 151.51564 curveto stroke
newpath 421.92732 151.51564 moveto
420.95084 151.57298 420.20834 152.41595 420.44 153.31 curveto stroke
newpath 420.44 153.31 moveto
420.44 153.31 lineto stroke
newpath 446.82 148.97 moveto
445.56967 148.76085 444.73517 150.17784 445.50716 151.11813 curveto stroke
newpath 445.50716 151.11813 moveto
444.55927 151.27484 444.04053 152.28595 444.22955 153.28151 curveto stroke
newpath 444.22955 153.28151 moveto
443.17305 152.91257 442.05902 153.59464 442.08755 154.62851 curveto stroke
newpath 442.08755 154.62851 moveto
441.11104 154.10008 439.9231 154.8179 439.9199 155.94012 curveto stroke
newpath 439.9199 155.94012 moveto
438.54977 155.14389 437.2537 156.27162 437.73665 157.18848 curveto stroke
newpath 437.73665 157.18848 moveto
436.75746 157.15048 436.0077 158.04062 436.09 159.05 curveto stroke
newpath 436.09 159.05 moveto
436.09 159.05 lineto stroke
newpath 511.68 165.9733 moveto
511.68 164.14003 lineto
511.18002 163.3067 lineto stroke
newpath 511.68 164.14003 moveto
512.17996 163.3067 lineto stroke
newpath 513.93 170.2833 moveto
513.93 168.45003 lineto
513.43002 167.6167 lineto stroke
newpath 513.93 168.45003 moveto
514.42996 167.6167 lineto stroke
newpath 517.91 166.5833 moveto
517.91 164.75003 lineto
517.41003 163.9167 lineto stroke
newpath 517.91 164.75003 moveto
518.40997 163.9167 lineto stroke
 0 0.11667 dtransform truncate idtransform setlinewidth pop
newpath 432.28 157.96 moveto
432.84454 158.31454 lineto stroke
newpath 432.73325 157.22473 moveto
433.30602 157.56584 lineto stroke
newpath 433.1683 156.47871 moveto
433.74832 156.80733 lineto stroke
newpath 433.58928 155.72455 moveto
434.17276 156.047 lineto stroke
newpath 434.01208 154.97139 moveto
434.58809 155.30699 lineto stroke
newpath 434.47644 154.2436 moveto
435.01886 154.63115 lineto stroke
newpath 435.03539 153.5865 moveto
435.50839 154.05626 lineto stroke
newpath 435.69592 153.03133 moveto
436.09035 153.56876 lineto stroke
newpath 436.40926 152.54475 moveto
436.76422 153.10904 lineto stroke
newpath 437.15149 152.10329 moveto
437.48076 152.68295 lineto stroke
newpath 437.89838 151.66946 moveto
438.25 152.23582 lineto stroke
newpath 438.59525 151.16078 moveto
439.02927 151.66678 lineto stroke
newpath 439.21574 150.5604 moveto
439.66946 151.04881 lineto stroke
newpath 439.86052 149.98581 moveto
440.29416 150.49214 lineto stroke
newpath 440.52258 149.43124 moveto
440.94533 149.9467 lineto stroke
newpath 441.19464 148.8887 moveto
441.60977 149.41031 lineto stroke
newpath 441.87405 148.35547 moveto
442.28229 148.88249 lineto stroke
newpath 442.60793 147.90314 moveto
442.93716 148.4828 lineto stroke
newpath 443.3589 147.4766 moveto
443.68814 148.05626 lineto stroke
newpath 444.10995 147.05005 moveto
444.4392 147.62971 lineto stroke
 0 0.16667 dtransform truncate idtransform setlinewidth pop
newpath 432.28 157.96 moveto
434.01 155.23 434.15 154.18 435.63 153.08 curveto
437.11 151.98 437.98 151.82 438.88 150.89 curveto
439.77 149.96 442.05 148.22 442.05 148.22 curveto
444.11 147.05 lineto stroke
newpath -483.95905 -256.30177 moveto
-479.42096 -251.41823 lineto stroke
newpath -480.69482 -252.05458 moveto
-479.42096 -251.41823 lineto
-479.96231 -252.73528 lineto
 closepath fill
newpath -480.69482 -252.05458 moveto
-479.42096 -251.41823 lineto
-479.96231 -252.73528 lineto
 closepath stroke
newpath -418.76462 -251.64621 moveto
-419.0156 -251.76112 -418.90799 -252.22432 -419.20425 -252.2874 curveto
-419.58867 -252.36926 -419.59818 -251.49022 -420.03354 -251.67728 curveto
-420.506 -251.88028 -419.80623 -252.48392 -420.09961 -252.73401 curveto
-420.42882 -253.01466 -420.67372 -252.40144 -420.99715 -252.37505 curveto
-421.39098 -252.3429 -421.47278 -252.88608 -421.79538 -253.03378 curveto stroke
newpath -421.49837 -252.2585 moveto
-421.64528 -252.46948 -421.60887 -252.83308 -421.79538 -253.03378 curveto
-421.52159 -253.02373 -421.29022 -252.7409 -421.03716 -252.6956 curveto
 closepath stroke
newpath -421.49837 -252.2585 moveto
-421.64528 -252.46948 -421.60887 -252.83308 -421.79538 -253.03378 curveto
-421.52159 -253.02373 -421.29022 -252.7409 -421.03716 -252.6956 curveto
 closepath fill
 0 0.33333 dtransform truncate idtransform setlinewidth pop
newpath -470.74 -192.56 moveto
-470.68 -194.29 -469.39 -195.59 -469.79 -197.62 curveto
-470.2 -199.65 -471.25 -204.72 -472.23 -207.12 curveto
-473.56 -210.33 -474.07 -211.89 -472.64 -214.24 curveto
-471.21 -216.6 -467.38 -218.87 -467.38 -218.87 curveto
-467.38 -218.87 -462.02 -220.98 -461.3 -222.4 curveto
-460.58 -223.81 -459.43 -226.37 -458.08 -226.7 curveto
-456.72 -227.04 -455.36 -227.57 -454.48 -227.87 curveto
-453.61 -228.18 -451.11 -230.78 -449.65 -229.95 curveto
-448.19 -229.13 -447.02 -229.62 -446.37 -227.82 curveto
-445.71 -226.02 -446.03 -225.22 -445.28 -224.57 curveto
-444.54 -223.91 -443.75 -223.02 -443.09 -224.2 curveto
-442.42 -225.37 -442.21 -227.19 -441.63 -227.27 curveto
-441.05 -227.34 -439.06 -229.43 -438.36 -228.68 curveto
-437.67 -227.94 -434.86 -224.48 -433.73 -221.27 curveto
-432.59 -218.06 -431.14 -214.31 -431.45 -212.35 curveto
-431.76 -210.39 -431.78 -207.17 -431.75 -204.2 curveto
-431.71 -201.22 -432.54 -200.72 -431.14 -199.61 curveto
-429.74 -198.5 -430.66 -198.3 -426.58 -198.15 curveto
-422.51 -198.01 -419.36 -198.76 -418.71 -199.26 curveto
-418.07 -199.77 -410.32 -200.26 -409.55 -200.42 curveto
-408.77 -200.59 -397.06 -201.9 -396.13 -202.2 curveto
-395.21 -202.5 -391.27 -202.55 -389.88 -203.9 curveto
-388.48 -205.24 -384.63 -208.18 -383.66 -208.43 curveto
-382.69 -208.68 -377.47 -210.94 -374.78 -209.6 curveto
-372.1 -208.26 -367.95 -204.6 -367.62 -204.35 curveto
-367.3 -204.1 -365.99 -204.29 -360.83 -198.39 curveto
-355.66 -192.49 -353.49 -189.87 -353.43 -188.91 curveto
-353.37 -187.94 -354.17 -185.67 -351.84 -182.56 curveto
-349.5 -179.45 -343.2 -172.88 -342.21 -171.12 curveto
-341.21 -169.35 -339.28 -166.93 -338.34 -163.77 curveto
-337.4 -160.62 -337.94 -160.2 -335.51 -158.29 curveto
-333.08 -156.38 -329.38 -153.8 -328.44 -151.98 curveto
-327.49 -150.17 -326.8 -148.13 -326.23 -146.43 curveto
-325.67 -144.73 -322.99 -141.89 -322.58 -141.11 curveto
-322.18 -140.32 -318.5 -136.88 -318.23 -135.09 curveto
-317.96 -133.3 -317.55 -132.57 -317.17 -131.07 curveto
-316.79 -129.56 -315.57 -124.96 -314.33 -123.28 curveto
-313.09 -121.6 -307.95 -116.42 -307.23 -114.91 curveto
-306.52 -113.39 -300.39 -104.91 -299.21 -103 curveto
-298.03 -101.08 -294.3 -96.53 -293.16 -94.81 curveto stroke
 0 0.11667 dtransform truncate idtransform setlinewidth pop
newpath -504.56664 -153.49 moveto
-503.23335 -153.49 lineto stroke
 0.11667 0 dtransform exch truncate exch idtransform pop setlinewidth
newpath -503.9 -154.15665 moveto
-503.9 -152.82336 lineto stroke
 0.00002 0.00018 0.00008 setrgbcolor
newpath -503.63332 -153.49 moveto
-503.63332 -153.41928 -503.66142 -153.35146 -503.71144 -153.30145 curveto
-503.76144 -153.25143 -503.82927 -153.22333 -503.9 -153.22333 curveto
-503.97072 -153.22333 -504.03854 -153.25143 -504.08855 -153.30145 curveto
-504.13857 -153.35146 -504.16667 -153.41928 -504.16667 -153.49 curveto
-504.16667 -153.56073 -504.13857 -153.62856 -504.08855 -153.67856 curveto
-504.03854 -153.72858 -503.97072 -153.75668 -503.9 -153.75668 curveto
-503.82927 -153.75668 -503.76144 -153.72858 -503.71144 -153.67856 curveto
-503.66142 -153.62856 -503.63332 -153.56073 -503.63332 -153.49 curveto
 closepath fill
 0 0 0 setrgbcolor 0 0.16667 dtransform truncate idtransform setlinewidth pop
newpath -503.9 -153.49 moveto 0 0 rlineto stroke
 0 0.11667 dtransform truncate idtransform setlinewidth pop
newpath -483.86664 -194.5 moveto
-482.53336 -194.5 lineto stroke
 0.11667 0 dtransform exch truncate exch idtransform pop setlinewidth
newpath -483.2 -195.16664 moveto
-483.2 -193.83336 lineto stroke
 0.00002 0.00018 0.00008 setrgbcolor
newpath -482.93332 -194.5 moveto
-482.93332 -194.42928 -482.96143 -194.36145 -483.01144 -194.31145 curveto
-483.06145 -194.26143 -483.12927 -194.23332 -483.2 -194.23332 curveto
-483.27072 -194.23332 -483.33855 -194.26143 -483.38855 -194.31145 curveto
-483.43857 -194.36145 -483.46667 -194.42928 -483.46667 -194.5 curveto
-483.46667 -194.57072 -483.43857 -194.63855 -483.38855 -194.68855 curveto
-483.33855 -194.73857 -483.27072 -194.76668 -483.2 -194.76668 curveto
-483.12927 -194.76668 -483.06145 -194.73857 -483.01144 -194.68855 curveto
-482.96143 -194.63855 -482.93332 -194.57072 -482.93332 -194.5 curveto closepath
 fill
 0 0 0 setrgbcolor 0 0.16667 dtransform truncate idtransform setlinewidth pop
newpath -483.2 -194.5 moveto 0 0 rlineto stroke
 0 0.11667 dtransform truncate idtransform setlinewidth pop
newpath -483.30664 -223.88 moveto
-481.97336 -223.88 lineto stroke
 0.11667 0 dtransform exch truncate exch idtransform pop setlinewidth
newpath -482.64 -224.54665 moveto
-482.64 -223.21336 lineto stroke
 0.00002 0.00018 0.00008 setrgbcolor
newpath -482.37332 -223.88 moveto
-482.37332 -223.80928 -482.40143 -223.74146 -482.45145 -223.69145 curveto
-482.50145 -223.64143 -482.56927 -223.61333 -482.64 -223.61333 curveto
-482.71072 -223.61333 -482.77855 -223.64143 -482.82855 -223.69145 curveto
-482.87857 -223.74146 -482.90668 -223.80928 -482.90668 -223.88 curveto
-482.90668 -223.95073 -482.87857 -224.01855 -482.82855 -224.06856 curveto
-482.77855 -224.11858 -482.71072 -224.14668 -482.64 -224.14668 curveto
-482.56927 -224.14668 -482.50145 -224.11858 -482.45145 -224.06856 curveto
-482.40143 -224.01855 -482.37332 -223.95073 -482.37332 -223.88 curveto
 closepath fill
 0 0 0 setrgbcolor 0 0.16667 dtransform truncate idtransform setlinewidth pop
newpath -482.64 -223.88 moveto 0 0 rlineto stroke
 0 0.11667 dtransform truncate idtransform setlinewidth pop
newpath -459.33664 -228.55 moveto
-458.00336 -228.55 lineto stroke
 0.11667 0 dtransform exch truncate exch idtransform pop setlinewidth
newpath -458.67 -229.21664 moveto
-458.67 -227.88336 lineto stroke
 0.00002 0.00018 0.00008 setrgbcolor
newpath -458.40332 -228.55 moveto
-458.40332 -228.47928 -458.43143 -228.41145 -458.48145 -228.36145 curveto
-458.53145 -228.31143 -458.59927 -228.28333 -458.67 -228.28333 curveto
-458.74072 -228.28333 -458.80855 -228.31143 -458.85855 -228.36145 curveto
-458.90857 -228.41145 -458.93668 -228.47928 -458.93668 -228.55 curveto
-458.93668 -228.62073 -458.90857 -228.68855 -458.85855 -228.73856 curveto
-458.80855 -228.78857 -458.74072 -228.81668 -458.67 -228.81668 curveto
-458.59927 -228.81668 -458.53145 -228.78857 -458.48145 -228.73856 curveto
-458.43143 -228.68855 -458.40332 -228.62073 -458.40332 -228.55 curveto
 closepath fill
 0 0 0 setrgbcolor 0 0.16667 dtransform truncate idtransform setlinewidth pop
newpath -458.67 -228.55 moveto 0 0 rlineto stroke
 0 0.11667 dtransform truncate idtransform setlinewidth pop
newpath -445.27664 -245.98 moveto
-443.94336 -245.98 lineto stroke
 0.11667 0 dtransform exch truncate exch idtransform pop setlinewidth
newpath -444.61 -246.64664 moveto
-444.61 -245.31335 lineto stroke
 0.00002 0.00018 0.00008 setrgbcolor
newpath -444.34332 -245.98 moveto
-444.34332 -245.90927 -444.37143 -245.84145 -444.42145 -245.79144 curveto
-444.47145 -245.74142 -444.53928 -245.71332 -444.61 -245.71332 curveto
-444.68073 -245.71332 -444.74855 -245.74142 -444.79855 -245.79144 curveto
-444.84857 -245.84145 -444.87668 -245.90927 -444.87668 -245.98 curveto
-444.87668 -246.05072 -444.84857 -246.11855 -444.79855 -246.16855 curveto
-444.74855 -246.21857 -444.68073 -246.24667 -444.61 -246.24667 curveto
-444.53928 -246.24667 -444.47145 -246.21857 -444.42145 -246.16855 curveto
-444.37143 -246.11855 -444.34332 -246.05072 -444.34332 -245.98 curveto
 closepath fill
 0 0 0 setrgbcolor 0 0.16667 dtransform truncate idtransform setlinewidth pop
newpath -444.61 -245.98 moveto 0 0 rlineto stroke
 0 0.11667 dtransform truncate idtransform setlinewidth pop
newpath -412.61664 -223.75 moveto
-411.28336 -223.75 lineto stroke
 0.11667 0 dtransform exch truncate exch idtransform pop setlinewidth
newpath -411.95 -224.41664 moveto
-411.95 -223.08336 lineto stroke
 0.00002 0.00018 0.00008 setrgbcolor
newpath -411.68332 -223.75 moveto
-411.68332 -223.67928 -411.71143 -223.61145 -411.76144 -223.56145 curveto
-411.81145 -223.51143 -411.87927 -223.48332 -411.95 -223.48332 curveto
-412.02072 -223.48332 -412.08855 -223.51143 -412.13855 -223.56145 curveto
-412.18857 -223.61145 -412.21667 -223.67928 -412.21667 -223.75 curveto
-412.21667 -223.82072 -412.18857 -223.88855 -412.13855 -223.93855 curveto
-412.08855 -223.98857 -412.02072 -224.01668 -411.95 -224.01668 curveto
-411.87927 -224.01668 -411.81145 -223.98857 -411.76144 -223.93855 curveto
-411.71143 -223.88855 -411.68332 -223.82072 -411.68332 -223.75 curveto
 closepath fill
 0 0 0 setrgbcolor 0 0.16667 dtransform truncate idtransform setlinewidth pop
newpath -411.95 -223.75 moveto 0 0 rlineto stroke
 0 0.11667 dtransform truncate idtransform setlinewidth pop
newpath -385.86664 -232.47 moveto
-384.53336 -232.47 lineto stroke
 0.11667 0 dtransform exch truncate exch idtransform pop setlinewidth
newpath -385.2 -233.13664 moveto
-385.2 -231.80336 lineto stroke
 0.00002 0.00018 0.00008 setrgbcolor
newpath -384.93332 -232.47 moveto
-384.93332 -232.39928 -384.96143 -232.33145 -385.01144 -232.28145 curveto
-385.06145 -232.23143 -385.12927 -232.20332 -385.2 -232.20332 curveto
-385.27072 -232.20332 -385.33855 -232.23143 -385.38855 -232.28145 curveto
-385.43857 -232.33145 -385.46667 -232.39928 -385.46667 -232.47 curveto
-385.46667 -232.54073 -385.43857 -232.60855 -385.38855 -232.65855 curveto
-385.33855 -232.70857 -385.27072 -232.73668 -385.2 -232.73668 curveto
-385.12927 -232.73668 -385.06145 -232.70857 -385.01144 -232.65855 curveto
-384.96143 -232.60855 -384.93332 -232.54073 -384.93332 -232.47 curveto
 closepath fill
 0 0 0 setrgbcolor 0 0.16667 dtransform truncate idtransform setlinewidth pop
newpath -385.2 -232.47 moveto 0 0 rlineto stroke
 0 0.11667 dtransform truncate idtransform setlinewidth pop
newpath -359.78664 -196.39 moveto
-358.45335 -196.39 lineto stroke
 0.11667 0 dtransform exch truncate exch idtransform pop setlinewidth
newpath -359.12 -197.05664 moveto
-359.12 -195.72336 lineto stroke
 0.00002 0.00018 0.00008 setrgbcolor
newpath -358.85332 -196.39 moveto
-358.85332 -196.31927 -358.88142 -196.25145 -358.93144 -196.20145 curveto
-358.98145 -196.15143 -359.04927 -196.12332 -359.12 -196.12332 curveto
-359.19072 -196.12332 -359.25854 -196.15143 -359.30855 -196.20145 curveto
-359.35857 -196.25145 -359.38667 -196.31927 -359.38667 -196.39 curveto
-359.38667 -196.46072 -359.35857 -196.52855 -359.30855 -196.57855 curveto
-359.25854 -196.62857 -359.19072 -196.65668 -359.12 -196.65668 curveto
-359.04927 -196.65668 -358.98145 -196.62857 -358.93144 -196.57855 curveto
-358.88142 -196.52855 -358.85332 -196.46072 -358.85332 -196.39 curveto
 closepath fill
 0 0 0 setrgbcolor 0 0.16667 dtransform truncate idtransform setlinewidth pop
newpath -359.12 -196.39 moveto 0 0 rlineto stroke
 0 0.11667 dtransform truncate idtransform setlinewidth pop
newpath -316.55664 -155.39 moveto
-315.22336 -155.39 lineto stroke
 0.11667 0 dtransform exch truncate exch idtransform pop setlinewidth
newpath -315.89 -156.05664 moveto
-315.89 -154.72336 lineto stroke
 0.00002 0.00018 0.00008 setrgbcolor
newpath -315.62332 -155.39 moveto
-315.62332 -155.31927 -315.65143 -155.25145 -315.70145 -155.20145 curveto
-315.75145 -155.15143 -315.81927 -155.12332 -315.89 -155.12332 curveto
-315.96072 -155.12332 -316.02855 -155.15143 -316.07855 -155.20145 curveto
-316.12857 -155.25145 -316.15668 -155.31927 -316.15668 -155.39 curveto
-316.15668 -155.46072 -316.12857 -155.52855 -316.07855 -155.57855 curveto
-316.02855 -155.62857 -315.96072 -155.65668 -315.89 -155.65668 curveto
-315.81927 -155.65668 -315.75145 -155.62857 -315.70145 -155.57855 curveto
-315.65143 -155.52855 -315.62332 -155.46072 -315.62332 -155.39 curveto
 closepath fill
 0 0 0 setrgbcolor 0 0.16667 dtransform truncate idtransform setlinewidth pop
newpath -315.89 -155.39 moveto 0 0 rlineto stroke
 0 0.11667 dtransform truncate idtransform setlinewidth pop
newpath -314.79665 -135.29 moveto
-313.46336 -135.29 lineto stroke
 0.11667 0 dtransform exch truncate exch idtransform pop setlinewidth
newpath -314.13 -135.95663 moveto
-314.13 -134.62335 lineto stroke
 0.00002 0.00018 0.00008 setrgbcolor
newpath -313.86333 -135.29 moveto
-313.86333 -135.21927 -313.89143 -135.15144 -313.94145 -135.10144 curveto
-313.99146 -135.05142 -314.05928 -135.02332 -314.13 -135.02332 curveto
-314.20073 -135.02332 -314.26855 -135.05142 -314.31856 -135.10144 curveto
-314.36858 -135.15144 -314.39668 -135.21927 -314.39668 -135.29 curveto
-314.39668 -135.36072 -314.36858 -135.42854 -314.31856 -135.47855 curveto
-314.26855 -135.52856 -314.20073 -135.55667 -314.13 -135.55667 curveto
-314.05928 -135.55667 -313.99146 -135.52856 -313.94145 -135.47855 curveto
-313.89143 -135.42854 -313.86333 -135.36072 -313.86333 -135.29 curveto
 closepath fill
 0 0 0 setrgbcolor 0 0.16667 dtransform truncate idtransform setlinewidth pop
newpath -314.13 -135.29 moveto 0 0 rlineto stroke
 0 0.11667 dtransform truncate idtransform setlinewidth pop
newpath -282.78664 -94.98 moveto
-281.45335 -94.98 lineto stroke
 0.11667 0 dtransform exch truncate exch idtransform pop setlinewidth
newpath -282.12 -95.64664 moveto
-282.12 -94.31335 lineto stroke
 0.00002 0.00018 0.00008 setrgbcolor
newpath -281.85332 -94.98 moveto
-281.85332 -94.90927 -281.88142 -94.84145 -281.93144 -94.79144 curveto
-281.98145 -94.74142 -282.04927 -94.71332 -282.12 -94.71332 curveto
-282.19072 -94.71332 -282.25854 -94.74142 -282.30855 -94.79144 curveto
-282.35857 -94.84145 -282.38667 -94.90927 -282.38667 -94.98 curveto
-282.38667 -95.05072 -282.35857 -95.11855 -282.30855 -95.16855 curveto
-282.25854 -95.21857 -282.19072 -95.24667 -282.12 -95.24667 curveto
-282.04927 -95.24667 -281.98145 -95.21857 -281.93144 -95.16855 curveto
-281.88142 -95.11855 -281.85332 -95.05072 -281.85332 -94.98 curveto closepath
 fill
 0 0 0 setrgbcolor 0 0.16667 dtransform truncate idtransform setlinewidth pop
newpath -282.12 -94.98 moveto 0 0 rlineto stroke
 0 0.11667 dtransform truncate idtransform setlinewidth pop
newpath -243.76665 -63.01 moveto
-242.43336 -63.01 lineto stroke
 0.11667 0 dtransform exch truncate exch idtransform pop setlinewidth
newpath -243.1 -63.67664 moveto
-243.1 -62.34335 lineto stroke
 0.00002 0.00018 0.00008 setrgbcolor
newpath -242.83333 -63.01 moveto
-242.83333 -62.93927 -242.86143 -62.87144 -242.91145 -62.82144 curveto
-242.96146 -62.77142 -243.02928 -62.74332 -243.1 -62.74332 curveto
-243.17073 -62.74332 -243.23856 -62.77142 -243.28856 -62.82144 curveto
-243.33858 -62.87144 -243.36668 -62.93927 -243.36668 -63.01 curveto
-243.36668 -63.08072 -243.33858 -63.14854 -243.28856 -63.19855 curveto
-243.23856 -63.24857 -243.17073 -63.27667 -243.1 -63.27667 curveto
-243.02928 -63.27667 -242.96146 -63.24857 -242.91145 -63.19855 curveto
-242.86143 -63.14854 -242.83333 -63.08072 -242.83333 -63.01 curveto closepath
 fill
 0 0 0 setrgbcolor 0 0.16667 dtransform truncate idtransform setlinewidth pop
newpath -243.1 -63.01 moveto 0 0 rlineto stroke
 0 0.11667 dtransform truncate idtransform setlinewidth pop
newpath -224.93665 -4.67 moveto
-223.60336 -4.67 lineto stroke
 0.11667 0 dtransform exch truncate exch idtransform pop setlinewidth
newpath -224.27 -5.33664 moveto
-224.27 -4.00336 lineto stroke
 0.00002 0.00018 0.00008 setrgbcolor
newpath -224.00333 -4.67 moveto
-224.00333 -4.59927 -224.03143 -4.53145 -224.08145 -4.48145 curveto
-224.13145 -4.43143 -224.19928 -4.40332 -224.27 -4.40332 curveto
-224.34073 -4.40332 -224.40855 -4.43143 -224.45856 -4.48145 curveto
-224.50858 -4.53145 -224.53668 -4.59927 -224.53668 -4.67 curveto
-224.53668 -4.74072 -224.50858 -4.80855 -224.45856 -4.85855 curveto
-224.40855 -4.90857 -224.34073 -4.93668 -224.27 -4.93668 curveto
-224.19928 -4.93668 -224.13145 -4.90857 -224.08145 -4.85855 curveto
-224.03143 -4.80855 -224.00333 -4.74072 -224.00333 -4.67 curveto closepath fill
 0 0 0 setrgbcolor 0 0.16667 dtransform truncate idtransform setlinewidth pop
newpath -224.27 -4.67 moveto 0 0 rlineto stroke
 0 0.11667 dtransform truncate idtransform setlinewidth pop
newpath -177.58664 25.41 moveto
-176.25336 25.41 lineto stroke
 0.11667 0 dtransform exch truncate exch idtransform pop setlinewidth
newpath -176.92 24.74336 moveto
-176.92 26.07664 lineto stroke
 0.00002 0.00018 0.00008 setrgbcolor
newpath -176.65332 25.41 moveto
-176.65332 25.48073 -176.68143 25.54855 -176.73145 25.59856 curveto
-176.78145 25.64857 -176.84927 25.67668 -176.92 25.67668 curveto
-176.99072 25.67668 -177.05855 25.64857 -177.10855 25.59856 curveto
-177.15857 25.54855 -177.18668 25.48073 -177.18668 25.41 curveto
-177.18668 25.33928 -177.15857 25.27145 -177.10855 25.22145 curveto
-177.05855 25.17143 -176.99072 25.14333 -176.92 25.14333 curveto
-176.84927 25.14333 -176.78145 25.17143 -176.73145 25.22145 curveto
-176.68143 25.27145 -176.65332 25.33928 -176.65332 25.41 curveto closepath fill
 0 0 0 setrgbcolor 0 0.16667 dtransform truncate idtransform setlinewidth pop
newpath -176.92 25.41 moveto 0 0 rlineto stroke
 0 0.11667 dtransform truncate idtransform setlinewidth pop
newpath -150.05664 98.18 moveto
-148.72336 98.18 lineto stroke
 0.11667 0 dtransform exch truncate exch idtransform pop setlinewidth
newpath -149.39 97.51335 moveto
-149.39 98.84663 lineto stroke
 0.00002 0.00018 0.00008 setrgbcolor
newpath -149.12332 98.18 moveto
-149.12332 98.25072 -149.15143 98.31854 -149.20145 98.36855 curveto
-149.25145 98.41856 -149.31927 98.44667 -149.39 98.44667 curveto
-149.46072 98.44667 -149.52855 98.41856 -149.57855 98.36855 curveto
-149.62857 98.31854 -149.65668 98.25072 -149.65668 98.18 curveto
-149.65668 98.10927 -149.62857 98.04144 -149.57855 97.99144 curveto
-149.52855 97.94142 -149.46072 97.91331 -149.39 97.91331 curveto
-149.31927 97.91331 -149.25145 97.94142 -149.20145 97.99144 curveto
-149.15143 98.04144 -149.12332 98.10927 -149.12332 98.18 curveto closepath fill
 0 0 0 setrgbcolor 0 0.16667 dtransform truncate idtransform setlinewidth pop
newpath -149.39 98.18 moveto 0 0 rlineto stroke
 0 0.11667 dtransform truncate idtransform setlinewidth pop
newpath -100.59663 134.65 moveto
-99.26335 134.65 lineto stroke
 0.11667 0 dtransform exch truncate exch idtransform pop setlinewidth
newpath -99.93 133.98335 moveto
-99.93 135.31664 lineto stroke
 0.00002 0.00018 0.00008 setrgbcolor
newpath -99.66331 134.65 moveto
-99.66331 134.72072 -99.69142 134.78854 -99.74144 134.83855 curveto
-99.79144 134.88857 -99.85927 134.91667 -99.93 134.91667 curveto
-100.00072 134.91667 -100.06854 134.88857 -100.11855 134.83855 curveto
-100.16856 134.78854 -100.19667 134.72072 -100.19667 134.65 curveto
-100.19667 134.57927 -100.16856 134.51144 -100.11855 134.46144 curveto
-100.06854 134.41142 -100.00072 134.38332 -99.93 134.38332 curveto
-99.85927 134.38332 -99.79144 134.41142 -99.74144 134.46144 curveto
-99.69142 134.51144 -99.66331 134.57927 -99.66331 134.65 curveto closepath fill
 0 0 0 setrgbcolor 0 0.16667 dtransform truncate idtransform setlinewidth pop
newpath -99.93 134.65 moveto 0 0 rlineto stroke
 0 0.11667 dtransform truncate idtransform setlinewidth pop
newpath -101.55664 165.94 moveto
-100.22336 165.94 lineto stroke
 0.11667 0 dtransform exch truncate exch idtransform pop setlinewidth
newpath -100.89 165.27336 moveto
-100.89 166.60664 lineto stroke
 0.00002 0.00018 0.00008 setrgbcolor
newpath -100.62332 165.94 moveto
-100.62332 166.01073 -100.65143 166.07855 -100.70145 166.12856 curveto
-100.75145 166.17857 -100.81927 166.20668 -100.89 166.20668 curveto
-100.96072 166.20668 -101.02855 166.17857 -101.07855 166.12856 curveto
-101.12857 166.07855 -101.15668 166.01073 -101.15668 165.94 curveto
-101.15668 165.86928 -101.12857 165.80145 -101.07855 165.75145 curveto
-101.02855 165.70143 -100.96072 165.67332 -100.89 165.67332 curveto
-100.81927 165.67332 -100.75145 165.70143 -100.70145 165.75145 curveto
-100.65143 165.80145 -100.62332 165.86928 -100.62332 165.94 curveto closepath
 fill
 0 0 0 setrgbcolor 0 0.16667 dtransform truncate idtransform setlinewidth pop
newpath -100.89 165.94 moveto 0 0 rlineto stroke
 0 0.11667 dtransform truncate idtransform setlinewidth pop
newpath -90.91664 194.42 moveto
-89.58336 194.42 lineto stroke
 0.11667 0 dtransform exch truncate exch idtransform pop setlinewidth
newpath -90.25 193.75336 moveto
-90.25 195.08664 lineto stroke
 0.00002 0.00018 0.00008 setrgbcolor
newpath -89.98332 194.42 moveto
-89.98332 194.49072 -90.01143 194.55855 -90.06145 194.60855 curveto
-90.11145 194.65857 -90.17928 194.68668 -90.25 194.68668 curveto
-90.32072 194.68668 -90.38855 194.65857 -90.43855 194.60855 curveto
-90.48857 194.55855 -90.51668 194.49072 -90.51668 194.42 curveto
-90.51668 194.34927 -90.48857 194.28145 -90.43855 194.23145 curveto
-90.38855 194.18143 -90.32072 194.15332 -90.25 194.15332 curveto
-90.17928 194.15332 -90.11145 194.18143 -90.06145 194.23145 curveto
-90.01143 194.28145 -89.98332 194.34927 -89.98332 194.42 curveto closepath fill
 0 0 0 setrgbcolor 0 0.16667 dtransform truncate idtransform setlinewidth pop
newpath -90.25 194.42 moveto 0 0 rlineto stroke
 0 0.11667 dtransform truncate idtransform setlinewidth pop
newpath -43.90665 153.44 moveto
-42.57336 153.44 lineto stroke
 0.11667 0 dtransform exch truncate exch idtransform pop setlinewidth
newpath -43.24 152.77336 moveto
-43.24 154.10664 lineto stroke
 0.00002 0.00018 0.00008 setrgbcolor
newpath -42.97333 153.44 moveto
-42.97333 153.51073 -43.00143 153.57855 -43.05145 153.62856 curveto
-43.10146 153.67857 -43.16928 153.70668 -43.24 153.70668 curveto
-43.31073 153.70668 -43.37856 153.67857 -43.42856 153.62856 curveto
-43.47858 153.57855 -43.50668 153.51073 -43.50668 153.44 curveto
-43.50668 153.36928 -43.47858 153.30145 -43.42856 153.25145 curveto
-43.37856 153.20143 -43.31073 153.17332 -43.24 153.17332 curveto
-43.16928 153.17332 -43.10146 153.20143 -43.05145 153.25145 curveto
-43.00143 153.30145 -42.97333 153.36928 -42.97333 153.44 curveto closepath fill
 0 0 0 setrgbcolor 0 0.16667 dtransform truncate idtransform setlinewidth pop
newpath -43.24 153.44 moveto 0 0 rlineto stroke
 0 0.11667 dtransform truncate idtransform setlinewidth pop
newpath -33.46664 194.61 moveto
-32.13336 194.61 lineto stroke
 0.11667 0 dtransform exch truncate exch idtransform pop setlinewidth
newpath -32.8 193.94336 moveto
-32.8 195.27664 lineto stroke
 0.00002 0.00018 0.00008 setrgbcolor
newpath -32.53333 194.61 moveto
-32.53333 194.68073 -32.56143 194.74855 -32.61145 194.79855 curveto
-32.66145 194.84857 -32.72928 194.87668 -32.8 194.87668 curveto
-32.87073 194.87668 -32.93855 194.84857 -32.98856 194.79855 curveto
-33.03857 194.74855 -33.06668 194.68073 -33.06668 194.61 curveto
-33.06668 194.53928 -33.03857 194.47145 -32.98856 194.42145 curveto
-32.93855 194.37143 -32.87073 194.34332 -32.8 194.34332 curveto
-32.72928 194.34332 -32.66145 194.37143 -32.61145 194.42145 curveto
-32.56143 194.47145 -32.53333 194.53928 -32.53333 194.61 curveto closepath fill
 0 0 0 setrgbcolor 0 0.16667 dtransform truncate idtransform setlinewidth pop
newpath -32.8 194.61 moveto 0 0 rlineto stroke
 0 0.11667 dtransform truncate idtransform setlinewidth pop
newpath -83.86664 251.38 moveto
-82.53336 251.38 lineto stroke
 0.11667 0 dtransform exch truncate exch idtransform pop setlinewidth
newpath -83.2 250.71336 moveto
-83.2 252.04665 lineto stroke
 0.00002 0.00018 0.00008 setrgbcolor
newpath -82.93332 251.38 moveto
-82.93332 251.45073 -82.96143 251.51855 -83.01144 251.56856 curveto
-83.06145 251.61858 -83.12927 251.64668 -83.2 251.64668 curveto
-83.27072 251.64668 -83.33855 251.61858 -83.38855 251.56856 curveto
-83.43857 251.51855 -83.46667 251.45073 -83.46667 251.38 curveto
-83.46667 251.30928 -83.43857 251.24146 -83.38855 251.19145 curveto
-83.33855 251.14143 -83.27072 251.11333 -83.2 251.11333 curveto
-83.12927 251.11333 -83.06145 251.14143 -83.01144 251.19145 curveto
-82.96143 251.24146 -82.93332 251.30928 -82.93332 251.38 curveto closepath fill
 0 0 0 setrgbcolor 0 0.16667 dtransform truncate idtransform setlinewidth pop
newpath -83.2 251.38 moveto 0 0 rlineto stroke
 0 0.11667 dtransform truncate idtransform setlinewidth pop
newpath -40.44664 62.12 moveto
-39.11336 62.12 lineto stroke
 0.11667 0 dtransform exch truncate exch idtransform pop setlinewidth
newpath -39.78 61.45335 moveto
-39.78 62.78664 lineto stroke
 0.00002 0.00018 0.00008 setrgbcolor
newpath -39.51332 62.12 moveto
-39.51332 62.19072 -39.54143 62.25854 -39.59145 62.30855 curveto
-39.64145 62.35857 -39.70927 62.38667 -39.78 62.38667 curveto
-39.85072 62.38667 -39.91855 62.35857 -39.96855 62.30855 curveto
-40.01857 62.25854 -40.04668 62.19072 -40.04668 62.12 curveto
-40.04668 62.04927 -40.01857 61.98145 -39.96855 61.93144 curveto
-39.91855 61.88142 -39.85072 61.85332 -39.78 61.85332 curveto
-39.70927 61.85332 -39.64145 61.88142 -39.59145 61.93144 curveto
-39.54143 61.98145 -39.51332 62.04927 -39.51332 62.12 curveto closepath fill
 0 0 0 setrgbcolor 0 0.16667 dtransform truncate idtransform setlinewidth pop
newpath -39.78 62.12 moveto 0 0 rlineto stroke
 0 0.11667 dtransform truncate idtransform setlinewidth pop
newpath -56.80664 32.12 moveto
-55.47336 32.12 lineto stroke
 0.11667 0 dtransform exch truncate exch idtransform pop setlinewidth
newpath -56.14 31.45335 moveto
-56.14 32.78664 lineto stroke
 0.00002 0.00018 0.00008 setrgbcolor
newpath -55.87332 32.12 moveto
-55.87332 32.19072 -55.90143 32.25854 -55.95145 32.30855 curveto
-56.00145 32.35857 -56.06927 32.38667 -56.14 32.38667 curveto
-56.21072 32.38667 -56.27855 32.35857 -56.32855 32.30855 curveto
-56.37857 32.25854 -56.40668 32.19072 -56.40668 32.12 curveto
-56.40668 32.04927 -56.37857 31.98145 -56.32855 31.93144 curveto
-56.27855 31.88142 -56.21072 31.85332 -56.14 31.85332 curveto
-56.06927 31.85332 -56.00145 31.88142 -55.95145 31.93144 curveto
-55.90143 31.98145 -55.87332 32.04927 -55.87332 32.12 curveto closepath fill
 0 0 0 setrgbcolor 0 0.16667 dtransform truncate idtransform setlinewidth pop
newpath -56.14 32.12 moveto 0 0 rlineto stroke
 0 0.11667 dtransform truncate idtransform setlinewidth pop
newpath -19.16664 12.27 moveto
-17.83336 12.27 lineto stroke
 0.11667 0 dtransform exch truncate exch idtransform pop setlinewidth
newpath -18.5 11.60336 moveto
-18.5 12.93665 lineto stroke
 0.00002 0.00018 0.00008 setrgbcolor
newpath -18.23332 12.27 moveto
-18.23332 12.34073 -18.26143 12.40855 -18.31145 12.45856 curveto
-18.36145 12.50858 -18.42928 12.53668 -18.5 12.53668 curveto
-18.57072 12.53668 -18.63855 12.50858 -18.68855 12.45856 curveto
-18.73857 12.40855 -18.76668 12.34073 -18.76668 12.27 curveto
-18.76668 12.19928 -18.73857 12.13145 -18.68855 12.08145 curveto
-18.63855 12.03143 -18.57072 12.00333 -18.5 12.00333 curveto
-18.42928 12.00333 -18.36145 12.03143 -18.31145 12.08145 curveto
-18.26143 12.13145 -18.23332 12.19928 -18.23332 12.27 curveto closepath fill
 0 0 0 setrgbcolor 0 0.16667 dtransform truncate idtransform setlinewidth pop
newpath -18.5 12.27 moveto 0 0 rlineto stroke
 0 0.11667 dtransform truncate idtransform setlinewidth pop
newpath -64.17664 -24.24 moveto
-62.84335 -24.24 lineto stroke
 0.11667 0 dtransform exch truncate exch idtransform pop setlinewidth
newpath -63.51 -24.90665 moveto
-63.51 -23.57336 lineto stroke
 0.00002 0.00018 0.00008 setrgbcolor
newpath -63.24332 -24.24 moveto
-63.24332 -24.16928 -63.27142 -24.10146 -63.32144 -24.05145 curveto
-63.37144 -24.00143 -63.43927 -23.97333 -63.51 -23.97333 curveto
-63.58072 -23.97333 -63.64854 -24.00143 -63.69855 -24.05145 curveto
-63.74857 -24.10146 -63.77667 -24.16928 -63.77667 -24.24 curveto
-63.77667 -24.31073 -63.74857 -24.37856 -63.69855 -24.42856 curveto
-63.64854 -24.47858 -63.58072 -24.50668 -63.51 -24.50668 curveto
-63.43927 -24.50668 -63.37144 -24.47858 -63.32144 -24.42856 curveto
-63.27142 -24.37856 -63.24332 -24.31073 -63.24332 -24.24 curveto closepath fill
 0 0 0 setrgbcolor 0 0.16667 dtransform truncate idtransform setlinewidth pop
newpath -63.51 -24.24 moveto 0 0 rlineto stroke
 0 0.11667 dtransform truncate idtransform setlinewidth pop
newpath 26.72336 34.95 moveto
28.05664 34.95 lineto stroke
 0.11667 0 dtransform exch truncate exch idtransform pop setlinewidth
newpath 27.39 34.28336 moveto
27.39 35.61664 lineto stroke
 0.00002 0.00018 0.00008 setrgbcolor
newpath 27.65668 34.95 moveto
27.65668 35.02072 27.62857 35.08855 27.57855 35.13855 curveto
27.52855 35.18857 27.46072 35.21667 27.39 35.21667 curveto
27.31927 35.21667 27.25145 35.18857 27.20145 35.13855 curveto
27.15143 35.08855 27.12332 35.02072 27.12332 34.95 curveto
27.12332 34.87927 27.15143 34.81145 27.20145 34.76144 curveto
27.25145 34.71143 27.31927 34.68332 27.39 34.68332 curveto
27.46072 34.68332 27.52855 34.71143 27.57855 34.76144 curveto
27.62857 34.81145 27.65668 34.87927 27.65668 34.95 curveto closepath fill
 0 0 0 setrgbcolor 0 0.16667 dtransform truncate idtransform setlinewidth pop
newpath 27.39 34.95 moveto 0 0 rlineto stroke
 0 0.11667 dtransform truncate idtransform setlinewidth pop
newpath 75.55336 21.33 moveto
76.88664 21.33 lineto stroke
 0.11667 0 dtransform exch truncate exch idtransform pop setlinewidth
newpath 76.22 20.66336 moveto
76.22 21.99664 lineto stroke
 0.00002 0.00018 0.00008 setrgbcolor
newpath 76.48668 21.33 moveto
76.48668 21.40073 76.45857 21.46855 76.40855 21.51855 curveto
76.35855 21.56857 76.29073 21.59668 76.22 21.59668 curveto
76.14928 21.59668 76.08145 21.56857 76.03145 21.51855 curveto
75.98143 21.46855 75.95332 21.40073 75.95332 21.33 curveto
75.95332 21.25928 75.98143 21.19145 76.03145 21.14145 curveto
76.08145 21.09143 76.14928 21.06332 76.22 21.06332 curveto
76.29073 21.06332 76.35855 21.09143 76.40855 21.14145 curveto
76.45857 21.19145 76.48668 21.25928 76.48668 21.33 curveto closepath fill
 0 0 0 setrgbcolor 0 0.16667 dtransform truncate idtransform setlinewidth pop
newpath 76.22 21.33 moveto 0 0 rlineto stroke
 0 0.11667 dtransform truncate idtransform setlinewidth pop
newpath 89.69336 35.3 moveto
91.02664 35.3 lineto stroke
 0.11667 0 dtransform exch truncate exch idtransform pop setlinewidth
newpath 90.36 34.63336 moveto
90.36 35.96664 lineto stroke
 0.00002 0.00018 0.00008 setrgbcolor
newpath 90.62668 35.3 moveto
90.62668 35.37073 90.59857 35.43855 90.54855 35.48856 curveto
90.49855 35.53857 90.43073 35.56668 90.36 35.56668 curveto
90.28928 35.56668 90.22145 35.53857 90.17145 35.48856 curveto
90.12143 35.43855 90.09332 35.37073 90.09332 35.3 curveto
90.09332 35.22928 90.12143 35.16145 90.17145 35.11145 curveto
90.22145 35.06143 90.28928 35.03333 90.36 35.03333 curveto
90.43073 35.03333 90.49855 35.06143 90.54855 35.11145 curveto
90.59857 35.16145 90.62668 35.22928 90.62668 35.3 curveto closepath fill
 0 0 0 setrgbcolor 0 0.16667 dtransform truncate idtransform setlinewidth pop
newpath 90.36 35.3 moveto 0 0 rlineto stroke
 0 0.11667 dtransform truncate idtransform setlinewidth pop
newpath 157.79337 75.78 moveto
159.12665 75.78 lineto stroke
 0.11667 0 dtransform exch truncate exch idtransform pop setlinewidth
newpath 158.46 75.11336 moveto
158.46 76.44664 lineto stroke
 0.00002 0.00018 0.00008 setrgbcolor
newpath 158.72668 75.78 moveto
158.72668 75.85072 158.69858 75.91855 158.64856 75.96855 curveto
158.59856 76.01857 158.53073 76.04668 158.46 76.04668 curveto
158.38928 76.04668 158.32146 76.01857 158.27145 75.96855 curveto
158.22144 75.91855 158.19333 75.85072 158.19333 75.78 curveto
158.19333 75.70927 158.22144 75.64145 158.27145 75.59145 curveto
158.32146 75.54143 158.38928 75.51332 158.46 75.51332 curveto
158.53073 75.51332 158.59856 75.54143 158.64856 75.59145 curveto
158.69858 75.64145 158.72668 75.70927 158.72668 75.78 curveto closepath fill
 0 0 0 setrgbcolor 0 0.16667 dtransform truncate idtransform setlinewidth pop
newpath 158.46 75.78 moveto 0 0 rlineto stroke
 0 0.11667 dtransform truncate idtransform setlinewidth pop
newpath 193.82336 40.98 moveto
195.15665 40.98 lineto stroke
 0.11667 0 dtransform exch truncate exch idtransform pop setlinewidth
newpath 194.49 40.31335 moveto
194.49 41.64664 lineto stroke
 0.00002 0.00018 0.00008 setrgbcolor
newpath 194.75668 40.98 moveto
194.75668 41.05072 194.72858 41.11855 194.67856 41.16855 curveto
194.62856 41.21857 194.56073 41.24667 194.49 41.24667 curveto
194.41928 41.24667 194.35146 41.21857 194.30145 41.16855 curveto
194.25143 41.11855 194.22333 41.05072 194.22333 40.98 curveto
194.22333 40.90927 194.25143 40.84145 194.30145 40.79144 curveto
194.35146 40.74142 194.41928 40.71332 194.49 40.71332 curveto
194.56073 40.71332 194.62856 40.74142 194.67856 40.79144 curveto
194.72858 40.84145 194.75668 40.90927 194.75668 40.98 curveto closepath fill
 0 0 0 setrgbcolor 0 0.16667 dtransform truncate idtransform setlinewidth pop
newpath 194.49 40.98 moveto 0 0 rlineto stroke
 0 0.11667 dtransform truncate idtransform setlinewidth pop
newpath 222.49336 69.7 moveto
223.82664 69.7 lineto stroke
 0.11667 0 dtransform exch truncate exch idtransform pop setlinewidth
newpath 223.16 69.03336 moveto
223.16 70.36664 lineto stroke
 0.00002 0.00018 0.00008 setrgbcolor
newpath 223.42668 69.7 moveto
223.42668 69.77072 223.39857 69.83855 223.34856 69.88855 curveto
223.29855 69.93857 223.23073 69.96667 223.16 69.96667 curveto
223.08928 69.96667 223.02145 69.93857 222.97145 69.88855 curveto
222.92143 69.83855 222.89333 69.77072 222.89333 69.7 curveto
222.89333 69.62927 222.92143 69.56145 222.97145 69.51144 curveto
223.02145 69.46143 223.08928 69.43332 223.16 69.43332 curveto
223.23073 69.43332 223.29855 69.46143 223.34856 69.51144 curveto
223.39857 69.56145 223.42668 69.62927 223.42668 69.7 curveto closepath fill
 0 0 0 setrgbcolor 0 0.16667 dtransform truncate idtransform setlinewidth pop
newpath 223.16 69.7 moveto 0 0 rlineto stroke
 0 0.11667 dtransform truncate idtransform setlinewidth pop
newpath 243.07336 75.86 moveto
244.40665 75.86 lineto stroke
 0.11667 0 dtransform exch truncate exch idtransform pop setlinewidth
newpath 243.74 75.19336 moveto
243.74 76.52664 lineto stroke
 0.00002 0.00018 0.00008 setrgbcolor
newpath 244.00668 75.86 moveto
244.00668 75.93073 243.97858 75.99855 243.92856 76.04855 curveto
243.87856 76.09857 243.81073 76.12668 243.74 76.12668 curveto
243.66928 76.12668 243.60146 76.09857 243.55145 76.04855 curveto
243.50143 75.99855 243.47333 75.93073 243.47333 75.86 curveto
243.47333 75.78928 243.50143 75.72145 243.55145 75.67145 curveto
243.60146 75.62143 243.66928 75.59332 243.74 75.59332 curveto
243.81073 75.59332 243.87856 75.62143 243.92856 75.67145 curveto
243.97858 75.72145 244.00668 75.78928 244.00668 75.86 curveto closepath fill
 0 0 0 setrgbcolor 0 0.16667 dtransform truncate idtransform setlinewidth pop
newpath 243.74 75.86 moveto 0 0 rlineto stroke
 0 0.11667 dtransform truncate idtransform setlinewidth pop
newpath 260.49336 95.82 moveto
261.82664 95.82 lineto stroke
 0.11667 0 dtransform exch truncate exch idtransform pop setlinewidth
newpath 261.16 95.15337 moveto
261.16 96.48665 lineto stroke
 0.00002 0.00018 0.00008 setrgbcolor
newpath 261.42668 95.82 moveto
261.42668 95.89073 261.39857 95.95856 261.34856 96.00856 curveto
261.29855 96.05858 261.23073 96.08669 261.16 96.08669 curveto
261.08928 96.08669 261.02145 96.05858 260.97145 96.00856 curveto
260.92143 95.95856 260.89333 95.89073 260.89333 95.82 curveto
260.89333 95.74928 260.92143 95.68146 260.97145 95.63145 curveto
261.02145 95.58144 261.08928 95.55333 261.16 95.55333 curveto
261.23073 95.55333 261.29855 95.58144 261.34856 95.63145 curveto
261.39857 95.68146 261.42668 95.74928 261.42668 95.82 curveto closepath fill
 0 0 0 setrgbcolor 0 0.16667 dtransform truncate idtransform setlinewidth pop
newpath 261.16 95.82 moveto 0 0 rlineto stroke
 0 0.11667 dtransform truncate idtransform setlinewidth pop
newpath 286.57336 109.96 moveto
287.90665 109.96 lineto stroke
 0.11667 0 dtransform exch truncate exch idtransform pop setlinewidth
newpath 287.24 109.29337 moveto
287.24 110.62665 lineto stroke
 0.00002 0.00018 0.00008 setrgbcolor
newpath 287.50668 109.96 moveto
287.50668 110.03073 287.47858 110.09856 287.42856 110.14856 curveto
287.37856 110.19858 287.31073 110.22668 287.24 110.22668 curveto
287.16928 110.22668 287.10146 110.19858 287.05145 110.14856 curveto
287.00143 110.09856 286.97333 110.03073 286.97333 109.96 curveto
286.97333 109.88928 287.00143 109.82146 287.05145 109.77145 curveto
287.10146 109.72144 287.16928 109.69333 287.24 109.69333 curveto
287.31073 109.69333 287.37856 109.72144 287.42856 109.77145 curveto
287.47858 109.82146 287.50668 109.88928 287.50668 109.96 curveto closepath fill
 0 0 0 setrgbcolor 0 0.16667 dtransform truncate idtransform setlinewidth pop
newpath 287.24 109.96 moveto 0 0 rlineto stroke
 0 0.11667 dtransform truncate idtransform setlinewidth pop
newpath 311.70335 91.95 moveto
313.03664 91.95 lineto stroke
 0.11667 0 dtransform exch truncate exch idtransform pop setlinewidth
newpath 312.37 91.28336 moveto
312.37 92.61664 lineto stroke
 0.00002 0.00018 0.00008 setrgbcolor
newpath 312.63667 91.95 moveto
312.63667 92.02072 312.60857 92.08855 312.55855 92.13855 curveto
312.50854 92.18857 312.44072 92.21667 312.37 92.21667 curveto
312.29927 92.21667 312.23145 92.18857 312.18144 92.13855 curveto
312.13142 92.08855 312.10332 92.02072 312.10332 91.95 curveto
312.10332 91.87927 312.13142 91.81145 312.18144 91.76144 curveto
312.23145 91.71143 312.29927 91.68332 312.37 91.68332 curveto
312.44072 91.68332 312.50854 91.71143 312.55855 91.76144 curveto
312.60857 91.81145 312.63667 91.87927 312.63667 91.95 curveto closepath fill
 0 0 0 setrgbcolor 0 0.16667 dtransform truncate idtransform setlinewidth pop
newpath 312.37 91.95 moveto 0 0 rlineto stroke
 0 0.11667 dtransform truncate idtransform setlinewidth pop
newpath 336.95335 74.43 moveto
338.28664 74.43 lineto stroke
 0.11667 0 dtransform exch truncate exch idtransform pop setlinewidth
newpath 337.62 73.76335 moveto
337.62 75.09663 lineto stroke
 0.00002 0.00018 0.00008 setrgbcolor
newpath 337.88667 74.43 moveto
337.88667 74.50072 337.85857 74.56854 337.80855 74.61855 curveto
337.75854 74.66856 337.69072 74.69667 337.62 74.69667 curveto
337.54927 74.69667 337.48145 74.66856 337.43144 74.61855 curveto
337.38142 74.56854 337.35332 74.50072 337.35332 74.43 curveto
337.35332 74.35927 337.38142 74.29144 337.43144 74.24144 curveto
337.48145 74.19142 337.54927 74.16331 337.62 74.16331 curveto
337.69072 74.16331 337.75854 74.19142 337.80855 74.24144 curveto
337.85857 74.29144 337.88667 74.35927 337.88667 74.43 curveto closepath fill
 0 0 0 setrgbcolor 0 0.16667 dtransform truncate idtransform setlinewidth pop
newpath 337.62 74.43 moveto 0 0 rlineto stroke
 0 0.11667 dtransform truncate idtransform setlinewidth pop
newpath 360.21336 75.37 moveto
361.54665 75.37 lineto stroke
 0.11667 0 dtransform exch truncate exch idtransform pop setlinewidth
newpath 360.88 74.70335 moveto
360.88 76.03664 lineto stroke
 0.00002 0.00018 0.00008 setrgbcolor
newpath 361.14668 75.37 moveto
361.14668 75.44072 361.11858 75.50854 361.06856 75.55855 curveto
361.01855 75.60857 360.95073 75.63667 360.88 75.63667 curveto
360.80928 75.63667 360.74146 75.60857 360.69145 75.55855 curveto
360.64143 75.50854 360.61333 75.44072 360.61333 75.37 curveto
360.61333 75.29927 360.64143 75.23145 360.69145 75.18144 curveto
360.74146 75.13142 360.80928 75.10332 360.88 75.10332 curveto
360.95073 75.10332 361.01855 75.13142 361.06856 75.18144 curveto
361.11858 75.23145 361.14668 75.29927 361.14668 75.37 curveto closepath fill
 0 0 0 setrgbcolor 0 0.16667 dtransform truncate idtransform setlinewidth pop
newpath 360.88 75.37 moveto 0 0 rlineto stroke
 0 0.11667 dtransform truncate idtransform setlinewidth pop
newpath 373.19336 79.62 moveto
374.52664 79.62 lineto stroke
 0.11667 0 dtransform exch truncate exch idtransform pop setlinewidth
newpath 373.86 78.95335 moveto
373.86 80.28664 lineto stroke
 0.00002 0.00018 0.00008 setrgbcolor
newpath 374.12668 79.62 moveto
374.12668 79.69072 374.09857 79.75854 374.04855 79.80855 curveto
373.99855 79.85857 373.93073 79.88667 373.86 79.88667 curveto
373.78928 79.88667 373.72145 79.85857 373.67145 79.80855 curveto
373.62143 79.75854 373.59332 79.69072 373.59332 79.62 curveto
373.59332 79.54927 373.62143 79.48145 373.67145 79.43144 curveto
373.72145 79.38142 373.78928 79.35332 373.86 79.35332 curveto
373.93073 79.35332 373.99855 79.38142 374.04855 79.43144 curveto
374.09857 79.48145 374.12668 79.54927 374.12668 79.62 curveto closepath fill
 0 0 0 setrgbcolor 0 0.16667 dtransform truncate idtransform setlinewidth pop
newpath 373.86 79.62 moveto 0 0 rlineto stroke
 0 0.11667 dtransform truncate idtransform setlinewidth pop
newpath 412.54337 138.37 moveto
413.87665 138.37 lineto stroke
 0.11667 0 dtransform exch truncate exch idtransform pop setlinewidth
newpath 413.21 137.70335 moveto
413.21 139.03664 lineto stroke
 0.00002 0.00018 0.00008 setrgbcolor
newpath 413.47668 138.37 moveto
413.47668 138.44072 413.44858 138.50854 413.39856 138.55855 curveto
413.34856 138.60857 413.28073 138.63667 413.21 138.63667 curveto
413.13928 138.63667 413.07146 138.60857 413.02145 138.55855 curveto
412.97144 138.50854 412.94333 138.44072 412.94333 138.37 curveto
412.94333 138.29927 412.97144 138.23145 413.02145 138.18144 curveto
413.07146 138.13142 413.13928 138.10332 413.21 138.10332 curveto
413.28073 138.10332 413.34856 138.13142 413.39856 138.18144 curveto
413.44858 138.23145 413.47668 138.29927 413.47668 138.37 curveto closepath fill
 0 0 0 setrgbcolor 0 0.16667 dtransform truncate idtransform setlinewidth pop
newpath 413.21 138.37 moveto 0 0 rlineto stroke
showpage
%%EOF
