%!PS
%%BoundingBox: -105 -334 108 334 
%%HiResBoundingBox: -104.79681 -333.4779 107.56667 333.29668 
%%Creator: MetaPost 1.209
%%CreationDate: 2015.11.29:1738
%%Pages: 1
%%BeginProlog
%%EndProlog
%%Page: 1 1
 0 0 0 setrgbcolor 0 0.33333 dtransform truncate idtransform setlinewidth pop
 [] 0 setdash 1 setlinecap 1 setlinejoin 10 setmiterlimit
newpath -60.5 333.13 moveto
-60.5 333.13 -53.21 328.11 -52.32 327.47 curveto
-51.43 326.83 -49.24 324.7 -47.8 324.56 curveto
-46.35 324.42 -41.82 324.01 -40.81 322.6 curveto
-39.8 321.2 -38.21 319.72 -37.1 318.41 curveto
-36 317.11 -32.75 317.52 -32.07 317.35 curveto
-31.39 317.18 -27.86 315.2 -27.13 313.69 curveto
-26.41 312.18 -23.16 302.11 -22.92 300.78 curveto
-22.68 299.44 -20.65 293.84 -21 292.97 curveto
-21.36 292.09 -21.84 289.38 -21.99 288.32 curveto
-22.14 287.26 -22.01 286.3 -22.12 285.38 curveto
-22.24 284.47 -22.28 282.93 -22.08 282.74 curveto
-21.88 282.56 -20.95 282.21 -20.7 283.13 curveto
-20.44 284.05 -20.52 284.82 -20.24 285.02 curveto
-19.96 285.22 -19.17 286.12 -19.17 284.82 curveto
-19.18 283.52 -19.17 283.42 -18.82 283.01 curveto
-18.47 282.59 -18.37 279.9 -18.48 278.84 curveto
-18.59 277.78 -19.33 273.04 -19.1 271.9 curveto
-18.86 270.75 -19.8 264.57 -20.02 264.03 curveto
-20.24 263.5 -22.4 256.79 -22.51 254.58 curveto
-22.63 252.36 -22.47 250.73 -22.59 248.71 curveto
-22.71 246.69 -22.57 245.35 -24.37 244.71 curveto
-26.18 244.07 -28.33 242.65 -29.04 240.99 curveto
-29.75 239.33 -31.13 237.65 -31.19 236.4 curveto
-31.24 235.15 -33.4 228.54 -33.27 227.59 curveto
-33.14 226.63 -32.66 226.55 -32.91 225.39 curveto
-33.16 224.23 -33.62 223.83 -33.19 222.6 curveto
-32.77 221.36 -31.66 219.87 -31.43 218.91 curveto
-31.2 217.96 -30.95 216.34 -31.6 215.64 curveto
-32.25 214.95 -32.93 212.62 -32.9 211.75 curveto
-32.87 210.89 -32.7 210.13 -33.02 209.78 curveto
-33.35 209.43 -34.39 209.01 -34.53 208.86 curveto
-34.66 208.71 -34.94 208.46 -34.45 208 curveto
-33.95 207.54 -32.97 207 -33.8 206.1 curveto
-34.63 205.21 -35.45 205.23 -35.53 204.65 curveto
-35.6 204.07 -36 203.09 -35.47 203.06 curveto
-34.94 203.03 -33.78 202.88 -33.71 202.12 curveto
-33.63 201.35 -33.52 199.67 -33.93 199.03 curveto
-34.34 198.4 -34.87 196.98 -34.87 196.98 curveto
-34.87 196.98 -35.2 196.88 -34.74 195.98 curveto
-34.27 195.08 -33.76 194.24 -33.84 193.8 curveto
-33.92 193.37 -33.62 192.99 -32.98 192.44 curveto
-32.33 191.89 -30.97 191.45 -30.96 189.87 curveto
-30.96 188.28 -31.64 187.25 -32.19 186.56 curveto
-32.74 185.87 -33.17 185.71 -33.39 185.22 curveto
-33.62 184.73 -34.28 183.07 -34.16 182.5 curveto
-34.04 181.93 -34.06 181.06 -33.44 179.74 curveto
-32.81 178.42 -31.43 175.97 -31.44 174.86 curveto
-31.45 173.76 -30.95 172 -30.56 171.68 curveto
-30.16 171.36 -29.89 169.16 -29.88 168.82 curveto
-29.87 168.48 -28.93 167.7 -28.22 166.57 curveto
-27.5 165.45 -26.21 162.9 -25.52 162.49 curveto
-24.84 162.08 -22.13 160.21 -20.86 161.02 curveto
-19.59 161.84 -16.93 162.6 -15.3 165.3 curveto
-13.67 168 -10.33 171.24 -9.97 171.93 curveto
-9.61 172.61 -7.48 174.71 -6.89 175.64 curveto
-6.29 176.57 -4.46 178.95 -3.08 179.33 curveto
-1.7 179.72 1.91 182.2 2.62 182.42 curveto
3.33 182.64 5.3 184.05 5.93 185.18 curveto
6.57 186.31 7.2 186.14 7.42 186.58 curveto stroke
newpath 13.56 184.2 moveto
13 183.66 9.74 182.05 8.69 180.52 curveto
7.64 179 6.22 174.62 6.1 173.76 curveto
5.99 172.89 6.14 166.12 5.9 164.72 curveto
5.66 163.32 5.58 157.65 6.39 154.99 curveto
7.21 152.33 8.22 146.89 8.06 144.63 curveto
7.9 142.36 6.63 139.15 5.83 137.34 curveto
5.03 135.54 4.81 131.01 5.28 129.83 curveto
5.76 128.65 7.21 127.11 7.27 125.24 curveto
7.34 123.37 7.38 118.38 7.21 117.56 curveto
7.05 116.73 7.69 114.93 7.21 113.52 curveto
6.74 112.11 5.9 111.22 6.25 109.74 curveto
6.59 108.26 6.97 105.59 6.78 102.89 curveto
6.59 100.19 6.25 97.44 5.69 95.6 curveto
5.13 93.75 4.19 90.55 3.47 89.08 curveto
2.76 87.61 1.06 81.4 0.61 80.48 curveto
0.16 79.55 -4.5 70.4 -5.15 69.56 curveto
-5.79 68.72 -8.53 63.34 -9.24 61.68 curveto
-9.95 60.02 -10.07 56.8 -10.65 55.63 curveto
-11.24 54.45 -11.95 50.15 -12.4 49.51 curveto
-12.86 48.87 -14.88 43.66 -15.43 42.73 curveto
-15.97 41.8 -17.38 38.19 -18.11 37.35 curveto
-18.85 36.51 -22.47 29.03 -24.7 28.22 curveto
-26.93 27.42 -32.47 23.86 -33.52 23.77 curveto
-34.57 23.69 -38.58 21.67 -39.32 20.78 curveto
-40.06 19.89 -44.4 16.28 -45.59 14.84 curveto
-46.79 13.41 -49.38 8.99 -49.85 7.58 curveto
-50.33 6.17 -51.91 3.19 -52.63 1.77 curveto
-53.34 0.35 -54.7 -3.25 -55.73 -4.01 curveto
-56.76 -4.76 -58.47 -6.79 -60.13 -10.12 curveto
-61.79 -13.44 -61.74 -18.68 -61.98 -20.03 curveto
-62.22 -21.38 -62.71 -28.03 -64.31 -30.25 curveto
-65.91 -32.47 -67.54 -38.05 -68.51 -38.99 curveto
-69.49 -39.94 -72.19 -43.74 -73.55 -45.95 curveto
-74.91 -48.16 -75.78 -53.37 -76.3 -54.98 curveto
-76.82 -56.58 -77.16 -57.89 -77.26 -59.14 curveto
-77.36 -60.39 -77.29 -61.02 -77.83 -62.09 curveto
-78.37 -63.17 -79.18 -68.72 -79.68 -69.46 curveto
-80.18 -70.2 -79.65 -70.27 -80.51 -71.79 curveto
-81.37 -73.31 -82.29 -74.4 -82.74 -75.14 curveto
-83.19 -75.88 -84.09 -77.59 -84.32 -80.72 curveto
-84.54 -83.85 -85.11 -88.15 -84.67 -89.62 curveto
-84.23 -91.09 -83.76 -95.02 -83.79 -96.7 curveto
-83.83 -98.38 -83.77 -104.19 -84.35 -105.27 curveto
-84.94 -106.35 -85.67 -110.03 -86.02 -111.1 curveto
-86.36 -112.16 -86.4 -113.85 -86.41 -114.76 curveto
-86.43 -115.67 -86.54 -120.62 -86.41 -121.67 curveto
-86.27 -122.73 -85.15 -125.95 -85.16 -127.1 curveto
-85.16 -128.26 -83.53 -136.41 -83.62 -137.85 curveto
-83.71 -139.3 -84.68 -147.21 -84.74 -148.17 curveto
-84.8 -149.13 -85.19 -154.48 -85.45 -156.5 curveto
-85.72 -158.53 -86.16 -162.15 -86.12 -163.4 curveto
-86.07 -164.64 -86.72 -166.73 -86.52 -168.4 curveto
-86.31 -170.08 -85.2 -174.31 -84.69 -175.01 curveto
-84.19 -175.72 -83.75 -178.58 -83.02 -180.09 curveto
-82.3 -181.61 -79.14 -190.62 -78.62 -191.66 curveto
-78.11 -192.7 -76.42 -192.83 -74.48 -196.08 curveto
-72.54 -199.32 -70.47 -200.78 -70.52 -202.18 curveto
-70.56 -203.57 -70.42 -204.91 -70.36 -206.64 curveto
-70.3 -208.37 -69.81 -213.82 -70.23 -215.66 curveto
-70.64 -217.51 -71.67 -218.36 -72.16 -220.68 curveto
-72.66 -223.01 -71.45 -225.75 -71.06 -227.42 curveto
-70.66 -229.08 -68.04 -232.54 -67.89 -234.22 curveto
-67.73 -235.9 -67.81 -237.87 -67.92 -239.94 curveto
-68.04 -242.01 -66.93 -244.99 -66.15 -246.6 curveto
-65.37 -248.2 -64.31 -249.84 -64.12 -250.99 curveto
-63.94 -252.14 -63.52 -253.18 -63.48 -254.04 curveto
-63.45 -254.9 -62.39 -256.36 -62.25 -259.14 curveto
-62.1 -261.92 -61.54 -265.45 -60.48 -266.85 curveto
-59.42 -268.25 -56.48 -275.21 -56.17 -277.02 curveto
-55.86 -278.84 -55.09 -281.69 -53.72 -283.71 curveto
-52.35 -285.73 -51.56 -287.67 -49.8 -288.33 curveto
-48.05 -288.99 -40.3 -292.26 -39.29 -292.23 curveto
-38.28 -292.19 -30.75 -294.71 -30.17 -294.88 curveto
-29.59 -295.05 -25.76 -296.11 -24.09 -296.92 curveto
-22.43 -297.72 -19.98 -299.02 -18.87 -299.18 curveto
-17.76 -299.33 -12.82 -299.2 -11.96 -299.02 curveto
-11.1 -298.85 -9.34 -298.4 -8.66 -298.62 curveto
-7.98 -298.83 -6.15 -299.05 -4.33 -298.75 curveto
-2.52 -298.44 1.76 -297.09 3.59 -296.11 curveto
5.43 -295.13 13.05 -292.08 14.18 -291.22 curveto
15.3 -290.36 25.85 -284.51 26.82 -283.42 curveto
27.79 -282.33 31.84 -278.73 32.77 -278.02 curveto
33.71 -277.32 38.74 -274.35 39.41 -273.03 curveto
40.08 -271.71 46.07 -261.84 47.37 -260.74 curveto
48.68 -259.63 54.75 -252.06 55.86 -250.87 curveto
56.97 -249.68 61.37 -243.76 62.11 -243.06 curveto
62.86 -242.36 65.58 -239.19 66.06 -237.92 curveto
66.54 -236.65 66.55 -235.5 67 -234.62 curveto stroke
newpath -64.66 320.87 moveto
-64.66 320.87 -58.97 317.33 -57.04 317.21 curveto
-55.11 317.09 -52.01 316.24 -51.43 316.17 curveto
-50.85 316.09 -50.35 315.53 -49.83 314.4 curveto
-49.31 313.27 -48.02 312.26 -47.27 312.57 curveto
-46.51 312.89 -45.93 312.72 -44.26 311.82 curveto
-42.6 310.92 -41.63 310.85 -40.33 309.27 curveto
-39.02 307.68 -36.79 304.5 -36.07 303.08 curveto
-35.34 301.67 -32.37 299.09 -31.72 297.19 curveto
-31.08 295.29 -30.24 293.31 -30.96 292.13 curveto
-31.69 290.95 -32.12 289.4 -31.59 288.17 curveto
-31.07 286.94 -29.49 283.06 -28.95 278.85 curveto
-28.42 274.64 -28.94 273.18 -29.47 271.91 curveto
-30.01 270.64 -29.34 270.76 -29.4 267.01 curveto
-29.45 263.26 -29.41 261.92 -30.36 259.1 curveto
-31.32 256.28 -31.88 250.4 -32.59 248.74 curveto
-33.3 247.08 -33.05 242.77 -34.17 241.96 curveto
-35.29 241.15 -37.38 240.4 -37.67 237.9 curveto
-37.97 235.39 -38.46 233.07 -38.11 231.16 curveto
-37.75 229.25 -37.8 227.81 -37.95 226.84 curveto
-38.11 225.88 -38.71 225.28 -39.37 224.68 curveto
-40.02 224.08 -41.29 223.32 -40.75 221.7 curveto
-40.21 220.09 -39.84 220.39 -39.66 219.39 curveto
-39.48 218.39 -39.53 218.53 -39.74 217.66 curveto
-39.95 216.79 -40.79 214.88 -40.67 214.07 curveto
-40.54 213.26 -40.31 211.97 -40.12 210.82 curveto
-39.94 209.68 -40.46 208.31 -40.2 207.55 curveto
-39.93 206.79 -39.01 206.59 -39.2 205.28 curveto
-39.39 203.98 -39.36 201.68 -39.67 200.99 curveto
-39.98 200.31 -40.56 199.04 -40.35 198.57 curveto
-40.14 198.09 -39.8 197.91 -39.69 197.34 curveto
-39.57 196.77 -39.74 196.23 -39.82 195.75 curveto
-39.9 195.27 -39.36 194.95 -39.63 194.36 curveto
-39.89 193.78 -40.18 192.23 -40.31 191.84 curveto
-40.44 191.45 -40.96 190.09 -40.71 189.76 curveto
-40.46 189.43 -39.81 187.3 -41.18 185.52 curveto
-42.56 183.74 -45.11 182.59 -45.01 180.96 curveto
-44.9 179.33 -44.98 176.21 -44.42 175.27 curveto
-43.86 174.33 -43.4 173.53 -43.75 172.46 curveto
-44.09 171.39 -43.67 170.4 -43.27 169.83 curveto
-42.86 169.27 -41.81 167.92 -42.15 166.85 curveto
-42.5 165.78 -43.2 165.08 -43.17 164.27 curveto
-43.14 163.45 -43.3 161.33 -43.21 160.08 curveto
-43.12 158.84 -42.82 157.22 -43.47 155.13 curveto
-44.11 153.04 -45.12 148.87 -45.16 147.33 curveto
-45.2 145.8 -45.15 141.62 -44.53 140.49 curveto
-43.91 139.36 -43.44 138.27 -43.03 137.42 curveto
-42.61 136.57 -39.39 136.49 -39.39 136.49 curveto stroke
 0 0.16667 dtransform truncate idtransform setlinewidth pop
newpath 1.83 168.3033 moveto
1.83 166.47003 lineto
1.33003 165.6367 lineto stroke
newpath 1.83 166.47003 moveto
2.32997 165.6367 lineto stroke
newpath -83.15 -126.84 moveto
-84.13284 -127.36977 -85.28635 -126.63354 -85.15308 -125.60304 curveto stroke
newpath -85.15308 -125.60304 moveto
-86.17253 -126.02803 -87.21545 -125.01894 -86.83029 -123.95613 curveto stroke
newpath -86.83029 -123.95613 moveto
-88.0014 -124.1643 -88.82623 -122.92876 -88.19955 -122.04533 curveto stroke
newpath -88.19955 -122.04533 moveto
-89.22986 -121.94882 -89.67204 -120.63718 -88.902 -119.79935 curveto stroke
newpath -88.902 -119.79935 moveto
-89.94908 -119.56555 -90.19165 -118.13564 -89.23517 -117.47314 curveto stroke
newpath -89.23517 -117.47314 moveto
-90.55217 -116.85083 -90.02779 -115.08878 -88.87933 -115.21269 curveto stroke
newpath -88.87933 -115.21269 moveto
-89.34254 -114.1645 -88.87181 -113.01622 -87.96698 -113.05836 curveto stroke
newpath -87.96698 -113.05836 moveto
-88.45163 -112.1207 -87.37604 -111.02893 -86.20335 -111.51714 curveto stroke
newpath -86.20335 -111.51714 moveto
-86.33453 -110.5066 -85.39064 -109.69244 -84.42 -109.98 curveto stroke
newpath -84.42 -109.98 moveto
-84.42 -109.98 lineto stroke
newpath -98.79 -213.66 moveto
-98.07417 -212.97345 -96.98572 -212.80959 -96.41212 -213.50958 curveto stroke
newpath -96.41212 -213.50958 moveto
-96.03133 -212.50012 -94.65407 -212.35014 -94.0272 -213.26143 curveto stroke
newpath -94.0272 -213.26143 moveto
-93.53554 -212.22955 -92.00352 -212.35283 -91.64964 -213.48978 curveto stroke
newpath -91.64964 -213.48978 moveto
-90.88847 -212.66522 -89.51158 -213.10199 -89.36598 -214.21336 curveto stroke
newpath -89.36598 -214.21336 moveto
-88.43358 -213.49884 -87.14275 -214.01129 -87.1166 -215.03252 curveto stroke
newpath -87.1166 -215.03252 moveto
-86.11346 -214.4186 -84.8816 -215.37141 -85.22336 -216.50073 curveto stroke
newpath -85.22336 -216.50073 moveto
-84.17525 -216.2556 -83.33453 -217.47482 -83.93797 -218.52222 curveto stroke
newpath -83.93797 -218.52222 moveto
-82.91164 -218.52127 -82.56204 -220.24776 -83.99379 -220.8366 curveto stroke
newpath -83.99379 -220.8366 moveto
-83.05363 -221.56177 -83.65794 -223.09435 -84.88908 -222.98404 curveto stroke
newpath -84.88908 -222.98404 moveto
-84.3164 -224.21892 -85.2589 -225.38301 -86.1591 -225.00291 curveto stroke
newpath -86.1591 -225.00291 moveto
-86.0444 -225.92262 -87.3521 -226.4509 -88.4425 -225.66881 curveto stroke
newpath -88.4425 -225.66881 moveto
-88.54153 -226.66983 -89.68942 -227.20174 -90.61398 -226.68388 curveto stroke
newpath -90.61398 -226.68388 moveto
-90.59903 -227.83167 -91.84877 -228.50668 -92.70375 -227.8575 curveto stroke
newpath -92.70375 -227.8575 moveto
-92.84354 -228.96259 -94.20306 -229.41331 -94.98 -228.61 curveto stroke
newpath -94.98 -228.61 moveto
-94.98 -228.61 lineto stroke
 0 0.33333 dtransform truncate idtransform setlinewidth pop
newpath -39.39 136.49 moveto
-37.73 137.03 -35.91 137.24 -35.16 137.51 curveto
-34.4 137.77 -30.18 138.12 -29.52 138.33 curveto
-28.85 138.55 -26.02 138.6 -25.45 138.86 curveto
-24.89 139.12 -22.46 139.74 -21.58 139.53 curveto
-20.71 139.32 -16.94 138.78 -15.82 138.34 curveto
-14.7 137.9 -12.8 137.15 -12.02 135.45 curveto
-11.24 133.75 -9.58 130.49 -8.98 125.67 curveto
-8.37 120.84 -7.54 113.9 -7.51 112.99 curveto
-7.48 112.08 -6.74 106.3 -6.84 104.9 curveto
-6.93 103.5 -8.68 97.1 -9.32 94.87 curveto
-9.96 92.64 -11.08 89.09 -11.62 88.16 curveto
-12.17 87.23 -14.57 84.69 -15.1 83.23 curveto
-15.62 81.77 -16.65 78.28 -17.14 77.2 curveto
-17.63 76.13 -19.97 71.58 -20.48 71.27 curveto
-21 70.96 -22.54 68.36 -22.92 66.86 curveto
-23.3 65.36 -24.97 60.97 -25.12 60.01 curveto
-25.28 59.04 -26.84 57.06 -27.79 56.65 curveto
-28.74 56.23 -29.94 56.42 -31.24 55.08 curveto
-32.54 53.74 -39.82 48 -40.47 47.45 curveto
-41.13 46.89 -48.09 40.21 -48.65 38.5 curveto
-49.21 36.8 -50.11 34.99 -51.04 32.99 curveto
-51.98 30.99 -52.39 30.3 -53.58 28.72 curveto
-54.77 27.14 -57.34 25.13 -58.44 23.65 curveto
-59.54 22.18 -60.08 19.85 -60.76 18.58 curveto
-61.43 17.31 -62.12 15.03 -63.07 13.36 curveto
-64.02 11.69 -63.89 10.64 -65.01 9.74 curveto
-66.13 8.83 -66.99 7.41 -67.29 6.25 curveto
-67.58 5.08 -68.63 2.21 -68.74 1.01 curveto
-68.84 -0.2 -69.37 -1.37 -70.32 -2.94 curveto
-71.28 -4.51 -73.13 -9.04 -74.16 -9.94 curveto
-75.18 -10.84 -75.75 -13.75 -76.17 -14.24 curveto
-76.58 -14.74 -78.19 -16.72 -78.25 -17.77 curveto
-78.31 -18.83 -80.24 -22.74 -80.5 -23.33 curveto
-80.77 -23.92 -82.73 -30.9 -83.21 -32.26 curveto
-83.69 -33.63 -86.85 -40.56 -87.73 -41.7 curveto
-88.6 -42.83 -90.69 -44.92 -91.04 -47 curveto
-91.4 -49.08 -94.26 -59.22 -94.42 -60.14 curveto
-94.58 -61.06 -96.32 -66.16 -96.41 -67.56 curveto
-96.51 -68.95 -96.77 -72.28 -97.17 -73.25 curveto
-97.57 -74.23 -97.71 -75.72 -97.91 -76.74 curveto
-98.12 -77.76 -98.48 -82.43 -98.67 -83.78 curveto
-98.86 -85.13 -99.16 -88.94 -99.68 -90.35 curveto
-100.21 -91.76 -102.04 -95.67 -102.52 -96.94 curveto
-103 -98.21 -104.62 -102.49 -104.63 -103.64 curveto
-104.64 -104.8 -104.08 -108.19 -103.86 -110.44 curveto
-103.63 -112.69 -102.68 -116.59 -102.23 -118.3 curveto
-101.79 -120.01 -100.58 -128.28 -100.74 -129.25 curveto
-100.89 -130.21 -100.38 -132.45 -101.52 -135.52 curveto
-102.66 -138.58 -102.24 -139.58 -102.55 -140.36 curveto
-102.86 -141.13 -103.42 -142.79 -103.09 -144.12 curveto
-102.75 -145.45 -102.18 -148.03 -102.11 -148.5 curveto
-102.05 -148.98 -101.49 -151.07 -101.68 -152.71 curveto
-101.86 -154.35 -101.63 -159.34 -101.79 -160.4 curveto
-101.94 -161.46 -102.25 -166.08 -101.82 -167.46 curveto
-101.39 -168.84 -100.78 -172.47 -100.57 -174.33 curveto
-100.36 -176.2 -99.92 -177.57 -100.11 -178.97 curveto
-100.3 -180.37 -99.95 -183.67 -99.91 -184.87 curveto
-99.86 -186.07 -99.59 -187.12 -99.31 -189.51 curveto
-99.03 -191.91 -99.14 -196.86 -98.68 -197.66 curveto
-98.22 -198.46 -97.49 -201.65 -97.34 -203.09 curveto
-97.19 -204.53 -97.38 -205.88 -97.21 -206.74 curveto
-97.03 -207.6 -97.1 -209.66 -97.06 -211.01 curveto
-97.01 -212.35 -95.92 -217.11 -95.61 -217.78 curveto
-95.3 -218.44 -94.12 -223.15 -93.66 -223.95 curveto
-93.2 -224.75 -92.28 -229.09 -91.38 -229.87 curveto
-90.49 -230.65 -89.23 -232.39 -88.69 -232.75 curveto
-88.15 -233.12 -86.95 -232.98 -86.07 -233.57 curveto
-85.18 -234.16 -82.69 -235.42 -82.23 -237.56 curveto
-81.77 -239.71 -80.62 -243.46 -80.32 -245.32 curveto
-80.01 -247.19 -79.93 -249.59 -81.28 -251.94 curveto
-82.64 -254.3 -82.43 -254.91 -82.73 -255.88 curveto
-83.03 -256.86 -83.91 -257.7 -84.61 -258.35 curveto
-85.3 -259 -86.02 -259.17 -85.95 -259.75 curveto
-85.88 -260.32 -85.46 -261.27 -84.85 -262.3 curveto
-84.24 -263.34 -83.72 -264.37 -83.8 -267.31 curveto
-83.89 -270.24 -82.79 -275.34 -82.66 -276.3 curveto
-82.53 -277.25 -81.46 -281.73 -81.56 -282.89 curveto
-81.66 -284.04 -81.86 -286.5 -81.54 -287.45 curveto
-81.21 -288.4 -81.51 -289.51 -81.53 -290.14 curveto
-81.56 -290.76 -81.39 -291.38 -80.78 -292.46 curveto
-80.16 -293.54 -76.25 -298.21 -76.13 -298.83 curveto
-76.01 -299.45 -75.23 -301.2 -74.48 -301.98 curveto
-73.73 -302.77 -70.74 -304.49 -69.33 -305.02 curveto
-67.92 -305.54 -64.62 -307.63 -63.55 -307.98 curveto
-62.49 -308.33 -59.48 -310.57 -57.84 -310.75 curveto
-56.2 -310.93 -54.12 -311.39 -52.1 -312.81 curveto
-50.08 -314.22 -46.79 -316.12 -46.4 -316.49 curveto
-46 -316.86 -43.83 -317.12 -42.11 -316.92 curveto
-40.38 -316.71 -39.77 -316.5 -38.68 -317.23 curveto
-37.6 -317.96 -36.9 -320 -35.71 -319.76 curveto
-34.52 -319.53 -31.32 -319.08 -30.31 -319.09 curveto
-29.3 -319.1 -25.15 -318.18 -24.12 -317.62 curveto
-23.08 -317.05 -19.67 -318.37 -17.98 -318.59 curveto
-16.29 -318.82 -11.03 -321.03 -10.14 -321.67 curveto
-9.25 -322.31 -3.08 -325.65 -2.49 -326.01 curveto
-1.9 -326.37 2.64 -327.03 3.32 -327.34 curveto
4 -327.65 6.77 -331.2 7.76 -331.89 curveto
8.74 -332.57 10.59 -333.23 10.98 -333.31 curveto
11.36 -333.39 13.24 -329.58 14.55 -327.13 curveto
15.85 -324.68 19.77 -318.59 20.22 -316.5 curveto
20.67 -314.42 22.75 -306.81 24.32 -304.88 curveto
25.88 -302.95 28.68 -299.2 30.44 -298.71 curveto
32.2 -298.21 37.83 -293.3 39.17 -293.02 curveto
40.5 -292.73 48.29 -291.73 50.26 -291.8 curveto
52.24 -291.88 56.12 -291.69 57.31 -291.41 curveto
58.5 -291.13 62.05 -290.86 62.87 -291.16 curveto
63.7 -291.47 67.15 -291.25 68.16 -291.26 curveto
69.17 -291.27 71.83 -291.9 72.88 -291.53 curveto
73.92 -291.15 76.42 -289.86 76.76 -289.85 curveto
77.09 -289.84 80.48 -289.33 81.55 -288.24 curveto
82.62 -287.14 84.19 -286.75 85.7 -284.77 curveto
87.22 -282.8 87.48 -280.77 89.45 -279.45 curveto
91.42 -278.13 92.92 -277.21 93.47 -276.33 curveto
94.01 -275.45 95.97 -270.91 97.04 -269.96 curveto
98.11 -269.01 99.35 -266.27 99.91 -265.82 curveto
100.47 -265.37 103.08 -261.53 103.23 -260.42 curveto
103.38 -259.31 102.95 -258.07 103.01 -256.92 curveto
103.06 -255.76 103.62 -252.67 104.16 -251.64 curveto
104.7 -250.61 106.76 -247.66 106.91 -246.4 curveto
107.05 -245.15 106.49 -244.16 107.4 -242.69 curveto stroke
 0 0.11667 dtransform truncate idtransform setlinewidth pop
newpath 71.53336 -242.6 moveto
72.86664 -242.6 lineto stroke
 0.11667 0 dtransform exch truncate exch idtransform pop setlinewidth
newpath 72.2 -243.26665 moveto
72.2 -241.93336 lineto stroke
 0.00002 0.00018 0.00008 setrgbcolor
newpath 72.46667 -242.6 moveto
72.46667 -242.52928 72.43857 -242.46146 72.38855 -242.41145 curveto
72.33855 -242.36143 72.27072 -242.33333 72.2 -242.33333 curveto
72.12927 -242.33333 72.06145 -242.36143 72.01144 -242.41145 curveto
71.96143 -242.46146 71.93332 -242.52928 71.93332 -242.6 curveto
71.93332 -242.67073 71.96143 -242.73856 72.01144 -242.78856 curveto
72.06145 -242.83858 72.12927 -242.86668 72.2 -242.86668 curveto
72.27072 -242.86668 72.33855 -242.83858 72.38855 -242.78856 curveto
72.43857 -242.73856 72.46667 -242.67073 72.46667 -242.6 curveto closepath fill
 0 0 0 setrgbcolor 0 0.16667 dtransform truncate idtransform setlinewidth pop
newpath 72.2 -242.6 moveto 0 0 rlineto stroke
 0 0.11667 dtransform truncate idtransform setlinewidth pop
newpath 53.49336 -277.56 moveto
54.82664 -277.56 lineto stroke
 0.11667 0 dtransform exch truncate exch idtransform pop setlinewidth
newpath 54.16 -278.22664 moveto
54.16 -276.89336 lineto stroke
 0.00002 0.00018 0.00008 setrgbcolor
newpath 54.42668 -277.56 moveto
54.42668 -277.48927 54.39857 -277.42145 54.34856 -277.37144 curveto
54.29855 -277.32143 54.23073 -277.29332 54.16 -277.29332 curveto
54.08928 -277.29332 54.02145 -277.32143 53.97145 -277.37144 curveto
53.92143 -277.42145 53.89333 -277.48927 53.89333 -277.56 curveto
53.89333 -277.63072 53.92143 -277.69855 53.97145 -277.74855 curveto
54.02145 -277.79857 54.08928 -277.82668 54.16 -277.82668 curveto
54.23073 -277.82668 54.29855 -277.79857 54.34856 -277.74855 curveto
54.39857 -277.69855 54.42668 -277.63072 54.42668 -277.56 curveto closepath fill
 0 0 0 setrgbcolor 0 0.16667 dtransform truncate idtransform setlinewidth pop
newpath 54.16 -277.56 moveto 0 0 rlineto stroke
 0 0.11667 dtransform truncate idtransform setlinewidth pop
newpath -8.01665 -308.84 moveto
-6.68336 -308.84 lineto stroke
 0.11667 0 dtransform exch truncate exch idtransform pop setlinewidth
newpath -7.35 -309.50664 moveto
-7.35 -308.17336 lineto stroke
 0.00002 0.00018 0.00008 setrgbcolor
newpath -7.08333 -308.84 moveto
-7.08333 -308.76927 -7.11143 -308.70145 -7.16145 -308.65144 curveto
-7.21146 -308.60143 -7.27928 -308.57332 -7.35 -308.57332 curveto
-7.42073 -308.57332 -7.48856 -308.60143 -7.53856 -308.65144 curveto
-7.58858 -308.70145 -7.61668 -308.76927 -7.61668 -308.84 curveto
-7.61668 -308.91072 -7.58858 -308.97855 -7.53856 -309.02855 curveto
-7.48856 -309.07857 -7.42073 -309.10667 -7.35 -309.10667 curveto
-7.27928 -309.10667 -7.21146 -309.07857 -7.16145 -309.02855 curveto
-7.11143 -308.97855 -7.08333 -308.91072 -7.08333 -308.84 curveto closepath fill
 0 0 0 setrgbcolor 0 0.16667 dtransform truncate idtransform setlinewidth pop
newpath -7.35 -308.84 moveto 0 0 rlineto stroke
 0 0.11667 dtransform truncate idtransform setlinewidth pop
newpath -33.25664 -303.95 moveto
-31.92336 -303.95 lineto stroke
 0.11667 0 dtransform exch truncate exch idtransform pop setlinewidth
newpath -32.59 -304.61664 moveto
-32.59 -303.28336 lineto stroke
 0.00002 0.00018 0.00008 setrgbcolor
newpath -32.32332 -303.95 moveto
-32.32332 -303.87927 -32.35143 -303.81145 -32.40144 -303.76144 curveto
-32.45145 -303.71143 -32.51927 -303.68332 -32.59 -303.68332 curveto
-32.66072 -303.68332 -32.72855 -303.71143 -32.77855 -303.76144 curveto
-32.82857 -303.81145 -32.85667 -303.87927 -32.85667 -303.95 curveto
-32.85667 -304.02072 -32.82857 -304.08855 -32.77855 -304.13855 curveto
-32.72855 -304.18857 -32.66072 -304.21667 -32.59 -304.21667 curveto
-32.51927 -304.21667 -32.45145 -304.18857 -32.40144 -304.13855 curveto
-32.35143 -304.08855 -32.32332 -304.02072 -32.32332 -303.95 curveto closepath
 fill
 0 0 0 setrgbcolor 0 0.16667 dtransform truncate idtransform setlinewidth pop
newpath -32.59 -303.95 moveto 0 0 rlineto stroke
 0 0.11667 dtransform truncate idtransform setlinewidth pop
newpath -66.99664 -298.14 moveto
-65.66336 -298.14 lineto stroke
 0.11667 0 dtransform exch truncate exch idtransform pop setlinewidth
newpath -66.33 -298.80664 moveto
-66.33 -297.47336 lineto stroke
 0.00002 0.00018 0.00008 setrgbcolor
newpath -66.06332 -298.14 moveto
-66.06332 -298.06927 -66.09143 -298.00145 -66.14145 -297.95145 curveto
-66.19145 -297.90143 -66.25928 -297.87332 -66.33 -297.87332 curveto
-66.40073 -297.87332 -66.46855 -297.90143 -66.51855 -297.95145 curveto
-66.56857 -298.00145 -66.59668 -298.06927 -66.59668 -298.14 curveto
-66.59668 -298.21072 -66.56857 -298.27855 -66.51855 -298.32855 curveto
-66.46855 -298.37857 -66.40073 -298.40668 -66.33 -298.40668 curveto
-66.25928 -298.40668 -66.19145 -298.37857 -66.14145 -298.32855 curveto
-66.09143 -298.27855 -66.06332 -298.21072 -66.06332 -298.14 curveto closepath
 fill
 0 0 0 setrgbcolor 0 0.16667 dtransform truncate idtransform setlinewidth pop
newpath -66.33 -298.14 moveto 0 0 rlineto stroke
 0 0.11667 dtransform truncate idtransform setlinewidth pop
newpath -73.38664 -254.69 moveto
-72.05336 -254.69 lineto stroke
 0.11667 0 dtransform exch truncate exch idtransform pop setlinewidth
newpath -72.72 -255.35664 moveto
-72.72 -254.02336 lineto stroke
 0.00002 0.00018 0.00008 setrgbcolor
newpath -72.45332 -254.69 moveto
-72.45332 -254.61928 -72.48143 -254.55145 -72.53145 -254.50145 curveto
-72.58145 -254.45143 -72.64928 -254.42332 -72.72 -254.42332 curveto
-72.79073 -254.42332 -72.85855 -254.45143 -72.90855 -254.50145 curveto
-72.95857 -254.55145 -72.98668 -254.61928 -72.98668 -254.69 curveto
-72.98668 -254.76073 -72.95857 -254.82855 -72.90855 -254.87856 curveto
-72.85855 -254.92857 -72.79073 -254.95668 -72.72 -254.95668 curveto
-72.64928 -254.95668 -72.58145 -254.92857 -72.53145 -254.87856 curveto
-72.48143 -254.82855 -72.45332 -254.76073 -72.45332 -254.69 curveto closepath
 fill
 0 0 0 setrgbcolor 0 0.16667 dtransform truncate idtransform setlinewidth pop
newpath -72.72 -254.69 moveto 0 0 rlineto stroke
 0 0.11667 dtransform truncate idtransform setlinewidth pop
newpath -82.70663 -216.62 moveto
-81.37335 -216.62 lineto stroke
 0.11667 0 dtransform exch truncate exch idtransform pop setlinewidth
newpath -82.04 -217.28664 moveto
-82.04 -215.95335 lineto stroke
 0.00002 0.00018 0.00008 setrgbcolor
newpath -81.77332 -216.62 moveto
-81.77332 -216.54927 -81.80142 -216.48145 -81.85144 -216.43144 curveto
-81.90144 -216.38142 -81.96927 -216.35332 -82.04 -216.35332 curveto
-82.11072 -216.35332 -82.17854 -216.38142 -82.22855 -216.43144 curveto
-82.27856 -216.48145 -82.30667 -216.54927 -82.30667 -216.62 curveto
-82.30667 -216.69072 -82.27856 -216.75854 -82.22855 -216.80855 curveto
-82.17854 -216.85857 -82.11072 -216.88667 -82.04 -216.88667 curveto
-81.96927 -216.88667 -81.90144 -216.85857 -81.85144 -216.80855 curveto
-81.80142 -216.75854 -81.77332 -216.69072 -81.77332 -216.62 curveto closepath
 fill
 0 0 0 setrgbcolor 0 0.16667 dtransform truncate idtransform setlinewidth pop
newpath -82.04 -216.62 moveto 0 0 rlineto stroke
 0 0.11667 dtransform truncate idtransform setlinewidth pop
newpath -92.39664 -206.4 moveto
-91.06335 -206.4 lineto stroke
 0.11667 0 dtransform exch truncate exch idtransform pop setlinewidth
newpath -91.73 -207.06664 moveto
-91.73 -205.73335 lineto stroke
 0.00002 0.00018 0.00008 setrgbcolor
newpath -91.46332 -206.4 moveto
-91.46332 -206.32927 -91.49142 -206.26144 -91.54144 -206.21144 curveto
-91.59145 -206.16142 -91.65927 -206.13332 -91.73 -206.13332 curveto
-91.80072 -206.13332 -91.86855 -206.16142 -91.91855 -206.21144 curveto
-91.96857 -206.26144 -91.99667 -206.32927 -91.99667 -206.4 curveto
-91.99667 -206.47072 -91.96857 -206.53854 -91.91855 -206.58855 curveto
-91.86855 -206.63857 -91.80072 -206.66667 -91.73 -206.66667 curveto
-91.65927 -206.66667 -91.59145 -206.63857 -91.54144 -206.58855 curveto
-91.49142 -206.53854 -91.46332 -206.47072 -91.46332 -206.4 curveto closepath
 fill
 0 0 0 setrgbcolor 0 0.16667 dtransform truncate idtransform setlinewidth pop
newpath -91.73 -206.4 moveto 0 0 rlineto stroke
 0 0.11667 dtransform truncate idtransform setlinewidth pop
newpath -96.59663 -180.34 moveto
-95.26335 -180.34 lineto stroke
 0.11667 0 dtransform exch truncate exch idtransform pop setlinewidth
newpath -95.93 -181.00664 moveto
-95.93 -179.67336 lineto stroke
 0.00002 0.00018 0.00008 setrgbcolor
newpath -95.66331 -180.34 moveto
-95.66331 -180.26927 -95.69142 -180.20145 -95.74144 -180.15144 curveto
-95.79144 -180.10143 -95.85927 -180.07332 -95.93 -180.07332 curveto
-96.00072 -180.07332 -96.06854 -180.10143 -96.11855 -180.15144 curveto
-96.16856 -180.20145 -96.19667 -180.26927 -96.19667 -180.34 curveto
-96.19667 -180.41072 -96.16856 -180.47855 -96.11855 -180.52855 curveto
-96.06854 -180.57857 -96.00072 -180.60667 -95.93 -180.60667 curveto
-95.85927 -180.60667 -95.79144 -180.57857 -95.74144 -180.52855 curveto
-95.69142 -180.47855 -95.66331 -180.41072 -95.66331 -180.34 curveto closepath
 fill
 0 0 0 setrgbcolor 0 0.16667 dtransform truncate idtransform setlinewidth pop
newpath -95.93 -180.34 moveto 0 0 rlineto stroke
 0 0.11667 dtransform truncate idtransform setlinewidth pop
newpath -96.95663 -108.72 moveto
-95.62335 -108.72 lineto stroke
 0.11667 0 dtransform exch truncate exch idtransform pop setlinewidth
newpath -96.29 -109.38664 moveto
-96.29 -108.05336 lineto stroke
 0.00002 0.00018 0.00008 setrgbcolor
newpath -96.02332 -108.72 moveto
-96.02332 -108.64928 -96.05142 -108.58145 -96.10144 -108.53145 curveto
-96.15144 -108.48143 -96.21927 -108.45332 -96.29 -108.45332 curveto
-96.36072 -108.45332 -96.42854 -108.48143 -96.47855 -108.53145 curveto
-96.52856 -108.58145 -96.55667 -108.64928 -96.55667 -108.72 curveto
-96.55667 -108.79073 -96.52856 -108.85855 -96.47855 -108.90855 curveto
-96.42854 -108.95857 -96.36072 -108.98668 -96.29 -108.98668 curveto
-96.21927 -108.98668 -96.15144 -108.95857 -96.10144 -108.90855 curveto
-96.05142 -108.85855 -96.02332 -108.79073 -96.02332 -108.72 curveto closepath
 fill
 0 0 0 setrgbcolor 0 0.16667 dtransform truncate idtransform setlinewidth pop
newpath -96.29 -108.72 moveto 0 0 rlineto stroke
 0 0.11667 dtransform truncate idtransform setlinewidth pop
newpath -88.61664 -68.51 moveto
-87.28336 -68.51 lineto stroke
 0.11667 0 dtransform exch truncate exch idtransform pop setlinewidth
newpath -87.95 -69.17664 moveto
-87.95 -67.84335 lineto stroke
 0.00002 0.00018 0.00008 setrgbcolor
newpath -87.68332 -68.51 moveto
-87.68332 -68.43927 -87.71143 -68.37144 -87.76144 -68.32144 curveto
-87.81145 -68.27142 -87.87927 -68.24332 -87.95 -68.24332 curveto
-88.02072 -68.24332 -88.08855 -68.27142 -88.13855 -68.32144 curveto
-88.18857 -68.37144 -88.21667 -68.43927 -88.21667 -68.51 curveto
-88.21667 -68.58072 -88.18857 -68.64854 -88.13855 -68.69855 curveto
-88.08855 -68.74857 -88.02072 -68.77667 -87.95 -68.77667 curveto
-87.87927 -68.77667 -87.81145 -68.74857 -87.76144 -68.69855 curveto
-87.71143 -68.64854 -87.68332 -68.58072 -87.68332 -68.51 curveto closepath fill
 0 0 0 setrgbcolor 0 0.16667 dtransform truncate idtransform setlinewidth pop
newpath -87.95 -68.51 moveto 0 0 rlineto stroke
 0 0.11667 dtransform truncate idtransform setlinewidth pop
newpath -62.80664 -0.29 moveto
-61.47336 -0.29 lineto stroke
 0.11667 0 dtransform exch truncate exch idtransform pop setlinewidth
newpath -62.14 -0.95663 moveto
-62.14 0.37665 lineto stroke
 0.00002 0.00018 0.00008 setrgbcolor
newpath -61.87332 -0.29 moveto
-61.87332 -0.21927 -61.90143 -0.15144 -61.95145 -0.10144 curveto
-62.00145 -0.05142 -62.06927 -0.02332 -62.14 -0.02332 curveto
-62.21072 -0.02332 -62.27855 -0.05142 -62.32855 -0.10144 curveto
-62.37857 -0.15144 -62.40668 -0.21927 -62.40668 -0.29 curveto
-62.40668 -0.36072 -62.37857 -0.42854 -62.32855 -0.47855 curveto
-62.27855 -0.52856 -62.21072 -0.55667 -62.14 -0.55667 curveto
-62.06927 -0.55667 -62.00145 -0.52856 -61.95145 -0.47855 curveto
-61.90143 -0.42854 -61.87332 -0.36072 -61.87332 -0.29 curveto closepath fill
 0 0 0 setrgbcolor 0 0.16667 dtransform truncate idtransform setlinewidth pop
newpath -62.14 -0.29 moveto 0 0 rlineto stroke
 0 0.11667 dtransform truncate idtransform setlinewidth pop
newpath -47.58664 27.14 moveto
-46.25336 27.14 lineto stroke
 0.11667 0 dtransform exch truncate exch idtransform pop setlinewidth
newpath -46.92 26.47336 moveto
-46.92 27.80664 lineto stroke
 0.00002 0.00018 0.00008 setrgbcolor
newpath -46.65332 27.14 moveto
-46.65332 27.21072 -46.68143 27.27855 -46.73145 27.32855 curveto
-46.78145 27.37857 -46.84927 27.40668 -46.92 27.40668 curveto
-46.99072 27.40668 -47.05855 27.37857 -47.10855 27.32855 curveto
-47.15857 27.27855 -47.18668 27.21072 -47.18668 27.14 curveto
-47.18668 27.06927 -47.15857 27.00145 -47.10855 26.95145 curveto
-47.05855 26.90143 -46.99072 26.87332 -46.92 26.87332 curveto
-46.84927 26.87332 -46.78145 26.90143 -46.73145 26.95145 curveto
-46.68143 27.00145 -46.65332 27.06927 -46.65332 27.14 curveto closepath fill
 0 0 0 setrgbcolor 0 0.16667 dtransform truncate idtransform setlinewidth pop
newpath -46.92 27.14 moveto 0 0 rlineto stroke
 0 0.11667 dtransform truncate idtransform setlinewidth pop
newpath -27.41664 53.93 moveto
-26.08336 53.93 lineto stroke
 0.11667 0 dtransform exch truncate exch idtransform pop setlinewidth
newpath -26.75 53.26335 moveto
-26.75 54.59663 lineto stroke
 0.00002 0.00018 0.00008 setrgbcolor
newpath -26.48332 53.93 moveto
-26.48332 54.00072 -26.51143 54.06854 -26.56145 54.11855 curveto
-26.61145 54.16856 -26.67928 54.19667 -26.75 54.19667 curveto
-26.82072 54.19667 -26.88855 54.16856 -26.93855 54.11855 curveto
-26.98857 54.06854 -27.01668 54.00072 -27.01668 53.93 curveto
-27.01668 53.85927 -26.98857 53.79144 -26.93855 53.74144 curveto
-26.88855 53.69142 -26.82072 53.66331 -26.75 53.66331 curveto
-26.67928 53.66331 -26.61145 53.69142 -26.56145 53.74144 curveto
-26.51143 53.79144 -26.48332 53.85927 -26.48332 53.93 curveto closepath fill
 0 0 0 setrgbcolor 0 0.16667 dtransform truncate idtransform setlinewidth pop
newpath -26.75 53.93 moveto 0 0 rlineto stroke
 0 0.11667 dtransform truncate idtransform setlinewidth pop
newpath -9.18665 79.41 moveto
-7.85336 79.41 lineto stroke
 0.11667 0 dtransform exch truncate exch idtransform pop setlinewidth
newpath -8.52 78.74336 moveto
-8.52 80.07664 lineto stroke
 0.00002 0.00018 0.00008 setrgbcolor
newpath -8.25333 79.41 moveto
-8.25333 79.48073 -8.28143 79.54855 -8.33145 79.59856 curveto
-8.38145 79.64857 -8.44928 79.67668 -8.52 79.67668 curveto
-8.59073 79.67668 -8.65855 79.64857 -8.70856 79.59856 curveto
-8.75858 79.54855 -8.78668 79.48073 -8.78668 79.41 curveto
-8.78668 79.33928 -8.75858 79.27145 -8.70856 79.22145 curveto
-8.65855 79.17143 -8.59073 79.14333 -8.52 79.14333 curveto
-8.44928 79.14333 -8.38145 79.17143 -8.33145 79.22145 curveto
-8.28143 79.27145 -8.25333 79.33928 -8.25333 79.41 curveto closepath fill
 0 0 0 setrgbcolor 0 0.16667 dtransform truncate idtransform setlinewidth pop
newpath -8.52 79.41 moveto 0 0 rlineto stroke
 0 0.11667 dtransform truncate idtransform setlinewidth pop
newpath 3.92336 130.44 moveto
5.25664 130.44 lineto stroke
 0.11667 0 dtransform exch truncate exch idtransform pop setlinewidth
newpath 4.59 129.77336 moveto
4.59 131.10664 lineto stroke
 0.00002 0.00018 0.00008 setrgbcolor
newpath 4.85667 130.44 moveto
4.85667 130.51073 4.82857 130.57855 4.77855 130.62856 curveto
4.72855 130.67857 4.66072 130.70668 4.59 130.70668 curveto
4.51927 130.70668 4.45145 130.67857 4.40144 130.62856 curveto
4.35143 130.57855 4.32332 130.51073 4.32332 130.44 curveto
4.32332 130.36928 4.35143 130.30145 4.40144 130.25145 curveto
4.45145 130.20143 4.51927 130.17332 4.59 130.17332 curveto
4.66072 130.17332 4.72855 130.20143 4.77855 130.25145 curveto
4.82857 130.30145 4.85667 130.36928 4.85667 130.44 curveto closepath fill
 0 0 0 setrgbcolor 0 0.16667 dtransform truncate idtransform setlinewidth pop
newpath 4.59 130.44 moveto 0 0 rlineto stroke
 0 0.11667 dtransform truncate idtransform setlinewidth pop
newpath -8.78664 165.02 moveto
-7.45335 165.02 lineto stroke
 0.11667 0 dtransform exch truncate exch idtransform pop setlinewidth
newpath -8.12 164.35336 moveto
-8.12 165.68665 lineto stroke
 0.00002 0.00018 0.00008 setrgbcolor
newpath -7.85332 165.02 moveto
-7.85332 165.09073 -7.88142 165.15855 -7.93144 165.20856 curveto
-7.98145 165.25858 -8.04927 165.28668 -8.12 165.28668 curveto
-8.19072 165.28668 -8.25854 165.25858 -8.30855 165.20856 curveto
-8.35857 165.15855 -8.38667 165.09073 -8.38667 165.02 curveto
-8.38667 164.94928 -8.35857 164.88145 -8.30855 164.83145 curveto
-8.25854 164.78143 -8.19072 164.75333 -8.12 164.75333 curveto
-8.04927 164.75333 -7.98145 164.78143 -7.93144 164.83145 curveto
-7.88142 164.88145 -7.85332 164.94928 -7.85332 165.02 curveto closepath fill
 0 0 0 setrgbcolor 0 0.16667 dtransform truncate idtransform setlinewidth pop
newpath -8.12 165.02 moveto 0 0 rlineto stroke
 0 0.11667 dtransform truncate idtransform setlinewidth pop
newpath -27.38664 155.11 moveto
-26.05336 155.11 lineto stroke
 0.11667 0 dtransform exch truncate exch idtransform pop setlinewidth
newpath -26.72 154.44336 moveto
-26.72 155.77664 lineto stroke
 0.00002 0.00018 0.00008 setrgbcolor
newpath -26.45332 155.11 moveto
-26.45332 155.18073 -26.48143 155.24855 -26.53145 155.29855 curveto
-26.58145 155.34857 -26.64928 155.37668 -26.72 155.37668 curveto
-26.79073 155.37668 -26.85855 155.34857 -26.90855 155.29855 curveto
-26.95857 155.24855 -26.98668 155.18073 -26.98668 155.11 curveto
-26.98668 155.03928 -26.95857 154.97145 -26.90855 154.92145 curveto
-26.85855 154.87143 -26.79073 154.84332 -26.72 154.84332 curveto
-26.64928 154.84332 -26.58145 154.87143 -26.53145 154.92145 curveto
-26.48143 154.97145 -26.45332 155.03928 -26.45332 155.11 curveto closepath fill
 0 0 0 setrgbcolor 0 0.16667 dtransform truncate idtransform setlinewidth pop
newpath -26.72 155.11 moveto 0 0 rlineto stroke
 0 0.11667 dtransform truncate idtransform setlinewidth pop
newpath -38.27664 187.84 moveto
-36.94336 187.84 lineto stroke
 0.11667 0 dtransform exch truncate exch idtransform pop setlinewidth
newpath -37.61 187.17336 moveto
-37.61 188.50664 lineto stroke
 0.00002 0.00018 0.00008 setrgbcolor
newpath -37.34332 187.84 moveto
-37.34332 187.91072 -37.37143 187.97855 -37.42145 188.02855 curveto
-37.47145 188.07857 -37.53928 188.10667 -37.61 188.10667 curveto
-37.68073 188.10667 -37.74855 188.07857 -37.79855 188.02855 curveto
-37.84857 187.97855 -37.87668 187.91072 -37.87668 187.84 curveto
-37.87668 187.76927 -37.84857 187.70145 -37.79855 187.65144 curveto
-37.74855 187.60143 -37.68073 187.57332 -37.61 187.57332 curveto
-37.53928 187.57332 -37.47145 187.60143 -37.42145 187.65144 curveto
-37.37143 187.70145 -37.34332 187.76927 -37.34332 187.84 curveto closepath fill
 0 0 0 setrgbcolor 0 0.16667 dtransform truncate idtransform setlinewidth pop
newpath -37.61 187.84 moveto 0 0 rlineto stroke
 0 0.11667 dtransform truncate idtransform setlinewidth pop
newpath -39.77664 218.07 moveto
-38.44336 218.07 lineto stroke
 0.11667 0 dtransform exch truncate exch idtransform pop setlinewidth
newpath -39.11 217.40337 moveto
-39.11 218.73665 lineto stroke
 0.00002 0.00018 0.00008 setrgbcolor
newpath -38.84332 218.07 moveto
-38.84332 218.14073 -38.87143 218.20856 -38.92145 218.25856 curveto
-38.97145 218.30858 -39.03928 218.33669 -39.11 218.33669 curveto
-39.18073 218.33669 -39.24855 218.30858 -39.29855 218.25856 curveto
-39.34857 218.20856 -39.37668 218.14073 -39.37668 218.07 curveto
-39.37668 217.99928 -39.34857 217.93146 -39.29855 217.88145 curveto
-39.24855 217.83144 -39.18073 217.80333 -39.11 217.80333 curveto
-39.03928 217.80333 -38.97145 217.83144 -38.92145 217.88145 curveto
-38.87143 217.93146 -38.84332 217.99928 -38.84332 218.07 curveto closepath fill
 0 0 0 setrgbcolor 0 0.16667 dtransform truncate idtransform setlinewidth pop
newpath -39.11 218.07 moveto 0 0 rlineto stroke
 0 0.11667 dtransform truncate idtransform setlinewidth pop
newpath -30.54665 240.87 moveto
-29.21336 240.87 lineto stroke
 0.11667 0 dtransform exch truncate exch idtransform pop setlinewidth
newpath -29.88 240.20335 moveto
-29.88 241.53664 lineto stroke
 0.00002 0.00018 0.00008 setrgbcolor
newpath -29.61333 240.87 moveto
-29.61333 240.94072 -29.64143 241.00854 -29.69145 241.05855 curveto
-29.74146 241.10857 -29.80928 241.13667 -29.88 241.13667 curveto
-29.95073 241.13667 -30.01855 241.10857 -30.06856 241.05855 curveto
-30.11858 241.00854 -30.14668 240.94072 -30.14668 240.87 curveto
-30.14668 240.79927 -30.11858 240.73145 -30.06856 240.68144 curveto
-30.01855 240.63142 -29.95073 240.60332 -29.88 240.60332 curveto
-29.80928 240.60332 -29.74146 240.63142 -29.69145 240.68144 curveto
-29.64143 240.73145 -29.61333 240.79927 -29.61333 240.87 curveto closepath fill
 0 0 0 setrgbcolor 0 0.16667 dtransform truncate idtransform setlinewidth pop
newpath -29.88 240.87 moveto 0 0 rlineto stroke
 0 0.11667 dtransform truncate idtransform setlinewidth pop
newpath -26.20663 291.01 moveto
-24.87335 291.01 lineto stroke
 0.11667 0 dtransform exch truncate exch idtransform pop setlinewidth
newpath -25.54 290.34335 moveto
-25.54 291.67664 lineto stroke
 0.00002 0.00018 0.00008 setrgbcolor
newpath -25.27332 291.01 moveto
-25.27332 291.08072 -25.30142 291.14854 -25.35144 291.19855 curveto
-25.40144 291.24857 -25.46927 291.27667 -25.54 291.27667 curveto
-25.61072 291.27667 -25.67854 291.24857 -25.72855 291.19855 curveto
-25.77856 291.14854 -25.80667 291.08072 -25.80667 291.01 curveto
-25.80667 290.93927 -25.77856 290.87144 -25.72855 290.82144 curveto
-25.67854 290.77142 -25.61072 290.74332 -25.54 290.74332 curveto
-25.46927 290.74332 -25.40144 290.77142 -25.35144 290.82144 curveto
-25.30142 290.87144 -25.27332 290.93927 -25.27332 291.01 curveto closepath fill
 0 0 0 setrgbcolor 0 0.16667 dtransform truncate idtransform setlinewidth pop
newpath -25.54 291.01 moveto 0 0 rlineto stroke
 0 0.11667 dtransform truncate idtransform setlinewidth pop
newpath -49.22664 323.92 moveto
-47.89336 323.92 lineto stroke
 0.11667 0 dtransform exch truncate exch idtransform pop setlinewidth
newpath -48.56 323.25336 moveto
-48.56 324.58664 lineto stroke
 0.00002 0.00018 0.00008 setrgbcolor
newpath -48.29332 323.92 moveto
-48.29332 323.99072 -48.32143 324.05855 -48.37144 324.10855 curveto
-48.42145 324.15857 -48.48927 324.18668 -48.56 324.18668 curveto
-48.63072 324.18668 -48.69855 324.15857 -48.74855 324.10855 curveto
-48.79857 324.05855 -48.82668 323.99072 -48.82668 323.92 curveto
-48.82668 323.84927 -48.79857 323.78145 -48.74855 323.73145 curveto
-48.69855 323.68143 -48.63072 323.65332 -48.56 323.65332 curveto
-48.48927 323.65332 -48.42145 323.68143 -48.37144 323.73145 curveto
-48.32143 323.78145 -48.29332 323.84927 -48.29332 323.92 curveto closepath fill
 0 0 0 setrgbcolor 0 0.16667 dtransform truncate idtransform setlinewidth pop
newpath -48.56 323.92 moveto 0 0 rlineto stroke
showpage
%%EOF
