%!PS
%%BoundingBox: -502 -266 436 252 
%%HiResBoundingBox: -501.84613 -265.93686 435.08833 251.68619 
%%Creator: MetaPost 1.209
%%CreationDate: 2015.11.29:1738
%%Pages: 1
%%BeginProlog
%%EndProlog
%%Page: 1 1
 0 0 0 setrgbcolor 0 0.11667 dtransform truncate idtransform setlinewidth pop
 [] 0 setdash 1 setlinecap 1 setlinejoin 10 setmiterlimit
newpath -293.16 -94.81 moveto
-293.16 -94.81 -287.79 -87.79 -286.46 -86.16 curveto
-285.08 -84.48 -278.69 -75.13 -277.03 -72.95 curveto
-275.38 -70.78 -267.48 -63.2 -263.81 -58.46 curveto
-260.13 -53.71 -256.11 -50.59 -252.84 -45.48 curveto
-249.56 -40.37 -240.11 -28.03 -238.35 -23.65 curveto
-236.58 -19.27 -234.72 -17.76 -233.58 -14.55 curveto
-232.45 -11.34 -228.15 -5.42 -226.59 -3.26 curveto
-225.04 -1.09 -222.64 1.69 -218.58 6.54 curveto
-214.53 11.39 -206 22.55 -203.67 27.15 curveto
-201.33 31.75 -197.79 37.45 -196.53 39.8 curveto
-195.27 42.15 -193.93 45.08 -191.81 47.56 curveto
-189.69 50.04 -187.95 49.81 -185.14 54.23 curveto
-182.32 58.66 -177.92 64.58 -176.22 68 curveto
-174.51 71.43 -164.75 85.7 -162.65 88.95 curveto
-160.56 92.19 -161.66 93.31 -157.78 95.08 curveto
-153.91 96.85 -152.51 95.37 -150.69 98.22 curveto
-148.87 101.07 -145.42 106.57 -143.09 108.67 curveto
-140.76 110.77 -132.01 113.1 -129.84 116.92 curveto
-127.67 120.75 -126.95 119.33 -126.52 123.67 curveto
-126.1 128.01 -128.23 128.41 -126.56 132.89 curveto
-124.9 137.37 -122.04 140.93 -120.32 146.66 curveto
-118.6 152.39 -117.27 152.82 -116.94 156.96 curveto
-116.61 161.1 -115.94 169.29 -114.32 172.52 curveto
-112.71 175.75 -111.58 181.55 -110.02 183.52 curveto
-108.46 185.5 -104.88 192.64 -104.1 194.98 curveto
-103.32 197.31 -96.67 210.04 -95.71 215.55 curveto
-94.76 221.07 -91.59 231.84 -91.28 236.56 curveto
-90.96 241.28 -89.93 244.68 -87.16 247.86 curveto
-84.4 251.03 -83.31 252.89 -79.39 250.63 curveto
-75.46 248.37 -75.63 247.79 -72.72 246.84 curveto
-69.8 245.88 -61.72 245.59 -59.51 245.48 curveto
-57.29 245.37 -52.65 241.79 -50.17 242.16 curveto
-47.68 242.54 -37.93 241.16 -35.28 239.62 curveto
-32.63 238.08 -28.83 236.49 -26.64 236.85 curveto
-24.44 237.22 -18.8 235.4 -16.55 228.86 curveto
-14.3 222.31 -11.39 210.6 -11.38 207.81 curveto
-11.38 205.03 -10.57 195.74 -13.52 192.46 curveto
-16.48 189.19 -24.03 182.87 -28.26 180.22 curveto
-32.49 177.57 -35.27 177.47 -35.43 168.62 curveto
-35.59 159.78 -35.36 161.52 -34.46 157.71 curveto
-33.55 153.9 -32.48 150.77 -32.99 148.83 curveto
-33.49 146.89 -32.62 138.75 -33.3 133.45 curveto
-33.97 128.14 -35.45 131.74 -34.22 124.19 curveto
-32.99 116.64 -31.07 116.71 -31.53 110.74 curveto
-31.99 104.77 -31.74 95.07 -31.83 92.28 curveto
-31.92 89.5 -31.75 87.39 -30.84 83.48 curveto
-29.93 79.58 -30.81 79.83 -32.15 77.09 curveto
-33.49 74.36 -33.16 73.22 -33.32 69.66 curveto
-33.48 66.1 -32.99 63.04 -34.44 57.8 curveto
-35.88 52.56 -36.4 50.81 -37.29 46.17 curveto
-38.18 41.52 -38.87 39.39 -38.14 37.78 curveto
-37.41 36.17 -37.19 35.22 -33.36 35.74 curveto
-29.54 36.26 -30.51 36.52 -28.82 37.54 curveto
-27.12 38.56 -22.18 39.89 -21.32 37.42 curveto
-20.47 34.96 -21.58 31.17 -21.08 27.83 curveto
-20.58 24.48 -20.34 23.15 -20.07 21.14 curveto
-19.81 19.13 -20.52 17.38 -17.34 17.3 curveto
-14.17 17.22 -13.16 18.5 -10.93 20.6 curveto
-8.69 22.7 3.14 30.42 5.67 34.83 curveto
8.21 39.24 8.02 39.04 12.45 44.29 curveto
16.87 49.54 20.18 50.91 23.29 52.75 curveto
26.39 54.59 26.91 56.33 27.79 58.48 curveto
28.67 60.62 31.09 62.92 32.97 64.14 curveto
34.84 65.36 34.76 65.16 38.18 66.25 curveto
41.59 67.33 44.9 68.79 46.2 67.3 curveto
47.51 65.81 47.28 66.67 47.77 63.9 curveto
48.25 61.13 48.68 59.8 48.86 57.5 curveto
49.04 55.2 48.35 53.06 48.29 52.01 curveto
48.23 50.95 48.55 50.09 48.55 50.09 curveto
48.55 50.09 48.82 50.68 49.4 53.01 curveto
49.99 55.33 49.89 52.74 51.01 56.43 curveto
52.13 60.12 52.36 61.76 53.22 64.38 curveto
54.09 67.01 55.42 67.34 56.35 68.24 curveto
57.28 69.14 61.94 70.27 63.82 71.29 curveto
65.71 72.32 72.65 74.11 74.1 73.87 curveto
75.55 73.64 87.39 75.5 89.69 75.78 curveto
91.98 76.05 97.3 75.09 99.9 74.99 curveto
102.5 74.9 108.25 75.2 110.93 78.08 curveto
113.62 80.96 121.23 83.06 124.15 87.2 curveto
127.08 91.34 130.42 99.92 131.18 102.82 curveto
131.94 105.73 133.37 108.76 134.47 110.24 curveto
135.57 111.72 139.48 120.51 140.02 110.92 curveto
140.55 101.34 141.27 100.02 140.08 98.44 curveto
138.89 96.86 139.55 97.17 140.06 93.73 curveto
140.57 90.29 141.1 91.56 142.23 91.98 curveto
143.37 92.41 143.9 93.87 144.5 95.9 curveto
145.09 97.94 146.07 100.09 148.22 101.9 curveto
150.36 103.7 150.6 105.15 152.88 103.12 curveto
155.17 101.09 155.54 101.3 157.63 99.45 curveto
159.71 97.6 161.21 95.83 164.13 94.78 curveto
167.05 93.73 171.93 94.39 174.13 94.66 curveto
176.33 94.93 178.37 94.33 177.83 90.57 curveto
177.29 86.8 176.23 86.95 177.78 83.93 curveto stroke
newpath 177.78 83.93 moveto
177.78 83.93 178.27 81.17 179.64 80.45 curveto
181.01 79.73 180.97 78.09 185.38 78.44 curveto
189.78 78.79 195.4 80.14 197.14 82.6 curveto
198.88 85.07 204.1 89.57 205.44 92.31 curveto
206.78 95.05 208.83 96.76 211.52 99.64 curveto
214.2 102.52 216.92 106.94 218.53 110.26 curveto
220.14 113.59 219.65 116.64 221.15 120.44 curveto
222.65 124.24 225.64 126.56 227.9 127.79 curveto
230.16 129.02 235.94 128.65 237.62 127.18 curveto
239.31 125.7 243.41 121.04 246.84 119.34 curveto
250.26 117.64 253.31 115.54 255.41 115.9 curveto
257.51 116.26 257.22 116.25 259.45 118.35 curveto
261.69 120.45 265.04 123.36 270.18 124.89 curveto
275.31 126.42 282.23 126.47 285.13 126.09 curveto
288.02 125.72 290.73 127.93 293.67 123.71 curveto
296.6 119.49 295.68 118.3 299.18 114.39 curveto
302.68 110.48 305.7 106.64 307.6 104.41 curveto
309.5 102.17 311.41 99.93 314.74 97.94 curveto
318.08 95.94 324.3 91.08 328.1 89.77 curveto
331.89 88.47 337.09 87.98 338.46 87.46 curveto
339.82 86.93 340.27 85.12 342.56 85.59 curveto
344.85 86.05 347.03 86.71 349.33 86.89 curveto
351.63 87.07 358.45 87.21 361.87 90.99 curveto
365.29 94.76 373.41 103.98 374.46 106.99 curveto
375.5 110.01 379.45 115.15 382.41 118.42 curveto
385.36 121.7 389.92 125.89 391.29 125.27 curveto
392.65 124.65 391.76 122.69 393.45 123.91 curveto
395.13 125.12 397.78 126.18 398.28 128.5 curveto
398.77 130.82 399.3 132.19 398.87 133.42 curveto
398.44 134.65 396.16 136.68 398.05 140.31 curveto
399.93 143.93 401.6 145.81 404.55 143.9 curveto
407.5 141.99 410.47 139.5 411.06 139.04 curveto
411.65 138.58 413.23 137.39 414.29 139.93 curveto
415.36 142.46 415.66 144.68 417.39 144.74 curveto
419.11 144.81 421.17 146.42 420.86 149.77 curveto stroke
newpath 435.03 126.84 moveto
432.18 125.97 431.4 126.23 429.25 124.61 curveto
427.1 123 425.98 119.31 425.55 115.45 curveto
425.11 111.59 426.68 110.69 427.2 106.77 curveto
427.73 102.85 417.42 103.63 413.73 102.16 curveto
410.03 100.68 408.12 103.01 407.58 104.91 curveto
407.03 106.82 406.58 111.22 405.15 113.57 curveto
403.72 115.92 400.74 113.51 399.55 111.64 curveto
398.37 109.77 394.93 103.88 393.58 101.43 curveto
392.23 98.99 388.47 96.74 384.36 93.42 curveto
380.25 90.1 379.04 86.22 377.59 81.36 curveto
376.13 76.51 370.62 71.89 368.57 70.09 curveto
366.52 68.29 365.37 60.18 364 55.52 curveto
362.63 50.86 354.63 35.39 353.29 32.56 curveto
351.95 29.73 344.07 21.66 338.92 18.21 curveto
333.76 14.76 323.95 23.16 322.58 23.87 curveto
321.2 24.59 309.95 38.5 306.36 42.22 curveto
302.77 45.93 298.14 65.27 298.07 67.28 curveto
298 69.3 292.08 88.44 291.5 89.96 curveto
290.92 91.47 289.15 95.21 288.52 96.77 curveto
287.89 98.33 286.92 95.99 286.31 95.39 curveto
285.71 94.79 284.68 92.74 283.75 91.74 curveto
282.83 90.75 282.69 91.9 281.91 92.16 curveto
281.13 92.42 279.54 88.71 278.6 87.91 curveto
277.67 87.11 275.19 86.54 267.57 79.45 curveto
259.95 72.36 253.52 75.01 253.05 74.8 curveto
252.57 74.59 253.22 72.6 252.51 70.94 curveto
251.8 69.28 247.15 57.01 244.58 50.87 curveto
242.02 44.72 237.19 39.94 235.04 38.33 curveto
232.89 36.71 228.27 34.34 226.28 33.4 curveto
224.3 32.47 220.94 27.07 219.51 24.04 curveto
218.08 21.01 218.18 15.54 218.14 14.09 curveto stroke
newpath 207.08 8.9 moveto
207.08 8.9 206.45 10.6 205.5 12.97 curveto
204.55 15.34 204.2 14.27 202.34 15.26 curveto
200.48 16.25 198.94 16.19 197.1 16.61 curveto
195.26 17.02 194.13 16.41 190.39 16.46 curveto
186.64 16.52 179.67 20.6 175.49 21.98 curveto
171.31 23.37 165.63 28.93 164.73 30.15 curveto
163.82 31.36 162.32 32.94 160.03 35.17 curveto
157.74 37.39 155.26 39.51 154.08 40.14 curveto
152.91 40.77 146.37 43.61 144.14 44.21 curveto
141.91 44.8 137.55 43.01 133.75 39.32 curveto
129.94 35.63 115.97 33.98 113.37 34.17 curveto
110.77 34.37 106.44 31.91 104.7 29.44 curveto
102.97 26.98 96.13 27.31 93.65 27.03 curveto
91.16 26.75 90.17 24.99 88.9 22.83 curveto
87.64 20.67 86.29 15.53 84.84 12.98 curveto
83.4 10.43 82.82 5.13 81.49 1.91 curveto
80.17 -1.31 76.67 -5.37 75.32 -7.92 curveto
73.97 -10.46 68.29 -15.57 65.27 -19.71 curveto
62.25 -23.85 58.42 -21.49 57.02 -20.01 curveto
55.62 -18.52 54.6 -14.24 53.46 -11.68 curveto
52.31 -9.13 54.94 -2.22 55.52 0.49 curveto
56.09 3.2 57.36 5.36 57.2 6.99 curveto
57.05 8.62 55.88 11.84 53.7 16.28 curveto
51.52 20.71 50.88 22.61 48.92 23.69 curveto
46.96 24.78 47.14 25.07 44 24.19 curveto
40.86 23.31 38.79 22.08 36.36 20.36 curveto
33.92 18.64 26.42 16.06 24.03 15.79 curveto
21.64 15.51 20.55 16.43 17.92 14.61 curveto
15.29 12.78 13.02 9.25 11.4 6.21 curveto
9.77 3.17 1.49 -9.8 0.08 -13.22 curveto
-1.34 -16.63 -9.68 -25.09 -12.13 -26.42 curveto
-14.58 -27.76 -26.68 -30.49 -30.43 -30.52 curveto
-34.17 -30.56 -51.96 -32.44 -59.14 -33.27 curveto
-66.31 -34.11 -67.76 -33.77 -71.68 -34.3 curveto
-75.6 -34.82 -79.48 -36.4 -79.48 -36.4 curveto stroke
newpath -78.19 -15.99 moveto
-74.84 -15.68 -75.08 -14.54 -71.88 -12.6 curveto
-68.68 -10.66 -70.01 -8.5 -70 -6.1 curveto
-69.99 -3.7 -69.98 -1.29 -69.24 2.38 curveto
-68.51 6.06 -67 9.38 -67.02 12.74 curveto
-67.04 16.1 -65.47 20.48 -65.22 26.92 curveto
-64.97 33.36 -65.82 35.54 -64.59 38.85 curveto
-63.36 42.16 -61.96 48.45 -60.85 52.43 curveto
-59.75 56.41 -59.85 61.88 -58.79 64.61 curveto
-57.74 67.34 -56.78 78.04 -56.88 80.92 curveto
-56.98 83.8 -58.72 92.09 -59.76 97.15 curveto
-60.81 102.2 -57.87 106.05 -57.8 109.42 curveto
-57.73 112.78 -56.59 113.01 -55.79 114.87 curveto
-54.99 116.72 -56.56 122.91 -58.76 128.11 curveto
-60.96 133.32 -60.72 140.15 -61.33 143.68 curveto
-61.94 147.21 -59.6 149.03 -59.19 150.87 curveto
-58.77 152.71 -59.3 154.03 -59.27 155.86 curveto
-59.24 157.68 -58.62 159.24 -57.53 160.82 curveto
-56.43 162.4 -55.57 162.62 -56.74 165.75 curveto
-57.91 168.87 -55.74 172.51 -55.2 173.58 curveto
-54.66 174.66 -53.45 178.35 -53.89 179.97 curveto
-54.34 181.58 -55.59 181.73 -56.86 182.17 curveto
-58.12 182.6 -67.36 180.35 -69.9 179.11 curveto
-72.45 177.86 -74.41 176.16 -75.62 172.56 curveto
-76.84 168.97 -78.36 166.03 -78.37 163.63 curveto
-78.38 161.22 -80.6 158.93 -81.49 156.88 curveto
-82.38 154.83 -84.03 152.57 -83.43 149.22 curveto
-82.83 145.88 -85.92 137.99 -88.18 134.26 curveto
-90.45 130.53 -92.3 122.87 -92.59 117.58 curveto
-92.88 112.29 -93.98 97.26 -94.01 92.94 curveto
-94.05 88.61 -94.95 76.29 -95.66 72.03 curveto
-96.37 67.78 -99.06 57.02 -100.39 53.9 curveto
-101.72 50.78 -105.02 49.13 -108.32 50.07 curveto
-111.62 51.01 -110.74 55.74 -110.84 58.43 curveto
-110.93 61.12 -111.87 63.2 -111.04 66.78 curveto
-110.21 70.36 -110.76 80.33 -111.18 81.47 curveto
-111.61 82.61 -113.64 93.77 -113.88 95.01 curveto
-114.11 96.26 -114.68 98.64 -116.5 98.38 curveto
-118.31 98.12 -119.24 97.22 -120.34 95.74 curveto
-121.44 94.26 -121.37 89.56 -122.26 87.61 curveto
-123.15 85.65 -127.08 82.83 -127.82 81.84 curveto
-128.55 80.85 -128.94 78.34 -129.35 76.4 curveto
-129.76 74.47 -130.6 73.77 -131.71 72.38 curveto
-132.81 71 -134.04 73.16 -137.17 72.09 curveto
-140.3 71.02 -140.6 68.51 -140.6 68.51 curveto stroke
newpath -140.6 68.51 moveto
-141.77 66.36 -142.51 65.75 -144.59 64.67 curveto
-146.66 63.59 -147.21 62.7 -148.23 60.41 curveto
-149.25 58.11 -149.37 58.78 -151.64 56.44 curveto
-153.91 54.11 -154.21 51.74 -156.49 49.74 curveto
-158.77 47.73 -159.89 46.83 -162.16 44.35 curveto
-164.42 41.86 -165.39 42.02 -167.25 40.27 curveto
-169.11 38.53 -168.52 36.87 -168.82 35.85 curveto
-169.12 34.83 -171.83 31.42 -172.04 30.69 curveto
-172.26 29.96 -174.31 29.65 -175.17 28.17 curveto
-176.03 26.7 -176.39 26.07 -177.53 24.44 curveto
-178.68 22.81 -178.98 21.84 -180.05 19.55 curveto
-181.12 17.25 -184.28 13.05 -185.11 10.58 curveto
-185.93 8.1 -187.14 6.95 -187.85 5.39 curveto
-188.56 3.82 -192.52 -2.42 -193.17 -2.92 curveto
-193.83 -3.43 -195.78 -9.31 -196.78 -10.79 curveto
-197.79 -12.26 -200.66 -15.25 -201.62 -15.19 curveto
-202.59 -15.12 -203.3 -16.59 -204.27 -17.63 curveto
-205.24 -18.68 -206.37 -20.78 -208.33 -23.64 curveto
-210.3 -26.49 -211.18 -25.99 -212.87 -29.7 curveto
-214.57 -33.41 -218.01 -36.47 -218.89 -37.31 curveto
-219.77 -38.16 -220.6 -40.73 -220.96 -42.57 curveto
-221.33 -44.41 -226.26 -51.5 -228.16 -53.49 curveto
-230.06 -55.48 -229.8 -55.8 -230.23 -57.36 curveto
-230.65 -58.91 -233.09 -64.52 -233.52 -66.17 curveto
-233.94 -67.81 -234.74 -69.47 -236.39 -71.69 curveto
-238.04 -73.91 -242.36 -78.01 -243.84 -79.69 curveto
-245.32 -81.38 -245.95 -82.51 -246.79 -85.95 curveto
-247.63 -89.39 -250.48 -90.07 -251.87 -91.51 curveto
-253.26 -92.95 -257.44 -94.45 -259.06 -94.79 curveto
-260.68 -95.14 -263.24 -96.09 -265.83 -97.53 curveto
-268.42 -98.97 -275.1 -98.82 -276.39 -99.16 curveto
-277.67 -99.49 -279.36 -100.75 -279.76 -102.93 curveto
-280.16 -105.1 -284.83 -112.91 -285.56 -114.04 curveto
-286.28 -115.17 -291.95 -124.64 -292.88 -126.88 curveto
-293.8 -129.12 -299 -135.6 -299.75 -137.55 curveto
-300.49 -139.5 -303.67 -140.62 -305.01 -142.16 curveto
-306.35 -143.7 -307.85 -146.11 -308.51 -147.72 curveto
-309.17 -149.33 -312.14 -152.36 -313.84 -154.39 curveto
-315.55 -156.42 -315.02 -156.45 -315.31 -157.62 curveto
-315.61 -158.78 -316.17 -162.02 -316.69 -163.57 curveto
-317.21 -165.13 -320.38 -170.53 -320.97 -171.41 curveto
-321.56 -172.3 -329.67 -180.66 -330.75 -182.42 curveto
-331.84 -184.19 -333.05 -186.69 -334.89 -188.86 curveto
-336.74 -191.04 -337.33 -189.19 -338.83 -190.3 curveto
-340.33 -191.41 -344.44 -195.93 -345.12 -197.16 curveto
-345.79 -198.38 -349.83 -202.46 -350.7 -203.6 curveto
-351.57 -204.74 -356.76 -209.92 -357.95 -211.64 curveto
-359.14 -213.36 -361.41 -214.36 -363.39 -215.29 curveto
-365.37 -216.23 -366.18 -217.99 -368 -219.49 curveto
-369.81 -221 -373.94 -225.27 -374.9 -226.51 curveto
-375.87 -227.74 -377.71 -228.53 -379.72 -229.95 curveto
-381.74 -231.36 -382.74 -231.64 -382.98 -232.8 curveto
-383.35 -234.53 -382.93 -235.54 -382.93 -235.54 curveto stroke
newpath -382.93 -235.54 moveto
-383.28 -236.61 -383.09 -242.07 -383.18 -244.67 curveto
-383.28 -247.27 -384.11 -248.26 -385.6 -249.66 curveto
-387.09 -251.05 -391.04 -247.83 -391.73 -247.47 curveto
-392.41 -247.11 -396.91 -244.97 -399.61 -241.9 curveto
-402.32 -238.82 -406.38 -238.01 -407.35 -237.76 curveto
-408.32 -237.5 -410.77 -238.84 -414.11 -242.13 curveto
-417.45 -245.42 -424.93 -248.47 -427.67 -249.72 curveto
-430.41 -250.97 -441.2 -252.7 -444.07 -253.19 curveto
-446.93 -253.67 -447.63 -255.52 -448.84 -256.53 curveto
-450.06 -257.53 -452.94 -257.35 -456.61 -257 curveto
-460.27 -256.65 -465.37 -259.04 -466.89 -259.48 curveto
-468.41 -259.92 -475.47 -261.32 -477.17 -262.24 curveto
-478.86 -263.17 -486.52 -266.52 -489.82 -265.77 curveto
-493.11 -265.02 -493.58 -257.26 -492.52 -254.63 curveto
-491.46 -252 -491.23 -250.55 -490.49 -249.65 curveto
-489.75 -248.76 -490.79 -243.81 -491.13 -242.47 curveto
-491.47 -241.14 -496.3 -229.59 -496.94 -227.89 curveto
-497.57 -226.18 -501.57 -219.31 -501.76 -216.63 curveto
-501.95 -213.95 -501.16 -212 -499.57 -210.89 curveto
-497.97 -209.77 -498.44 -207.39 -497.9 -206.5 curveto
-497.36 -205.62 -494.79 -202.26 -493.66 -201.55 curveto
-492.54 -200.84 -492.67 -199.79 -491.74 -198.98 curveto
-490.81 -198.18 -491.41 -197.43 -491.25 -196.47 curveto
-491.1 -195.5 -490.39 -193.84 -489.27 -192.75 curveto stroke
newpath -470.74 -192.56 moveto
-470.68 -194.29 -469.39 -195.59 -469.79 -197.62 curveto
-470.2 -199.65 -471.25 -204.72 -472.23 -207.12 curveto
-473.56 -210.33 -474.07 -211.89 -472.64 -214.24 curveto
-471.21 -216.6 -467.38 -218.87 -467.38 -218.87 curveto
-467.38 -218.87 -462.02 -220.98 -461.3 -222.4 curveto
-460.58 -223.81 -459.43 -226.37 -458.08 -226.7 curveto
-456.72 -227.04 -455.36 -227.57 -454.48 -227.87 curveto
-453.61 -228.18 -451.11 -230.78 -449.65 -229.95 curveto
-448.19 -229.13 -447.02 -229.62 -446.37 -227.82 curveto
-445.71 -226.02 -446.03 -225.22 -445.28 -224.57 curveto
-444.54 -223.91 -443.75 -223.02 -443.09 -224.2 curveto
-442.42 -225.37 -442.21 -227.19 -441.63 -227.27 curveto
-441.05 -227.34 -439.06 -229.43 -438.36 -228.68 curveto
-437.67 -227.94 -434.86 -224.48 -433.73 -221.27 curveto
-432.59 -218.06 -431.14 -214.31 -431.45 -212.35 curveto
-431.76 -210.39 -431.78 -207.17 -431.75 -204.2 curveto
-431.71 -201.22 -432.54 -200.72 -431.14 -199.61 curveto
-429.74 -198.5 -430.66 -198.3 -426.58 -198.15 curveto
-422.51 -198.01 -419.36 -198.76 -418.71 -199.26 curveto
-418.07 -199.77 -410.32 -200.26 -409.55 -200.42 curveto
-408.77 -200.59 -397.06 -201.9 -396.13 -202.2 curveto
-395.21 -202.5 -391.27 -202.55 -389.88 -203.9 curveto
-388.48 -205.24 -384.63 -208.18 -383.66 -208.43 curveto
-382.69 -208.68 -377.47 -210.94 -374.78 -209.6 curveto
-372.1 -208.26 -367.95 -204.6 -367.62 -204.35 curveto
-367.3 -204.1 -365.99 -204.29 -360.83 -198.39 curveto
-355.66 -192.49 -353.49 -189.87 -353.43 -188.91 curveto
-353.37 -187.94 -354.17 -185.67 -351.84 -182.56 curveto
-349.5 -179.45 -343.2 -172.88 -342.21 -171.12 curveto
-341.21 -169.35 -339.28 -166.93 -338.34 -163.77 curveto
-337.4 -160.62 -337.94 -160.2 -335.51 -158.29 curveto
-333.08 -156.38 -329.38 -153.8 -328.44 -151.98 curveto
-327.49 -150.17 -326.8 -148.13 -326.23 -146.43 curveto
-325.67 -144.73 -322.99 -141.89 -322.58 -141.11 curveto
-322.18 -140.32 -318.5 -136.88 -318.23 -135.09 curveto
-317.96 -133.3 -317.55 -132.57 -317.17 -131.07 curveto
-316.79 -129.56 -315.57 -124.96 -314.33 -123.28 curveto
-313.09 -121.6 -307.95 -116.42 -307.23 -114.91 curveto
-306.52 -113.39 -300.39 -104.91 -299.21 -103 curveto
-298.03 -101.08 -294.3 -96.53 -293.16 -94.81 curveto stroke
showpage
%%EOF
