%!PS
%%BoundingBox: 235 -336 653 -17 
%%HiResBoundingBox: 235.19167 -335.44833 652.76834 -17.81166 
%%Creator: MetaPost 1.209
%%CreationDate: 2015.11.29:1738
%%Pages: 1
%%BeginProlog
%%EndProlog
%%Page: 1 1
 0 0 0 setrgbcolor 0 0.11667 dtransform truncate idtransform setlinewidth pop
 [] 0 setdash 1 setlinecap 1 setlinejoin 10 setmiterlimit
newpath 275.71 -17.87 moveto
277.32 -19.93 278.75 -22.18 281.65 -22.75 curveto
284.55 -23.32 283.32 -23.84 285.22 -25.89 curveto
287.11 -27.93 288.07 -30.59 289.74 -31.68 curveto
291.42 -32.77 293.84 -33.45 295.67 -33.58 curveto
297.5 -33.7 299.44 -34.21 300.92 -35.41 curveto
302.41 -36.6 304.64 -37.2 306.57 -37.51 curveto
308.5 -37.83 310.95 -36.39 313.02 -37.86 curveto
315.09 -39.32 315.53 -40.75 316.15 -41.97 curveto
316.77 -43.2 316.92 -44.73 318.98 -46.1 curveto
321.05 -47.47 323.83 -50.06 325.19 -50.49 curveto
326.55 -50.92 329.04 -50.54 330.33 -51.65 curveto
331.61 -52.76 331.05 -53.06 333.63 -52.59 curveto
336.2 -52.11 336.71 -50.17 337.89 -50.8 curveto
339.06 -51.43 341.01 -52.13 342.6 -53.71 curveto
344.2 -55.28 346.17 -56.85 347.52 -59.58 curveto
348.87 -62.32 349.32 -64.13 349.83 -67.67 curveto
350.34 -71.2 349.03 -72.31 349.97 -74.29 curveto
350.9 -76.28 352.59 -77.85 353.92 -80.01 curveto
355.25 -82.17 356.43 -85.78 356.91 -88.26 curveto
357.38 -90.74 358.04 -95.72 359.82 -97.09 curveto
361.59 -98.47 365.22 -103.24 365.35 -106.79 curveto
365.48 -110.34 365.38 -123.79 364.29 -128.25 curveto
363.2 -132.71 362.73 -138.39 362.81 -140.69 curveto
362.9 -143 363.05 -147.22 364.1 -149.97 curveto
365.16 -152.71 368.2 -157.12 367.59 -161.56 curveto
366.98 -166 367.77 -169.14 369.1 -171.4 curveto
370.43 -173.66 374.95 -184.54 374.71 -188.49 curveto
374.46 -192.44 375.17 -201.35 375.26 -203.84 curveto
375.34 -206.34 375.7 -208.34 378.15 -209.79 curveto
380.61 -211.24 384.9 -213.29 386.99 -212.64 curveto
389.08 -211.99 393.03 -207.04 394 -204.61 curveto
394.97 -202.17 399.32 -194.72 400.86 -192.26 curveto
402.4 -189.8 408.27 -184.69 410.16 -183.86 curveto
412.05 -183.02 415.2 -176.95 416.11 -175.58 curveto
417.03 -174.2 421.51 -165.2 423.21 -158.8 curveto
424.9 -152.4 432.81 -145.11 434.28 -143.32 curveto
435.76 -141.54 440.93 -133.1 441.45 -131.45 curveto
441.97 -129.8 447.47 -122.49 448.55 -120.53 curveto
449.63 -118.57 457.54 -103.3 457.95 -101.27 curveto
458.35 -99.24 463.13 -87.73 465.43 -84.96 curveto
467.73 -82.19 474.82 -73.67 475.97 -71.03 curveto
477.13 -68.4 482.99 -60.21 483.71 -58.84 curveto
484.43 -57.47 490.32 -47.37 491.86 -44.91 curveto
493.41 -42.45 500.93 -32.38 503.32 -31.91 curveto
505.7 -31.44 513.01 -31.57 515.19 -36.01 curveto
517.36 -40.45 522.2 -43.93 521.88 -48.64 curveto
521.57 -53.36 520.99 -63.86 521.48 -67.01 curveto
521.98 -70.17 522.78 -76.48 524.03 -79.32 curveto
525.29 -82.16 524.67 -83.81 527.82 -86.01 curveto
530.98 -88.2 538.89 -89.36 540.76 -90.44 curveto
542.62 -91.53 547.74 -92.4 550.05 -92.51 curveto
552.36 -92.62 553.67 -91.52 555.75 -90.77 curveto
557.84 -90.03 560.04 -92.35 561.39 -92.68 curveto
562.75 -93.02 567.22 -94.59 569.09 -95.77 curveto
570.96 -96.95 577.38 -99.32 579.24 -102.9 curveto
581.09 -106.49 585.68 -113.91 585.86 -116.3 curveto
586.04 -118.7 589.22 -127.04 590.84 -129.38 curveto
592.46 -131.72 598.31 -144.96 600.29 -146.62 curveto
602.27 -148.28 602.85 -156.23 603.02 -158.43 curveto
603.2 -160.63 603.18 -162.94 604.28 -163.96 curveto
605.37 -164.98 615.6 -171.82 618.8 -172.66 curveto
622 -173.51 634.7 -179.2 636.97 -181.14 curveto
639.25 -183.08 648.84 -187.92 652.71 -191.24 curveto stroke
newpath 648.53 -203.49 moveto
647.65 -203.14 644.13 -198.66 643.33 -197.82 curveto
642.54 -196.98 641.82 -193.17 640.7 -191.19 curveto
639.57 -189.21 638.68 -188.67 637.94 -189.27 curveto
637.19 -189.87 635.29 -190.33 633.94 -190.37 curveto
632.6 -190.42 624.77 -186.38 623.58 -185.36 curveto
622.39 -184.35 605.74 -178.03 604.38 -177.6 curveto
603.02 -177.16 595.8 -174.16 594.34 -173.53 curveto
592.88 -172.91 586.43 -164.5 584.62 -162.16 curveto
582.8 -159.83 576.47 -146.41 575.38 -145.49 curveto
574.29 -144.57 572.3 -137.34 572.03 -132.55 curveto
571.77 -127.76 571.91 -123.62 569.57 -119.86 curveto
567.22 -116.1 558.8 -114.39 555.8 -113.63 curveto
552.8 -112.87 551.33 -114.75 549.93 -116.05 curveto
548.54 -117.35 545.83 -119.65 544.84 -121.32 curveto
543.84 -122.99 540.57 -122.82 539.43 -123.25 curveto
538.29 -123.67 537.51 -123.12 536.81 -122.57 curveto
536.12 -122.02 534.31 -122.47 532.29 -122.25 curveto
530.26 -122.04 526.99 -119.18 524.88 -116.47 curveto
522.76 -113.76 513.98 -112.82 512.52 -112.11 curveto
511.05 -111.39 508.81 -107.82 507.78 -105.84 curveto
506.75 -103.86 503.71 -96.76 501.18 -93.2 curveto
498.64 -89.64 493.43 -91.65 491.45 -92.68 curveto
489.47 -93.71 482.67 -97.02 480.81 -98.72 curveto
478.95 -100.42 473 -105.82 472.33 -108.63 curveto
471.66 -111.44 464.67 -122.74 463.69 -124.79 curveto
462.7 -126.84 457.23 -132.13 456.61 -133.79 curveto
456 -135.44 454.45 -137.61 452.97 -139.2 curveto
451.48 -140.79 446.35 -147.7 443.22 -151.46 curveto
440.08 -155.22 437.9 -161.35 437.55 -162.33 curveto
437.2 -163.3 435.28 -166.15 433.53 -168.33 curveto
431.79 -170.5 432.91 -172.48 433.05 -173.73 curveto
433.19 -174.97 429.9 -179.7 427.89 -182.55 curveto
425.88 -185.41 421.23 -189.71 417.62 -193.58 curveto
414.01 -197.45 413.52 -210.44 413.59 -212.36 curveto
413.66 -214.28 410.72 -220.82 409.91 -222.19 curveto
409.09 -223.56 407.04 -233.24 406.17 -235.67 curveto
405.29 -238.11 400.49 -243.56 398.59 -246.7 curveto
396.68 -249.85 395.22 -251.92 392.98 -253.82 curveto
390.75 -255.73 390.13 -257.19 389.78 -258.36 curveto
389.44 -259.52 387.71 -262.18 385.94 -263.58 curveto
384.16 -264.99 384.8 -266.89 383.73 -268.95 curveto
382.65 -271 383.92 -271.73 383.11 -273.2 curveto
382.3 -274.67 379.61 -282.73 379.17 -284.09 curveto
378.74 -285.45 378.41 -289.5 376.08 -294.29 curveto
373.75 -299.08 371.02 -295.05 370.41 -294.2 curveto
369.8 -293.36 369.11 -290.22 368.05 -287.37 curveto
366.99 -284.53 366.77 -283.67 365.32 -280.75 curveto
363.87 -277.82 362.8 -282.76 362.65 -284.11 curveto
362.51 -285.46 361.75 -288.37 359.59 -292.57 curveto
357.44 -296.78 357.43 -301.78 357.38 -303.12 curveto
357.33 -304.47 355.6 -312.41 354.97 -313.77 curveto
354.35 -315.14 353.06 -319.51 352.86 -321.73 curveto
352.65 -323.94 351.95 -326.08 350.02 -328.45 curveto stroke
newpath 349.42 -330.4 moveto
349.17 -331.37 lineto stroke
newpath 348.84 -332.92 moveto
348.69 -334.17 lineto stroke
 0.11667 0 dtransform exch truncate exch idtransform pop setlinewidth
newpath 344.28 -334.33 moveto
344.22 -335.39 lineto stroke
 0 0.11667 dtransform truncate idtransform setlinewidth pop
newpath 344.23 -332.98 moveto
343.97 -330.98 lineto stroke
newpath 343.81 -329.45 moveto
343.66 -327.82 343.35 -327.25 342.09 -326.91 curveto
340.83 -326.57 337.75 -326.3 335.71 -325.7 curveto
333.67 -325.1 331.49 -315.19 331.22 -310.4 curveto
330.96 -305.6 332.2 -300.08 331.64 -295.11 curveto
331.08 -290.13 332.21 -276.17 332.47 -270.01 curveto
332.73 -263.85 336.7 -256.7 337.83 -255.89 curveto
338.95 -255.08 342.1 -246.42 342.74 -245.54 curveto
343.38 -244.65 344.91 -233.55 345.88 -228.43 curveto
346.85 -223.3 346.43 -216.98 346.54 -214.77 curveto
346.66 -212.55 344.39 -205.43 344.09 -202.46 curveto
343.79 -199.5 344.96 -189.46 345.83 -186.74 curveto
346.69 -184.02 348.79 -170.3 349.08 -167.7 curveto
349.37 -165.09 350.01 -158.92 349.33 -155.78 curveto
348.64 -152.63 349.27 -148.86 349.76 -143.66 curveto
350.25 -138.45 350.12 -137.69 349.78 -136.07 curveto
349.43 -134.45 348.51 -122.09 348.54 -120.17 curveto
348.56 -118.24 347.76 -114.53 346.06 -109.98 curveto
344.36 -105.43 342.23 -105.12 341.57 -102.74 curveto
340.91 -100.36 339.49 -95.71 338.46 -93.73 curveto
337.43 -91.75 335.14 -86.93 334.64 -86.18 curveto
334.13 -85.43 330.11 -83.07 329.29 -81.85 curveto
328.48 -80.63 325.6 -75.16 324.68 -73.85 curveto
323.77 -72.54 318.4 -70.04 315.93 -68.11 curveto
313.46 -66.18 307.16 -64.77 304.33 -63.53 curveto
301.5 -62.29 299.84 -64.07 297.94 -64.81 curveto
296.05 -65.55 290.03 -66.25 285.23 -66.33 curveto
280.43 -66.41 277.29 -69.99 276.29 -71.46 curveto
275.29 -72.94 268.7 -76.83 266.08 -78.75 curveto
263.46 -80.67 262.06 -84.66 260.51 -86.73 curveto
258.95 -88.8 255.45 -95.84 254.41 -98.96 curveto
253.37 -102.07 248.38 -105.03 248.38 -105.03 curveto stroke
newpath 235.25 -89.75 moveto
235.25 -89.75 237.38 -87.56 237.7 -85.82 curveto
238.02 -84.08 239.41 -77.3 239.72 -75.18 curveto
240.03 -73.05 242.44 -62.68 243.62 -60.71 curveto
244.8 -58.75 246.58 -54.94 248.09 -54.21 curveto
249.61 -53.48 250.24 -52.4 252.32 -54.15 curveto
254.4 -55.91 258.73 -58.83 260.08 -59.07 curveto
261.44 -59.31 262.64 -60.62 263.59 -60.49 curveto
264.55 -60.36 265.4 -60.14 266.79 -58.64 curveto
268.18 -57.15 269.06 -54.91 269.76 -52.96 curveto
270.46 -51.01 271.74 -49.13 270.53 -44.95 curveto
269.33 -40.76 269.13 -37.79 269.58 -37.01 curveto
270.03 -36.22 269.52 -35.19 268.88 -33.48 curveto
268.24 -31.77 266.37 -30.4 265.56 -29.37 curveto stroke
showpage
%%EOF
