%!PS
%%BoundingBox: -242 -243 242 245 
%%HiResBoundingBox: -241.13834 -242.84793 241.07834 244.28833 
%%Creator: MetaPost 1.209
%%CreationDate: 2015.11.29:1738
%%Pages: 1
%%BeginProlog
%%EndProlog
%%Page: 1 1
 0 0 0 setrgbcolor 0 0.11667 dtransform truncate idtransform setlinewidth pop
 [] 0 setdash 1 setlinecap 1 setlinejoin 10 setmiterlimit
newpath -53.89 96.78 moveto
-53.12 94.7 -52.16 86.48 -52.27 84.75 curveto
-52.39 83.01 -52.83 82.22 -52.8 79.53 curveto
-52.77 76.84 -52.43 75.8 -51.49 74.11 curveto
-50.55 72.43 -49.13 68.74 -47.44 67.57 curveto
-45.75 66.4 -43.29 65.27 -42.99 62.97 curveto
-42.69 60.68 -42.02 54.47 -43.75 50.54 curveto
-45.49 46.62 -48.91 41.85 -50.53 39.38 curveto
-52.14 36.9 -54.26 30.75 -53.68 28.66 curveto
-53.1 26.58 -51.11 22.92 -48.84 21.59 curveto
-46.57 20.25 -45.62 20.68 -44.2 19.02 curveto
-42.78 17.35 -40.63 16.59 -40.72 14.37 curveto
-40.81 12.15 -39.13 13.1 -41.95 11.91 curveto
-44.78 10.72 -47.54 12.13 -48.81 10.53 curveto
-50.08 8.93 -50.61 10.16 -50.83 6.59 curveto
-51.05 3.02 -51.28 -0.35 -52.01 -3.17 curveto
-52.74 -5.99 -54.54 -8.77 -54.81 -11.18 curveto
-55.08 -13.6 -55.9 -18.63 -55.35 -20.05 curveto
-54.81 -21.46 -53.01 -27.05 -54.13 -29.79 curveto
-55.25 -32.53 -56.85 -37.29 -57.42 -39.51 curveto
-57.99 -41.74 -58.81 -45.31 -56.98 -47.82 curveto
-55.14 -50.34 -54.11 -54.61 -54.13 -56.63 curveto
-54.15 -58.64 -52.23 -64.22 -51.29 -66.49 curveto
-50.35 -68.75 -46.59 -75.14 -45.34 -77.88 curveto
-44.1 -80.62 -39.98 -86.14 -39.54 -90.25 curveto
-39.11 -94.37 -37.32 -106.6 -37.86 -110.27 curveto
-38.4 -113.94 -38.16 -123.34 -39.1 -126.73 curveto
-40.03 -130.13 -38.59 -135.45 -38.24 -137.36 curveto
-37.88 -139.27 -36.17 -146.8 -35.46 -147.83 curveto
-34.75 -148.86 -31.43 -161.13 -31.51 -164.5 curveto
-31.58 -167.86 -27.07 -175.87 -25.95 -177.47 curveto
-24.84 -179.06 -22.51 -185.32 -21.84 -187.79 curveto
-21.18 -190.27 -19.01 -194.42 -18.77 -198.54 curveto
-18.52 -202.66 -17.25 -203.48 -16.12 -205.36 curveto
-15 -207.24 -11.08 -217.29 -9.93 -219.84 curveto
-8.78 -222.39 3.41 -232.81 7.59 -234.1 curveto
11.76 -235.4 16.44 -237.25 18.97 -238.21 curveto
21.51 -239.18 28.21 -244.03 30.94 -242.49 curveto
33.67 -240.95 40.61 -238.78 42.1 -237.57 curveto
43.6 -236.37 46.45 -232.81 49.03 -232.43 curveto
51.61 -232.05 57.9 -228.17 59.84 -225.99 curveto
61.78 -223.8 66.43 -211.63 68.46 -206.47 curveto
70.48 -201.3 76.65 -188.6 78.93 -185.06 curveto
81.2 -181.52 91.01 -165.7 92.23 -164.98 curveto
93.46 -164.26 98.12 -162.94 98.92 -161.38 curveto
99.73 -159.81 100.83 -158.33 100.74 -155.74 curveto
100.65 -153.15 97.84 -149.89 99.38 -147.33 curveto
100.92 -144.78 106.95 -138.7 108.6 -136.63 curveto
110.26 -134.55 111.8 -129.4 113.32 -126.37 curveto
114.85 -123.34 116.75 -114.82 117.02 -111.54 curveto
117.28 -108.27 120.05 -99.72 120.27 -97.79 curveto
120.49 -95.86 120.25 -89.25 121.72 -87.27 curveto
123.19 -85.3 122.89 -85.12 123.46 -82.31 curveto
124.04 -79.51 125.06 -78.41 127.07 -75.75 curveto
129.09 -73.08 134.41 -60.59 135.69 -58.63 curveto
136.96 -56.66 145.24 -40.8 147.91 -37.63 curveto
150.59 -34.46 154.28 -24.91 155.62 -22.08 curveto
156.96 -19.24 156.81 -12.33 156.83 -10.22 curveto
156.85 -8.1 158.51 -0.74 159.57 1.7 curveto
160.64 4.14 162 9.09 163.11 12.78 curveto
164.23 16.47 167.15 23.49 167.51 24.08 curveto
167.87 24.67 168.33 28.04 170.73 25.34 curveto
173.13 22.64 175.54 22.24 177.18 22.3 curveto
178.81 22.36 183.35 21.75 185.19 21.43 curveto
187.02 21.11 190.41 20.37 190.99 17.7 curveto
191.56 15.03 193.49 9.44 193.6 6.27 curveto
193.72 3.11 194.33 -3.5 195.68 -6.14 curveto
197.02 -8.78 199.78 -16.27 205.26 -16.17 curveto
210.73 -16.07 218.09 -17.92 219.25 -15.19 curveto
220.4 -12.46 224.19 -5.7 225.03 -2.3 curveto
225.87 1.09 228.68 3.11 231.52 6.86 curveto
234.37 10.61 239.21 14.82 241.02 15.46 curveto stroke
newpath 227.89 30.75 moveto
226.05 28.38 224.91 30.84 222.51 30.65 curveto
220.12 30.47 221.88 29.38 216.78 26.99 curveto
211.68 24.6 205.66 34.17 203.88 35.83 curveto
202.09 37.5 197.5 42.22 194.35 47.3 curveto
191.19 52.37 188.13 49.48 187.07 49.63 curveto
186 49.79 183.21 52.67 182.06 55.31 curveto
180.91 57.96 179.89 62.35 179.07 63.95 curveto
178.24 65.56 173.03 66.34 168.73 65.51 curveto
164.44 64.69 162.47 63.37 161.18 61.7 curveto
159.9 60.02 160.03 53.77 159.82 51.37 curveto
159.62 48.96 158.99 42.31 156.99 39.36 curveto
154.98 36.41 153.19 29.72 152.74 26.15 curveto
152.29 22.57 149.82 16.53 148.62 15.33 curveto
147.41 14.14 143.39 8.33 142.68 6.67 curveto
141.97 5.01 140.5 -5.03 138.95 -10.09 curveto
137.41 -15.14 132.93 -24.33 131.42 -27.74 curveto
129.91 -31.16 129.02 -33.11 128.8 -37.73 curveto
128.58 -42.35 125.5 -45.15 123.86 -47.61 curveto
122.22 -50.07 115.61 -61.36 114.49 -65.05 curveto
113.37 -68.74 110.3 -82.3 109.44 -85.02 curveto
108.58 -87.74 105.35 -94.29 103.54 -97.33 curveto
101.73 -100.38 99.9 -105.63 97.61 -111.18 curveto
95.31 -116.74 87.12 -129.52 85.08 -131.71 curveto
83.05 -133.89 78.02 -143.78 75.33 -149.16 curveto
72.64 -154.54 68.64 -163.43 65.56 -168.53 curveto
62.48 -173.64 53.38 -182.42 51.5 -183.73 curveto stroke
newpath 51.5 -183.73 moveto
48.51 -188.74 lineto
46.06 -192.67 lineto
43.75 -195.25 lineto
43.75 -195.25 41.48 -196.2 41.2 -196.49 curveto
40.93 -196.79 40.86 -197.66 40.24 -196.43 curveto
39.62 -195.21 38.15 -194.3 38.38 -192.66 curveto
38.61 -191.02 38.9 -191.1 39.6 -189.25 curveto
40.3 -187.4 40.74 -186.33 41.38 -185.25 curveto
42.01 -184.17 43.59 -182.77 44.14 -182.08 curveto stroke
newpath 39 -175.25 moveto
39 -175.25 37.93 -177.4 37.35 -177.52 curveto
36.78 -177.63 34 -177.83 33.61 -177.65 curveto
33.22 -177.47 32.15 -177.03 31.85 -176.75 curveto
31.56 -176.47 30.48 -175.84 29.97 -175.09 curveto
29.46 -174.34 29.33 -173.19 29 -172.05 curveto
28.67 -170.91 28.18 -170.73 28.63 -169.76 curveto
29.07 -168.78 29.33 -168 29.61 -167.61 curveto stroke
newpath 21.71 -164.33 moveto
21.16 -165.02 20.92 -166.28 19.12 -167.21 curveto
17.33 -168.14 18.78 -168.28 16.57 -168.36 curveto
14.36 -168.44 13.86 -167.88 12.7 -167.44 curveto
11.53 -167 7.66 -164.83 7.66 -164.83 curveto stroke
newpath 7.66 -164.83 moveto
7.57 -163.83 5.15 -159.3 4.82 -158.11 curveto
4.49 -156.92 0.99 -147.73 0.79 -146.05 curveto
0.58 -144.38 1.51 -140.69 1.9 -139.48 curveto
2.29 -138.26 2.78 -132.05 3.21 -130.59 curveto
3.64 -129.14 3.46 -125.35 3.94 -123.99 curveto
4.42 -122.62 4.31 -121.14 3.84 -120.05 curveto
3.37 -118.96 2.7 -115.15 2.22 -112.52 curveto
1.74 -109.9 1.77 -109.32 2.41 -107.04 curveto
3.05 -104.76 1.55 -99.15 1.66 -96.89 curveto
1.77 -94.63 0.94 -88.99 0.81 -86.64 curveto
0.68 -84.3 -1.99 -79.49 -2.86 -78.13 curveto
-3.72 -76.77 -4.43 -75.93 -5.19 -74.57 curveto
-5.96 -73.2 -7.79 -70.38 -8.35 -68.1 curveto
-8.91 -65.81 -7.77 -63.94 -7.29 -62.76 curveto
-6.8 -61.59 -4.56 -59.57 -3.56 -57.8 curveto
-2.57 -56.02 -1.48 -55.59 -0.76 -54.01 curveto
-0.05 -52.44 2.09 -49.11 3.7 -46.04 curveto
5.31 -42.97 6.95 -35.91 6.72 -32.91 curveto
6.5 -29.92 2.01 -23.18 0.44 -21.41 curveto
-1.14 -19.64 -4.58 -14.96 -5.7 -12.88 curveto
-6.81 -10.81 -8.91 -8.11 -10.36 -5.09 curveto
-11.8 -2.07 -10.87 -2.37 -10.05 0.7 curveto
-9.24 3.77 -8.19 2.9 -6.84 3.97 curveto
-5.5 5.04 -4.67 6.91 -4.42 8.75 curveto
-4.17 10.58 -6.21 19.38 -6.85 21.8 curveto
-7.5 24.22 -8.8 26.47 -9.47 29.42 curveto
-10.13 32.37 -9.84 34.4 -9.86 36.8 curveto
-9.88 39.2 -7.47 46.23 -6.99 47.36 curveto
-6.52 48.49 -5.5 50.5 -6.2 53.02 curveto
-6.9 55.53 -6.63 56.98 -6.32 58.54 curveto
-6 60.09 -5.16 61.57 -4.99 64.17 curveto
-4.83 66.77 -5.2 66.61 -6.28 69.06 curveto stroke
newpath -6.28 69.06 moveto
-6.28 69.06 -8.38 70.84 -9.38 71.75 curveto
-10.39 72.66 -11.48 73.38 -12.99 74.85 curveto
-14.5 76.32 -15.67 76.74 -17.15 77.54 curveto
-18.63 78.33 -19.74 77.51 -23.61 77.91 curveto
-27.47 78.31 -25.68 79.06 -27.77 80.69 curveto
-29.86 82.33 -29.17 81.88 -30.86 83.15 curveto
-32.56 84.41 -32.98 85.16 -33.41 86.3 curveto
-33.85 87.43 -33.11 88.04 -32.48 89.03 curveto
-31.86 90.02 -28.21 93.32 -28.21 93.32 curveto stroke
newpath -28.21 93.32 moveto
-27.6 94.55 -27.37 95.81 -26.65 97.86 curveto
-25.93 99.91 -23.14 108.12 -23.06 110.38 curveto
-22.97 112.64 -22.62 114.34 -22.56 118.33 curveto
-22.51 122.32 -22.72 123.76 -22.08 124.41 curveto
-21.44 125.06 -20.17 129.98 -20.25 131.51 curveto
-20.32 133.04 -19.51 136.3 -18.87 138.11 curveto
-18.23 139.92 -18.39 141.26 -17.34 143.37 curveto
-16.28 145.49 -15.89 147.29 -15.12 148.28 curveto
-14.35 149.28 -14.3 152.4 -14.11 154.33 curveto
-13.91 156.26 -14.03 160.92 -13.12 163.02 curveto
-12.21 165.13 -10.06 168.45 -9.3 168.63 curveto
-8.54 168.81 -4.03 178.1 -2.88 179.21 curveto
-1.73 180.32 2.16 190.73 2.72 192.2 curveto stroke
newpath 2.72 192.2 moveto
2.72 192.2 2.8 193.5 3.23 194.57 curveto
3.66 195.65 3.62 196.51 3.76 197.67 curveto
3.9 198.83 3.96 199.6 4.47 200.97 curveto
4.99 202.34 4.56 205.3 4.34 205.96 curveto
4.12 206.62 2.94 209.16 2.36 211.34 curveto
1.78 213.53 1.85 214.1 1.61 215.25 curveto
1.36 216.39 1.72 219.19 2.22 220.75 curveto
2.73 222.31 2.89 222.99 3.77 224.66 curveto
4.66 226.34 5.29 227.33 5.69 228.98 curveto
6.1 230.63 6.44 231.51 7.34 232.9 curveto
8.24 234.28 8.32 234.58 9.04 235.76 curveto
9.76 236.95 9.96 238.78 10.68 239.97 curveto
11.4 241.15 11.05 242.48 10.93 242.86 curveto
10.82 243.24 9.33 244.23 9.33 244.23 curveto
9.33 244.23 8.75 242.18 8.2 241.58 curveto
7.65 240.98 7.96 240.61 7.16 239.13 curveto
6.36 237.66 6.22 236.5 5.5 235.41 curveto
4.78 234.32 5 233.56 4.13 231.6 curveto
3.26 229.64 2.8 229.23 1.91 227.56 curveto
1.03 225.88 0.48 225.28 -0.16 224.48 curveto
-0.8 223.68 -0.87 223.2 -1.58 221.82 curveto
-2.28 220.44 -2.68 220.62 -4.03 218.73 curveto
-5.39 216.84 -6.03 216.14 -7.51 214.82 curveto
-8.98 213.5 -9.39 214.06 -10.34 213.73 curveto
-11.28 213.4 -14.37 211.52 -17.57 210.03 curveto
-20.77 208.54 -19.24 208.8 -20.25 207.69 curveto
-21.25 206.59 -22.64 205.47 -23.98 203.29 curveto
-25.32 201.12 -23.37 202.46 -26.99 199.79 curveto
-30.61 197.12 -28.64 198.08 -30.08 196 curveto
-31.52 193.91 -33.36 192.29 -34.56 191.08 curveto
-35.75 189.87 -37.46 187.39 -39.53 184.51 curveto
-41.61 181.63 -41.55 182.4 -43.16 179.92 curveto
-44.78 177.45 -45.77 176.16 -46.47 174.59 curveto
-47.17 173.02 -48.21 172.68 -49.22 171.58 curveto
-50.22 170.48 -50.89 168.33 -51.9 167.23 curveto stroke
newpath -51.9 167.23 moveto
-52.5 167.68 -59.01 165.07 -62.29 163.29 curveto
-65.57 161.5 -72.59 157.71 -75.2 155.95 curveto
-77.81 154.2 -84.53 148.02 -88.74 143.49 curveto
-92.95 138.97 -96.79 130.44 -97.88 127.12 curveto
-98.98 123.8 -104.89 120.74 -106.87 119.97 curveto
-108.85 119.21 -113.01 117.76 -113.89 116.09 curveto
-114.77 114.41 -122.23 107.43 -124.09 106.29 curveto
-125.96 105.15 -131.6 102.29 -133.42 102.11 curveto
-135.24 101.93 -137.65 100.09 -137.91 99.41 curveto
-138.16 98.72 -143.81 91.92 -145.08 90.42 curveto
-146.36 88.92 -146.84 88.99 -148.21 89.41 curveto
-149.57 89.83 -149.16 89.17 -150.4 89.02 curveto
-151.64 88.87 -159.44 84.95 -163.57 80.91 curveto
-167.71 76.87 -175.06 77.87 -178.33 78.1 curveto
-181.61 78.34 -193.45 68.46 -196.7 66 curveto
-199.95 63.54 -205.2 56.66 -206.41 53.63 curveto
-207.61 50.59 -210.3 42.39 -211.58 40.89 curveto
-212.85 39.39 -216.64 34.12 -218.78 30.47 curveto
-220.92 26.81 -226.56 11.74 -227.95 10.53 curveto
-229.33 9.31 -231.79 8.42 -232.65 8.29 curveto
-233.51 8.15 -235.36 4.51 -236.41 2.44 curveto
-237.47 0.37 -237.8 -0.7 -238.73 -1.42 curveto
-239.66 -2.14 -241.08 -2.49 -241.08 -2.49 curveto stroke
newpath -220.73 -47.09 moveto
-220.73 -47.09 -223.18 -44.04 -223.52 -40.98 curveto
-223.85 -37.92 -223.43 -34.63 -222.14 -33.52 curveto
-220.84 -32.4 -215 -31.93 -214.56 -29.03 curveto
-214.12 -26.12 -215.21 -25.5 -214.98 -22.13 curveto
-214.75 -18.75 -212.94 -16.46 -211.29 -14.75 curveto
-209.64 -13.03 -208.79 -12.71 -208.23 -10.28 curveto
-207.67 -7.85 -202.49 -1.45 -201.24 0.53 curveto
-199.98 2.51 -190.17 10.66 -188.12 11.91 curveto
-186.06 13.16 -175.36 18.57 -174.11 24.68 curveto
-172.86 30.79 -170.32 29.76 -169.31 30.86 curveto
-168.31 31.96 -161.69 32.27 -160.25 32.34 curveto
-158.81 32.41 -154.76 31.92 -153.92 32.64 curveto
-153.09 33.35 -154.49 34.53 -151.91 34.84 curveto
-149.33 35.15 -145.31 35.34 -145.24 35.92 curveto
-145.17 36.5 -143.99 35.98 -144.16 37.6 curveto
-144.33 39.23 -143.72 38.39 -141.44 38.98 curveto
-139.16 39.57 -133.69 39.63 -133.48 41.37 curveto
-133.27 43.11 -134.23 43.06 -133.14 44.46 curveto
-132.05 45.86 -130.66 46.88 -129.65 47.98 curveto
-128.65 49.09 -128.37 53.33 -126.71 54.95 curveto
-125.06 56.56 -121.71 59.12 -119.9 61.41 curveto
-118.08 63.71 -114.94 64.34 -113.65 69.78 curveto
-112.37 75.22 -111.41 77.48 -110.73 79.24 curveto
-110.04 81 -108.12 87.15 -106.77 89.13 curveto
-105.42 91.12 -104.02 96.08 -103.04 97.76 curveto
-102.06 99.44 -97 102.07 -96.16 102.59 curveto
-95.32 103.11 -92.35 107.48 -91.45 108.86 curveto
-90.56 110.25 -88.75 116.78 -87.25 117.62 curveto
-85.75 118.46 -84.44 119.1 -82.71 121.19 curveto
-80.98 123.29 -77.03 125.3 -75.55 126.43 curveto
-74.06 127.56 -65.26 132.69 -63.66 133.34 curveto
-62.06 133.99 -55.81 141.97 -54.73 143.56 curveto
-53.66 145.14 -48.66 149.31 -46.03 148.67 curveto
-43.41 148.02 -39.64 147.62 -38.7 148.05 curveto
-37.76 148.47 -34.8 151.01 -35.47 148.87 curveto
-36.14 146.72 -37.34 145.71 -37.2 142.74 curveto
-37.06 139.76 -36.59 133.73 -36.42 132.11 curveto
-36.25 130.48 -36.83 124.49 -38.25 123.94 curveto
-39.66 123.4 -40.58 120.28 -41.97 117.14 curveto
-43.36 114 -43.02 108.92 -47.08 105.27 curveto
-51.14 101.62 -51.44 99.87 -51.88 98.99 curveto
-52.32 98.1 -53.89 96.78 -53.89 96.78 curveto stroke
newpath -25.87 153.25 moveto
-25.87 153.25 -26.95 153.88 -27.66 154.52 curveto
-28.36 155.16 -29.05 155.51 -29.93 155.95 curveto
-30.82 156.39 -31.06 157.43 -31.67 158.17 curveto
-32.28 158.91 -33.26 159.35 -33.76 159.81 curveto
-34.27 160.26 -35.67 161.45 -36.74 161.78 curveto
-37.81 162.12 -38.73 163.32 -39.45 164.15 curveto
-40.16 164.99 -40.25 164.98 -40.25 164.98 curveto stroke
showpage
%%EOF
