%!PS
%%BoundingBox: -105 -334 108 334 
%%HiResBoundingBox: -104.68848 -333.36957 107.45833 333.18834 
%%Creator: MetaPost 1.209
%%CreationDate: 2015.11.29:1738
%%Pages: 1
%%BeginProlog
%%EndProlog
%%Page: 1 1
 0 0 0 setrgbcolor 0 0.11667 dtransform truncate idtransform setlinewidth pop
 [] 0 setdash 1 setlinecap 1 setlinejoin 10 setmiterlimit
newpath 13.56 184.2 moveto
13 183.66 9.74 182.05 8.69 180.52 curveto
7.64 179 6.22 174.62 6.1 173.76 curveto
5.99 172.89 6.14 166.12 5.9 164.72 curveto
5.66 163.32 5.58 157.65 6.39 154.99 curveto
7.21 152.33 8.22 146.89 8.06 144.63 curveto
7.9 142.36 6.63 139.15 5.83 137.34 curveto
5.03 135.54 4.81 131.01 5.28 129.83 curveto
5.76 128.65 7.21 127.11 7.27 125.24 curveto
7.34 123.37 7.38 118.38 7.21 117.56 curveto
7.05 116.73 7.69 114.93 7.21 113.52 curveto
6.74 112.11 5.9 111.22 6.25 109.74 curveto
6.59 108.26 6.97 105.59 6.78 102.89 curveto
6.59 100.19 6.25 97.44 5.69 95.6 curveto
5.13 93.75 4.19 90.55 3.47 89.08 curveto
2.76 87.61 1.06 81.4 0.61 80.48 curveto
0.16 79.55 -4.5 70.4 -5.15 69.56 curveto
-5.79 68.72 -8.53 63.34 -9.24 61.68 curveto
-9.95 60.02 -10.07 56.8 -10.65 55.63 curveto
-11.24 54.45 -11.95 50.15 -12.4 49.51 curveto
-12.86 48.87 -14.88 43.66 -15.43 42.73 curveto
-15.97 41.8 -17.38 38.19 -18.11 37.35 curveto
-18.85 36.51 -22.47 29.03 -24.7 28.22 curveto
-26.93 27.42 -32.47 23.86 -33.52 23.77 curveto
-34.57 23.69 -38.58 21.67 -39.32 20.78 curveto
-40.06 19.89 -44.4 16.28 -45.59 14.84 curveto
-46.79 13.41 -49.38 8.99 -49.85 7.58 curveto
-50.33 6.17 -51.91 3.19 -52.63 1.77 curveto
-53.34 0.35 -54.7 -3.25 -55.73 -4.01 curveto
-56.76 -4.76 -58.47 -6.79 -60.13 -10.12 curveto
-61.79 -13.44 -61.74 -18.68 -61.98 -20.03 curveto
-62.22 -21.38 -62.71 -28.03 -64.31 -30.25 curveto
-65.91 -32.47 -67.54 -38.05 -68.51 -38.99 curveto
-69.49 -39.94 -72.19 -43.74 -73.55 -45.95 curveto
-74.91 -48.16 -75.78 -53.37 -76.3 -54.98 curveto
-76.82 -56.58 -77.16 -57.89 -77.26 -59.14 curveto
-77.36 -60.39 -77.29 -61.02 -77.83 -62.09 curveto
-78.37 -63.17 -79.18 -68.72 -79.68 -69.46 curveto
-80.18 -70.2 -79.65 -70.27 -80.51 -71.79 curveto
-81.37 -73.31 -82.29 -74.4 -82.74 -75.14 curveto
-83.19 -75.88 -84.09 -77.59 -84.32 -80.72 curveto
-84.54 -83.85 -85.11 -88.15 -84.67 -89.62 curveto
-84.23 -91.09 -83.76 -95.02 -83.79 -96.7 curveto
-83.83 -98.38 -83.77 -104.19 -84.35 -105.27 curveto
-84.94 -106.35 -85.67 -110.03 -86.02 -111.1 curveto
-86.36 -112.16 -86.4 -113.85 -86.41 -114.76 curveto
-86.43 -115.67 -86.54 -120.62 -86.41 -121.67 curveto
-86.27 -122.73 -85.15 -125.95 -85.16 -127.1 curveto
-85.16 -128.26 -83.53 -136.41 -83.62 -137.85 curveto
-83.71 -139.3 -84.68 -147.21 -84.74 -148.17 curveto
-84.8 -149.13 -85.19 -154.48 -85.45 -156.5 curveto
-85.72 -158.53 -86.16 -162.15 -86.12 -163.4 curveto
-86.07 -164.64 -86.72 -166.73 -86.52 -168.4 curveto
-86.31 -170.08 -85.2 -174.31 -84.69 -175.01 curveto
-84.19 -175.72 -83.75 -178.58 -83.02 -180.09 curveto
-82.3 -181.61 -79.14 -190.62 -78.62 -191.66 curveto
-78.11 -192.7 -76.42 -192.83 -74.48 -196.08 curveto
-72.54 -199.32 -70.47 -200.78 -70.52 -202.18 curveto
-70.56 -203.57 -70.42 -204.91 -70.36 -206.64 curveto
-70.3 -208.37 -69.81 -213.82 -70.23 -215.66 curveto
-70.64 -217.51 -71.67 -218.36 -72.16 -220.68 curveto
-72.66 -223.01 -71.45 -225.75 -71.06 -227.42 curveto
-70.66 -229.08 -68.04 -232.54 -67.89 -234.22 curveto
-67.73 -235.9 -67.81 -237.87 -67.92 -239.94 curveto
-68.04 -242.01 -66.93 -244.99 -66.15 -246.6 curveto
-65.37 -248.2 -64.31 -249.84 -64.12 -250.99 curveto
-63.94 -252.14 -63.52 -253.18 -63.48 -254.04 curveto
-63.45 -254.9 -62.39 -256.36 -62.25 -259.14 curveto
-62.1 -261.92 -61.54 -265.45 -60.48 -266.85 curveto
-59.42 -268.25 -56.48 -275.21 -56.17 -277.02 curveto
-55.86 -278.84 -55.09 -281.69 -53.72 -283.71 curveto
-52.35 -285.73 -51.56 -287.67 -49.8 -288.33 curveto
-48.05 -288.99 -40.3 -292.26 -39.29 -292.23 curveto
-38.28 -292.19 -30.75 -294.71 -30.17 -294.88 curveto
-29.59 -295.05 -25.76 -296.11 -24.09 -296.92 curveto
-22.43 -297.72 -19.98 -299.02 -18.87 -299.18 curveto
-17.76 -299.33 -12.82 -299.2 -11.96 -299.02 curveto
-11.1 -298.85 -9.34 -298.4 -8.66 -298.62 curveto
-7.98 -298.83 -6.15 -299.05 -4.33 -298.75 curveto
-2.52 -298.44 1.76 -297.09 3.59 -296.11 curveto
5.43 -295.13 13.05 -292.08 14.18 -291.22 curveto
15.3 -290.36 25.85 -284.51 26.82 -283.42 curveto
27.79 -282.33 31.84 -278.73 32.77 -278.02 curveto
33.71 -277.32 38.74 -274.35 39.41 -273.03 curveto
40.08 -271.71 46.07 -261.84 47.37 -260.74 curveto
48.68 -259.63 54.75 -252.06 55.86 -250.87 curveto
56.97 -249.68 61.37 -243.76 62.11 -243.06 curveto
62.86 -242.36 65.58 -239.19 66.06 -237.92 curveto
66.54 -236.65 66.55 -235.5 67 -234.62 curveto stroke
newpath 107.4 -242.69 moveto
106.49 -244.16 107.05 -245.15 106.91 -246.4 curveto
106.76 -247.66 104.7 -250.61 104.16 -251.64 curveto
103.62 -252.67 103.06 -255.76 103.01 -256.92 curveto
102.95 -258.07 103.38 -259.31 103.23 -260.42 curveto
103.08 -261.53 100.47 -265.37 99.91 -265.82 curveto
99.35 -266.27 98.11 -269.01 97.04 -269.96 curveto
95.97 -270.91 94.01 -275.45 93.47 -276.33 curveto
92.92 -277.21 91.42 -278.13 89.45 -279.45 curveto
87.48 -280.77 87.22 -282.8 85.7 -284.77 curveto
84.19 -286.75 82.62 -287.14 81.55 -288.24 curveto
80.48 -289.33 77.09 -289.84 76.76 -289.85 curveto
76.42 -289.86 73.92 -291.15 72.88 -291.53 curveto
71.83 -291.9 69.17 -291.27 68.16 -291.26 curveto
67.15 -291.25 63.7 -291.47 62.87 -291.16 curveto
62.05 -290.86 58.5 -291.13 57.31 -291.41 curveto
56.12 -291.69 52.24 -291.88 50.26 -291.8 curveto
48.29 -291.73 40.5 -292.73 39.17 -293.02 curveto
37.83 -293.3 32.2 -298.21 30.44 -298.71 curveto
28.68 -299.2 25.88 -302.95 24.32 -304.88 curveto
22.75 -306.81 20.67 -314.42 20.22 -316.5 curveto
19.77 -318.59 15.85 -324.68 14.55 -327.13 curveto
13.24 -329.58 11.36 -333.39 10.98 -333.31 curveto
10.59 -333.23 8.74 -332.57 7.76 -331.89 curveto
6.77 -331.2 4 -327.65 3.32 -327.34 curveto
2.64 -327.03 -1.9 -326.37 -2.49 -326.01 curveto
-3.08 -325.65 -9.25 -322.31 -10.14 -321.67 curveto
-11.03 -321.03 -16.29 -318.82 -17.98 -318.59 curveto
-19.67 -318.37 -23.08 -317.05 -24.12 -317.62 curveto
-25.15 -318.18 -29.3 -319.1 -30.31 -319.09 curveto
-31.32 -319.08 -34.52 -319.53 -35.71 -319.76 curveto
-36.9 -320 -37.6 -317.96 -38.68 -317.23 curveto
-39.77 -316.5 -40.38 -316.71 -42.11 -316.92 curveto
-43.83 -317.12 -46 -316.86 -46.4 -316.49 curveto
-46.79 -316.12 -50.08 -314.22 -52.1 -312.81 curveto
-54.12 -311.39 -56.2 -310.93 -57.84 -310.75 curveto
-59.48 -310.57 -62.49 -308.33 -63.55 -307.98 curveto
-64.62 -307.63 -67.92 -305.54 -69.33 -305.02 curveto
-70.74 -304.49 -73.73 -302.77 -74.48 -301.98 curveto
-75.23 -301.2 -76.01 -299.45 -76.13 -298.83 curveto
-76.25 -298.21 -80.16 -293.54 -80.78 -292.46 curveto
-81.39 -291.38 -81.56 -290.76 -81.53 -290.14 curveto
-81.51 -289.51 -81.21 -288.4 -81.54 -287.45 curveto
-81.86 -286.5 -81.66 -284.04 -81.56 -282.89 curveto
-81.46 -281.73 -82.53 -277.25 -82.66 -276.3 curveto
-82.79 -275.34 -83.89 -270.24 -83.8 -267.31 curveto
-83.72 -264.37 -84.24 -263.34 -84.85 -262.3 curveto
-85.46 -261.27 -85.88 -260.32 -85.95 -259.75 curveto
-86.02 -259.17 -85.3 -259 -84.61 -258.35 curveto
-83.91 -257.7 -83.03 -256.86 -82.73 -255.88 curveto
-82.43 -254.91 -82.64 -254.3 -81.28 -251.94 curveto
-79.93 -249.59 -80.01 -247.19 -80.32 -245.32 curveto
-80.62 -243.46 -81.77 -239.71 -82.23 -237.56 curveto
-82.69 -235.42 -85.18 -234.16 -86.07 -233.57 curveto
-86.95 -232.98 -88.15 -233.12 -88.69 -232.75 curveto
-89.23 -232.39 -90.49 -230.65 -91.38 -229.87 curveto
-92.28 -229.09 -93.2 -224.75 -93.66 -223.95 curveto
-94.12 -223.15 -95.3 -218.44 -95.61 -217.78 curveto
-95.92 -217.11 -97.01 -212.35 -97.06 -211.01 curveto
-97.1 -209.66 -97.03 -207.6 -97.21 -206.74 curveto
-97.38 -205.88 -97.19 -204.53 -97.34 -203.09 curveto
-97.49 -201.65 -98.22 -198.46 -98.68 -197.66 curveto
-99.14 -196.86 -99.03 -191.91 -99.31 -189.51 curveto
-99.59 -187.12 -99.86 -186.07 -99.91 -184.87 curveto
-99.95 -183.67 -100.3 -180.37 -100.11 -178.97 curveto
-99.92 -177.57 -100.36 -176.2 -100.57 -174.33 curveto
-100.78 -172.47 -101.39 -168.84 -101.82 -167.46 curveto
-102.25 -166.08 -101.94 -161.46 -101.79 -160.4 curveto
-101.63 -159.34 -101.86 -154.35 -101.68 -152.71 curveto
-101.49 -151.07 -102.05 -148.98 -102.11 -148.5 curveto
-102.18 -148.03 -102.75 -145.45 -103.09 -144.12 curveto
-103.42 -142.79 -102.86 -141.13 -102.55 -140.36 curveto
-102.24 -139.58 -102.66 -138.58 -101.52 -135.52 curveto
-100.38 -132.45 -100.89 -130.21 -100.74 -129.25 curveto
-100.58 -128.28 -101.79 -120.01 -102.23 -118.3 curveto
-102.68 -116.59 -103.63 -112.69 -103.86 -110.44 curveto
-104.08 -108.19 -104.64 -104.8 -104.63 -103.64 curveto
-104.62 -102.49 -103 -98.21 -102.52 -96.94 curveto
-102.04 -95.67 -100.21 -91.76 -99.68 -90.35 curveto
-99.16 -88.94 -98.86 -85.13 -98.67 -83.78 curveto
-98.48 -82.43 -98.12 -77.76 -97.91 -76.74 curveto
-97.71 -75.72 -97.57 -74.23 -97.17 -73.25 curveto
-96.77 -72.28 -96.51 -68.95 -96.41 -67.56 curveto
-96.32 -66.16 -94.58 -61.06 -94.42 -60.14 curveto
-94.26 -59.22 -91.4 -49.08 -91.04 -47 curveto
-90.69 -44.92 -88.6 -42.83 -87.73 -41.7 curveto
-86.85 -40.56 -83.69 -33.63 -83.21 -32.26 curveto
-82.73 -30.9 -80.77 -23.92 -80.5 -23.33 curveto
-80.24 -22.74 -78.31 -18.83 -78.25 -17.77 curveto
-78.19 -16.72 -76.58 -14.74 -76.17 -14.24 curveto
-75.75 -13.75 -75.18 -10.84 -74.16 -9.94 curveto
-73.13 -9.04 -71.28 -4.51 -70.32 -2.94 curveto
-69.37 -1.37 -68.84 -0.2 -68.74 1.01 curveto
-68.63 2.21 -67.58 5.08 -67.29 6.25 curveto
-66.99 7.41 -66.13 8.83 -65.01 9.74 curveto
-63.89 10.64 -64.02 11.69 -63.07 13.36 curveto
-62.12 15.03 -61.43 17.31 -60.76 18.58 curveto
-60.08 19.85 -59.54 22.18 -58.44 23.65 curveto
-57.34 25.13 -54.77 27.14 -53.58 28.72 curveto
-52.39 30.3 -51.98 30.99 -51.04 32.99 curveto
-50.11 34.99 -49.21 36.8 -48.65 38.5 curveto
-48.09 40.21 -41.13 46.89 -40.47 47.45 curveto
-39.82 48 -32.54 53.74 -31.24 55.08 curveto
-29.94 56.42 -28.74 56.23 -27.79 56.65 curveto
-26.84 57.06 -25.28 59.04 -25.12 60.01 curveto
-24.97 60.97 -23.3 65.36 -22.92 66.86 curveto
-22.54 68.36 -21 70.96 -20.48 71.27 curveto
-19.97 71.58 -17.63 76.13 -17.14 77.2 curveto
-16.65 78.28 -15.62 81.77 -15.1 83.23 curveto
-14.57 84.69 -12.17 87.23 -11.62 88.16 curveto
-11.08 89.09 -9.96 92.64 -9.32 94.87 curveto
-8.68 97.1 -6.93 103.5 -6.84 104.9 curveto
-6.74 106.3 -7.48 112.08 -7.51 112.99 curveto
-7.54 113.9 -8.37 120.84 -8.98 125.67 curveto
-9.58 130.49 -11.24 133.75 -12.02 135.45 curveto
-12.8 137.15 -14.7 137.9 -15.82 138.34 curveto
-16.94 138.78 -20.71 139.32 -21.58 139.53 curveto
-22.46 139.74 -24.89 139.12 -25.45 138.86 curveto
-26.02 138.6 -28.85 138.55 -29.52 138.33 curveto
-30.18 138.12 -34.4 137.77 -35.16 137.51 curveto
-35.91 137.24 -37.73 137.03 -39.39 136.49 curveto stroke
newpath -39.39 136.49 moveto
-39.39 136.49 -42.61 136.57 -43.03 137.42 curveto
-43.44 138.27 -43.91 139.36 -44.53 140.49 curveto
-45.15 141.62 -45.2 145.8 -45.16 147.33 curveto
-45.12 148.87 -44.11 153.04 -43.47 155.13 curveto
-42.82 157.22 -43.12 158.84 -43.21 160.08 curveto
-43.3 161.33 -43.14 163.45 -43.17 164.27 curveto
-43.2 165.08 -42.5 165.78 -42.15 166.85 curveto
-41.81 167.92 -42.86 169.27 -43.27 169.83 curveto
-43.67 170.4 -44.09 171.39 -43.75 172.46 curveto
-43.4 173.53 -43.86 174.33 -44.42 175.27 curveto
-44.98 176.21 -44.9 179.33 -45.01 180.96 curveto
-45.11 182.59 -42.56 183.74 -41.18 185.52 curveto
-39.81 187.3 -40.46 189.43 -40.71 189.76 curveto
-40.96 190.09 -40.44 191.45 -40.31 191.84 curveto
-40.18 192.23 -39.89 193.78 -39.63 194.36 curveto
-39.36 194.95 -39.9 195.27 -39.82 195.75 curveto
-39.74 196.23 -39.57 196.77 -39.69 197.34 curveto
-39.8 197.91 -40.14 198.09 -40.35 198.57 curveto
-40.56 199.04 -39.98 200.31 -39.67 200.99 curveto
-39.36 201.68 -39.39 203.98 -39.2 205.28 curveto
-39.01 206.59 -39.93 206.79 -40.2 207.55 curveto
-40.46 208.31 -39.94 209.68 -40.12 210.82 curveto
-40.31 211.97 -40.54 213.26 -40.67 214.07 curveto
-40.79 214.88 -39.95 216.79 -39.74 217.66 curveto
-39.53 218.53 -39.48 218.39 -39.66 219.39 curveto
-39.84 220.39 -40.21 220.09 -40.75 221.7 curveto
-41.29 223.32 -40.02 224.08 -39.37 224.68 curveto
-38.71 225.28 -38.11 225.88 -37.95 226.84 curveto
-37.8 227.81 -37.75 229.25 -38.11 231.16 curveto
-38.46 233.07 -37.97 235.39 -37.67 237.9 curveto
-37.38 240.4 -35.29 241.15 -34.17 241.96 curveto
-33.05 242.77 -33.3 247.08 -32.59 248.74 curveto
-31.88 250.4 -31.32 256.28 -30.36 259.1 curveto
-29.41 261.92 -29.45 263.26 -29.4 267.01 curveto
-29.34 270.76 -30.01 270.64 -29.47 271.91 curveto
-28.94 273.18 -28.42 274.64 -28.95 278.85 curveto
-29.49 283.06 -31.07 286.94 -31.59 288.17 curveto
-32.12 289.4 -31.69 290.95 -30.96 292.13 curveto
-30.24 293.31 -31.08 295.29 -31.72 297.19 curveto
-32.37 299.09 -35.34 301.67 -36.07 303.08 curveto
-36.79 304.5 -39.02 307.68 -40.33 309.27 curveto
-41.63 310.85 -42.6 310.92 -44.26 311.82 curveto
-45.93 312.72 -46.51 312.89 -47.27 312.57 curveto
-48.02 312.26 -49.31 313.27 -49.83 314.4 curveto
-50.35 315.53 -50.85 316.09 -51.43 316.17 curveto
-52.01 316.24 -55.11 317.09 -57.04 317.21 curveto
-58.97 317.33 -64.66 320.87 -64.66 320.87 curveto stroke
newpath -60.5 333.13 moveto
-60.5 333.13 -53.21 328.11 -52.32 327.47 curveto
-51.43 326.83 -49.24 324.7 -47.8 324.56 curveto
-46.35 324.42 -41.82 324.01 -40.81 322.6 curveto
-39.8 321.2 -38.21 319.72 -37.1 318.41 curveto
-36 317.11 -32.75 317.52 -32.07 317.35 curveto
-31.39 317.18 -27.86 315.2 -27.13 313.69 curveto
-26.41 312.18 -23.16 302.11 -22.92 300.78 curveto
-22.68 299.44 -20.65 293.84 -21 292.97 curveto
-21.36 292.09 -21.84 289.38 -21.99 288.32 curveto
-22.14 287.26 -22.01 286.3 -22.12 285.38 curveto
-22.24 284.47 -22.28 282.93 -22.08 282.74 curveto
-21.88 282.56 -20.95 282.21 -20.7 283.13 curveto
-20.44 284.05 -20.52 284.82 -20.24 285.02 curveto
-19.96 285.22 -19.17 286.12 -19.17 284.82 curveto
-19.18 283.52 -19.17 283.42 -18.82 283.01 curveto
-18.47 282.59 -18.37 279.9 -18.48 278.84 curveto
-18.59 277.78 -19.33 273.04 -19.1 271.9 curveto
-18.86 270.75 -19.8 264.57 -20.02 264.03 curveto
-20.24 263.5 -22.4 256.79 -22.51 254.58 curveto
-22.63 252.36 -22.47 250.73 -22.59 248.71 curveto
-22.71 246.69 -22.57 245.35 -24.37 244.71 curveto
-26.18 244.07 -28.33 242.65 -29.04 240.99 curveto
-29.75 239.33 -31.13 237.65 -31.19 236.4 curveto
-31.24 235.15 -33.4 228.54 -33.27 227.59 curveto
-33.14 226.63 -32.66 226.55 -32.91 225.39 curveto
-33.16 224.23 -33.62 223.83 -33.19 222.6 curveto
-32.77 221.36 -31.66 219.87 -31.43 218.91 curveto
-31.2 217.96 -30.95 216.34 -31.6 215.64 curveto
-32.25 214.95 -32.93 212.62 -32.9 211.75 curveto
-32.87 210.89 -32.7 210.13 -33.02 209.78 curveto
-33.35 209.43 -34.39 209.01 -34.53 208.86 curveto
-34.66 208.71 -34.94 208.46 -34.45 208 curveto
-33.95 207.54 -32.97 207 -33.8 206.1 curveto
-34.63 205.21 -35.45 205.23 -35.53 204.65 curveto
-35.6 204.07 -36 203.09 -35.47 203.06 curveto
-34.94 203.03 -33.78 202.88 -33.71 202.12 curveto
-33.63 201.35 -33.52 199.67 -33.93 199.03 curveto
-34.34 198.4 -34.87 196.98 -34.87 196.98 curveto
-34.87 196.98 -35.2 196.88 -34.74 195.98 curveto
-34.27 195.08 -33.76 194.24 -33.84 193.8 curveto
-33.92 193.37 -33.62 192.99 -32.98 192.44 curveto
-32.33 191.89 -30.97 191.45 -30.96 189.87 curveto
-30.96 188.28 -31.64 187.25 -32.19 186.56 curveto
-32.74 185.87 -33.17 185.71 -33.39 185.22 curveto
-33.62 184.73 -34.28 183.07 -34.16 182.5 curveto
-34.04 181.93 -34.06 181.06 -33.44 179.74 curveto
-32.81 178.42 -31.43 175.97 -31.44 174.86 curveto
-31.45 173.76 -30.95 172 -30.56 171.68 curveto
-30.16 171.36 -29.89 169.16 -29.88 168.82 curveto
-29.87 168.48 -28.93 167.7 -28.22 166.57 curveto
-27.5 165.45 -26.21 162.9 -25.52 162.49 curveto
-24.84 162.08 -22.13 160.21 -20.86 161.02 curveto
-19.59 161.84 -16.93 162.6 -15.3 165.3 curveto
-13.67 168 -10.33 171.24 -9.97 171.93 curveto
-9.61 172.61 -7.48 174.71 -6.89 175.64 curveto
-6.29 176.57 -4.46 178.95 -3.08 179.33 curveto
-1.7 179.72 1.91 182.2 2.62 182.42 curveto
3.33 182.64 5.3 184.05 5.93 185.18 curveto
6.57 186.31 7.2 186.14 7.42 186.58 curveto stroke
showpage
%%EOF
