    -2     1   1   1   1 01/07/05                              0    0.00   0   1
    -1     1   1   1   1  360.00  360.00    0.05    1.00    1.00  100.00  100.00
    24    -2   1   1   1 
    24    -1   1   1   1      20      23      24       4       4       3       0
    24     0   1   1   1    0.00    0.00    0.00    3.37    1.82    2.77    1.01
(   24     0   1   1   1 [4.67 200.2 25.6]
(   24     0   2   1   1 [2.72 305.1 29.9]
(   24     0   3   1   1 [2.85 257.3 86.9]
(   24     0   4   1   1 [1.09 69.3 -79.2]
    24     1   1   1   1    8.51  254.34   10.39    2.97    1.98    1.55    1.40
(   24     1   1   1   1 [3.67 173.9 36.0]
(   24     1   2   1   1 [2.08 333.1 11.3]
(   24     1   3   1   1 [1.56 305.2 83.7]
(   24     1   4   1   1 [1.40 171.2 -86.7]
    24     2   1   1   1    7.16  256.80  -14.57    1.93    2.43    3.33    0.60
(   24     2   1   1   1 [2.14 182.7 -23.0]
(   24     2   2   1   1 [2.95 22.0 33.4]
(   24     2   3   1   1 [0.69 326.9 -71.9]
(   24     2   4   1   1 [3.46 95.2 88.5]
    24     3   1   1   1    5.10  310.93  -14.13    2.01    0.00    1.49    0.78
(   24     3   1   1   1 [2.10 198.7 1.4]
(   24     3   2   1   1 [0.81 198.2 -82.1]
(   24     3   3   1   1 [1.50 232.5 82.3]
    24     4   1   1   1    5.64  231.13  -10.55    0.00    0.00    0.00    0.00
