    -2     1   1   1   1 01/07/05                              0    0.00   0   1
    -1     1   1   1   1  360.00  360.00    0.05    1.00    1.00  100.00  100.00
    50    -2   1   1   1 
    50    -1   1   1   1       1      11      50       8       8       3       0
    50     0   1   1   1    0.00    0.00    0.00    0.00    2.38    0.99    0.57
(   50     0   1   1   1 [3.60 197.6 -1.8]
(   50     0   2   1   1 [1.00 168.0 82.6]
(   50     0   3   1   1 [0.57 255.6 -87.0]
(   50     0   4   1   1 [3.33 183.8 -1.9]
    50     1   1   1   1   11.60  155.71   -1.45    2.08    0.00    0.76    0.26
(   50     1   1   1   1 [2.09 62.8 -1.3]
(   50     1   2   1   1 [0.78 49.2 76.9]
(   50     1   3   1   1 [0.26 134.0 -85.8]
    50     2   1   1   1   11.96  136.72   -0.05    1.54    0.83    1.33    0.24
(   50     2   1   1   1 [1.54 48.7 1.3]
(   50     2   2   1   1 [0.84 234.2 0.0]
(   50     2   3   1   1 [1.34 52.5 82.7]
(   50     2   4   1   1 [0.24 81.4 -82.9]
    50     3   1   1   1   13.12  128.57    0.45    0.00    2.74    0.65    0.32
(   50     3   1   1   1 [2.87 218.2 -1.3]
(   50     3   2   1   1 [0.71 201.7 65.9]
(   50     3   3   1   1 [0.32 273.1 -83.0]
    50     4   1   1   1    6.73  162.72    0.86    2.36    0.00    0.35    0.47
(   50     4   1   1   1 [2.36 48.2 -2.2]
(   50     4   2   1   1 [0.42 53.3 56.9]
(   50     4   3   1   1 [0.47 95.9 -86.7]
    50     5   1   1   1   11.07  107.77   -0.17    0.00    5.60    0.29    0.40
(   50     5   1   1   1 [5.61 221.9 -2.9]
(   50     5   2   1   1 [0.35 210.6 56.6]
(   50     5   3   1   1 [0.40 19.5 -86.7]
    50     6   1   1   1    8.53  151.76   -1.85    0.18    2.08    0.38    0.00
(   50     6   1   1   1 [0.20 59.9 0.3]
(   50     6   2   1   1 [2.21 241.8 0.0]
(   50     6   3   1   1 [0.39 259.1 79.8]
    50     7   1   1   1    4.82  191.33   -0.17    1.24    0.00    1.79    0.00
(   50     7   1   1   1 [1.23 87.9 -0.9]
(   50     7   2   1   1 [7.27 72.3 12.7]
(   50     7   3   1   1 [1.90 104.4 73.3]
    50     8   1   1   1    5.34  162.00   13.58    0.00    0.00    0.00    0.00
    51    -2   1   1   1 
    51    -1   1   1   1      50       7      51       2       2       3       0
    51     0   1   1   1    0.00    0.00    0.00    0.00    0.00    0.00    0.00
    51     1   1   1   1    1.46  100.24   11.24    1.40    0.00    1.19    0.20
(   51     1   1   1   1 [1.43 353.2 12.6]
(   51     1   2   1   1 [0.64 141.1 55.1]
(   51     1   3   1   1 [1.43 14.1 63.8]
(   51     1   4   1   1 [0.21 352.1 -80.7]
    51     2   1   1   1    6.12   59.90   17.32    0.00    0.00    0.00    0.00
