%!PS
%%BoundingBox: -260 -90 -55 46 
%%HiResBoundingBox: -259.95 -89.20596 -55.26 45.93054 
%%Creator: MetaPost 1.209
%%CreationDate: 2014.08.12:0807
%%Pages: 1
%%BeginProlog
%%EndProlog
%%Page: 1 1
 0.1 0.2 0.8 setrgbcolor
newpath -248.25 -85.27 moveto
-259.95 -12.19 lineto
-259.94977 -12.18991 lineto
-257.46979 -11.14996 -253.74994 -10.55998 -251.55 -9.88 curveto
-249.34 -9.21 -243.08 -5.05 -242.36 -3.87 curveto
-240.27 -0.47 -238.03 -0.59 -237.02 -0.61 curveto
-236.01 -0.64 -229.48 1.51 -228.13 2 curveto
-226.78 2.49 -225.47 2.59 -221.42 5.31 curveto
-217.08 8.24 -209.69 9.54 -205.23 12.49 curveto
-199.76 16.12 -187.6 16.64 -184.35 16.42 curveto
-181.1 16.19 -178.43 16.72 -170.18 20.34 curveto
-161.62 24.09 -154.2 24.12 -145.33 24 curveto
-136.46 23.87 -132.1 26.44 -126.39 29.35 curveto
-120.67 32.26 -117.78 32.02 -113.44 31.56 curveto
-109.09 31.1 -105.54 30.67 -102.68 32.74 curveto
-99.81 34.81 -91.06 37.34 -87.62 37.78 curveto
-84.17 38.21 -74.6 38.48 -71.48 37.89 curveto
-68.35 37.31 -66.81 40.04 -66.81 40.04 curveto
-66.81 40.04 -61.01 45.91 -58.78 45.93 curveto
-56.5401 45.96 -56.28003 44.74013 -55.26013 44.57005 curveto
-55.26 44.57 lineto
-61.06 -8.5 lineto
-61.06013 -8.5 lineto
-63.79 -8.84003 -63.87001 -10.21002 -64.83 -11.47 curveto
-65.78 -12.74 -71.5 -15.43 -72.42 -15.98 curveto
-73.33 -16.52 -77.69 -19.09 -83.95 -21.01 curveto
-90.21 -22.94 -92.16 -26.19 -92.86 -26.72 curveto
-93.55 -27.26 -99.03 -30.52 -100.61 -32.53 curveto
-102.18 -34.55 -100.56 -35.2 -102.2 -35.77 curveto
-103.83 -36.35 -105.54 -36.78 -106.88 -37.56 curveto
-108.21 -38.33 -113.07 -40.92 -114.42 -41.41 curveto
-115.77 -41.9 -116.95 -39.5 -117.93 -38.61 curveto
-118.9 -37.71 -119.39 -38.09 -122.05 -38.35 curveto
-124.7 -38.61 -130.95 -37.51 -132.2 -36.91 curveto
-133.45 -36.32 -137.77 -34.63 -140.62 -33.67 curveto
-143.48 -32.71 -143.74 -33.16 -145.46 -33.37 curveto
-147.19 -33.59 -150.66 -33.17 -152.94 -32.11 curveto
-155.22 -31.05 -156.69 -32.05 -158.68 -32.86 curveto
-160.66 -33.67 -161.81 -37.1 -163.25 -38.68 curveto
-164.7 -40.25 -175.53 -43.1 -176.89 -43.44 curveto
-178.24 -43.79 -189.39 -46 -190.94 -46.71 curveto
-192.5 -47.43 -201.2 -51.19 -204.11 -52.25 curveto
-207.02 -53.31 -205.71 -55.41 -205.09 -56.4 curveto
-204.47 -57.38 -203.45 -61.08 -204.12 -62.19 curveto
-204.79 -63.3 -213.65 -68.58 -216.04 -69.98 curveto
-218.43 -71.38 -225.22 -76.07 -226.56 -76.7 curveto
-227.9 -77.34 -230.98 -79.56 -232.67 -80.42 curveto
-234.36 -81.29 -236.13 -82.01 -237.68 -83.02 curveto
-239.22 -84.02 -239.56 -86.2 -241.1 -87.2 curveto
-242.63997 -88.19998 -244.22993 -86.61006 -248.24982 -85.27005 curveto
 closepath fill
 0.00002 0.00018 0.00008 setrgbcolor
newpath -183.29 -8.47 moveto
-182.05 -8.71 -179.79 -9.26 -180.06 -9.85 curveto
-180.32 -10.44 -180.42 -11.52 -180.74 -12.33 curveto
-181.07 -13.14 -182.39 -14.2 -182.73 -14.79 curveto
-183.06 -15.38 -185.06 -15.9 -185.42 -15.77 curveto
-185.79 -15.64 -187.65 -14.35 -187.83 -13.43 curveto
-188.01 -12.5 -189.13 -11.61 -189.15 -11.18 curveto
-189.17 -10.74 -189.78 -9.98 -187.57 -9.38 curveto
-185.36 -8.78 -185.37 -8.49 -184.72 -8.68 curveto
-184.06 -8.87 -184.52 -8.24 -183.29 -8.47 curveto closepath fill
 0 0 0 setrgbcolor 0 0.5 dtransform truncate idtransform setlinewidth pop
 [] 0 setdash 1 setlinejoin 10 setmiterlimit
newpath -183.29 -8.47 moveto
-182.05 -8.71 -179.79 -9.26 -180.06 -9.85 curveto
-180.32 -10.44 -180.42 -11.52 -180.74 -12.33 curveto
-181.07 -13.14 -182.39 -14.2 -182.73 -14.79 curveto
-183.06 -15.38 -185.06 -15.9 -185.42 -15.77 curveto
-185.79 -15.64 -187.65 -14.35 -187.83 -13.43 curveto
-188.01 -12.5 -189.13 -11.61 -189.15 -11.18 curveto
-189.17 -10.74 -189.78 -9.98 -187.57 -9.38 curveto
-185.36 -8.78 -185.37 -8.49 -184.72 -8.68 curveto
-184.06 -8.87 -184.52 -8.24 -183.29 -8.47 curveto closepath stroke
 0.00002 0.00018 0.00008 setrgbcolor
newpath -186.74 6.51 moveto
-185.74 5.04 -185.77 4.1 -184.36 3.23 curveto
-182.96 2.35 -181.6 0.97 -181.56 0.03 curveto
-181.52 -0.9 -180.49 -3.02 -180.77 -3.25 curveto
-181.05 -3.48 -183.15 -4.87 -184.27 -5.56 curveto
-185.4 -6.26 -186.84 -6.25 -188.07 -6.01 curveto
-189.31 -5.78 -190.93 -4.98 -192.15 -5.11 curveto
-193.37 -5.23 -195.02 -5.37 -195.93 -4.33 curveto
-196.84 -3.29 -196.84 -1.56 -197.1 -0.56 curveto
-197.36 0.44 -196.78 1.97 -197.25 3.03 curveto
-197.73 4.1 -198.18 6.17 -197.26 6.64 curveto
-196.35 7.11 -193.73 8.3 -192.88 8.56 curveto
-192.02 8.81 -189.39 7.84 -188.81 7.72 curveto
-188.23 7.6 -187.74 7.98 -186.74 6.51 curveto closepath fill
 0 0 0 setrgbcolor
newpath -186.74 6.51 moveto
-185.74 5.04 -185.77 4.1 -184.36 3.23 curveto
-182.96 2.35 -181.6 0.97 -181.56 0.03 curveto
-181.52 -0.9 -180.49 -3.02 -180.77 -3.25 curveto
-181.05 -3.48 -183.15 -4.87 -184.27 -5.56 curveto
-185.4 -6.26 -186.84 -6.25 -188.07 -6.01 curveto
-189.31 -5.78 -190.93 -4.98 -192.15 -5.11 curveto
-193.37 -5.23 -195.02 -5.37 -195.93 -4.33 curveto
-196.84 -3.29 -196.84 -1.56 -197.1 -0.56 curveto
-197.36 0.44 -196.78 1.97 -197.25 3.03 curveto
-197.73 4.1 -198.18 6.17 -197.26 6.64 curveto
-196.35 7.11 -193.73 8.3 -192.88 8.56 curveto
-192.02 8.81 -189.39 7.84 -188.81 7.72 curveto
-188.23 7.6 -187.74 7.98 -186.74 6.51 curveto closepath stroke
 1 setlinecap
newpath -238.76 -84.58 moveto
-233.11525 -96.1936 -248.38152 -81.3365 -241.68071 -78.48691 curveto stroke
newpath -241.68071 -78.48691 moveto
-244.13725 -76.63829 -242.91667 -72.47862 -239.26558 -71.56169 curveto stroke
newpath -239.26558 -71.56169 moveto
-241.40569 -69.35309 -242.74257 -66.32343 -240.72073 -64.73424 curveto stroke
newpath -240.72073 -64.73424 moveto
-244.35425 -63.27858 -243.61409 -57.87524 -239.64 -57.44 curveto stroke
newpath -239.64 -57.44 moveto
-239.64 -57.44 lineto stroke
 0.00002 0.00018 0.00008 setrgbcolor
newpath -240.63 -47.69 moveto
-240.63 -47.69 -239.3 -48.42 -239.37 -50.15 curveto
-239.44 -51.89 -239.46 -53.04 -240.25 -53.22 curveto
-241.04 -53.4 -241.83 -55.02 -242.72 -54.41 curveto
-243.61 -53.79 -244.45 -52.75 -244.76 -52.19 curveto
-245.07 -51.62 -246.87 -48.31 -246.27 -47.21 curveto
-245.67 -46.1 -244.11 -43.87 -243.29 -44.41 curveto
-242.48 -44.95 -242.56 -46.47 -241.97 -46.73 curveto
-241.38 -47 -240.63 -47.69 -240.63 -47.69 curveto closepath fill
 0 0 0 setrgbcolor
newpath -240.63 -47.69 moveto
-240.63 -47.69 -239.3 -48.42 -239.37 -50.15 curveto
-239.44 -51.89 -239.46 -53.04 -240.25 -53.22 curveto
-241.04 -53.4 -241.83 -55.02 -242.72 -54.41 curveto
-243.61 -53.79 -244.45 -52.75 -244.76 -52.19 curveto
-245.07 -51.62 -246.87 -48.31 -246.27 -47.21 curveto
-245.67 -46.1 -244.11 -43.87 -243.29 -44.41 curveto
-242.48 -44.95 -242.56 -46.47 -241.97 -46.73 curveto
-241.38 -47 -240.63 -47.69 -240.63 -47.69 curveto closepath stroke
newpath -242.99 -44.69 moveto
-245.67126 -44.96773 -247.0268 -40.41911 -243.19032 -37.79074 curveto stroke
newpath -243.19032 -37.79074 moveto
-245.48843 -36.6904 -244.08273 -33.3384 -241.14917 -31.10825 curveto stroke
newpath -241.14917 -31.10825 moveto
-244.2335 -29.81442 -247.17993 -27.89877 -245.49487 -26.0514 curveto stroke
newpath -245.49487 -26.0514 moveto
-249.19643 -25.23969 -250.60231 -21.47508 -248.44286 -19.90262 curveto stroke
newpath -248.44286 -19.90262 moveto
-250.86887 -18.82559 -252.05806 -16.09818 -251.46 -13.48 curveto stroke
newpath -251.46 -13.48 moveto
-251.46 -13.48 lineto stroke
 0.00002 0.00018 0.00008 setrgbcolor
newpath -166.83 16.23 moveto
-165.64 15.34 -165.91 14.83 -165.58 14.05 curveto
-165.26 13.27 -165.82 12.81 -166.53 12.49 curveto
-167.23 12.17 -168.88 11.82 -169.27 12.52 curveto
-169.66 13.22 -170.24 13.27 -169.92 14.44 curveto
-169.61 15.6 -170.46 16.72 -169.46 16.98 curveto
-168.46 17.24 -168.08 16.89 -167.72 16.69 curveto
-167.35 16.49 -168.02 17.11 -166.83 16.23 curveto closepath fill
 0 0 0 setrgbcolor
newpath -166.83 16.23 moveto
-165.64 15.34 -165.91 14.83 -165.58 14.05 curveto
-165.26 13.27 -165.82 12.81 -166.53 12.49 curveto
-167.23 12.17 -168.88 11.82 -169.27 12.52 curveto
-169.66 13.22 -170.24 13.27 -169.92 14.44 curveto
-169.61 15.6 -170.46 16.72 -169.46 16.98 curveto
-168.46 17.24 -168.08 16.89 -167.72 16.69 curveto
-167.35 16.49 -168.02 17.11 -166.83 16.23 curveto closepath stroke
 0.00002 0.00018 0.00008 setrgbcolor
newpath -115.76 -11.78 moveto
-113.89 -11.84 -113.36 -12.25 -111.76 -12.76 curveto
-110.15 -13.27 -109.98 -13.98 -109.02 -14.3 curveto
-108.07 -14.62 -107.2 -14.87 -107.18 -15.3 curveto
-107.16 -15.73 -109.82 -17.65 -112.04 -17.96 curveto
-114.26 -18.27 -117.56 -18.7 -118.66 -18.17 curveto
-119.76 -17.64 -122.61 -15.1 -121.72 -13.91 curveto
-120.84 -12.72 -120.04 -12.9 -118.84 -12.34 curveto
-117.64 -11.79 -117.64 -11.71 -115.76 -11.78 curveto closepath fill
 0 0 0 setrgbcolor
newpath -115.76 -11.78 moveto
-113.89 -11.84 -113.36 -12.25 -111.76 -12.76 curveto
-110.15 -13.27 -109.98 -13.98 -109.02 -14.3 curveto
-108.07 -14.62 -107.2 -14.87 -107.18 -15.3 curveto
-107.16 -15.73 -109.82 -17.65 -112.04 -17.96 curveto
-114.26 -18.27 -117.56 -18.7 -118.66 -18.17 curveto
-119.76 -17.64 -122.61 -15.1 -121.72 -13.91 curveto
-120.84 -12.72 -120.04 -12.9 -118.84 -12.34 curveto
-117.64 -11.79 -117.64 -11.71 -115.76 -11.78 curveto closepath stroke
newpath -100.78 -33.62 moveto
-103.5777 -33.0506 -106.042 -31.13191 -105.5203 -28.62956 curveto stroke
newpath -105.5203 -28.62956 moveto
-107.84729 -29.39568 -108.26228 -25.79251 -106.91048 -22.12642 curveto stroke
newpath -106.91048 -22.12642 moveto
-110.67801 -22.77443 -113.60236 -20.41615 -112.39 -18.26 curveto stroke
newpath -112.39 -18.26 moveto
-112.39 -18.26 lineto stroke
newpath -120.31 -38.64 moveto
-125.82794 -38.08052 -125.5395 -31.98647 -122.3963 -31.73227 curveto stroke
newpath -122.3963 -31.73227 moveto
-124.12259 -29.23204 -123.94647 -25.83601 -121.5171 -24.37393 curveto stroke
newpath -121.5171 -24.37393 moveto
-124.8391 -22.53566 -122.78972 -17.14267 -118.66 -18.17 curveto stroke
newpath -118.66 -18.17 moveto
-118.66 -18.17 lineto stroke
newpath -118.11 -12.46 moveto
-124.68423 -11.77356 -117.13336 -1.31831 -113.39978 -8.60002 curveto stroke
newpath -113.39978 -8.60002 moveto
-111.5466 -5.7305 -109.14679 -2.87978 -107.15913 -4.75607 curveto stroke
newpath -107.15913 -4.75607 moveto
-106.39127 -1.5201 -101.75755 -0.92711 -99.55606 -4.17688 curveto stroke
newpath -99.55606 -4.17688 moveto
-98.28854 -1.56479 -94.4932 -1.80894 -91.97476 -4.21928 curveto stroke
newpath -91.97476 -4.21928 moveto
-91.465 -2.13507 -91.07666 -0.00194 -90.13432 1.92885 curveto stroke
newpath -90.13432 1.92885 moveto
-93.83188 1.6713 -96.76025 4.52782 -95.59369 7.30878 curveto stroke
newpath -95.59369 7.30878 moveto
-98.0465 6.99702 -98.94702 9.96388 -100.23778 12.14682 curveto stroke
newpath -100.23778 12.14682 moveto
-101.97903 9.05724 -104.87906 6.69467 -106.97176 8.5646 curveto stroke
newpath -106.97176 8.5646 moveto
-107.62413 5.43723 -114.3726 6.6488 -112.85307 12.80788 curveto stroke
newpath -112.85307 12.80788 moveto
-115.90038 11.92596 -118.73248 14.8294 -117.89996 18.02997 curveto stroke
newpath -117.89996 18.02997 moveto
-117.9 18.03 lineto stroke
newpath -112.33 -12.78 moveto
-114.69978 -9.7212 -110.79974 -5.20569 -106.77753 -7.56192 curveto stroke
newpath -106.77753 -7.56192 moveto
-106.75752 -4.39641 -101.77419 -3.18817 -99.04768 -7.0631 curveto stroke
newpath -99.04768 -7.0631 moveto
-97.8315 -4.43924 -94.30302 -4.11649 -91.57593 -5.7684 curveto stroke
newpath -91.57593 -5.7684 moveto
-91.51923 -3.0725 -88.95569 -1.43044 -86.5 -0.15 curveto stroke
newpath -86.5 -0.15 moveto
-86.5 -0.15 lineto stroke
newpath -144.94 -33.78 moveto
-147.96907 -31.42744 -147.18587 -26.94893 -143.99118 -26.3154 curveto stroke
newpath -143.99118 -26.3154 moveto
-146.03223 -23.98528 -144.57472 -20.25633 -141.27773 -19.27826 curveto stroke
newpath -141.27773 -19.27826 moveto
-143.52106 -17.15112 -144.24323 -13.80345 -142.17436 -11.88791 curveto stroke
newpath -142.17436 -11.88791 moveto
-145.14012 -10.96968 -146.83354 -7.84291 -145.51767 -5.20842 curveto stroke
newpath -145.51767 -5.20842 moveto
-150.3271 -5.49911 -150.9888 0.98271 -146.9837 1.7509 curveto stroke
newpath -146.9837 1.7509 moveto
-149.23291 4.35135 -146.81712 8.55753 -142.91876 8.04662 curveto stroke
newpath -142.91876 8.04662 moveto
-144.52063 11.90749 -139.78346 15.03682 -137.0294 12.25648 curveto stroke
newpath -137.0294 12.25648 moveto
-136.19139 15.32568 -132.08084 16.09955 -129.62405 13.57104 curveto stroke
newpath -129.62405 13.57104 moveto
-128.77438 16.56882 -125.03287 17.62032 -122.3956 15.66374 curveto stroke
newpath -122.3956 15.66374 moveto
-122.01364 18.97942 -118.28113 20.7221 -115.56 18.86 curveto stroke
newpath -115.56 18.86 moveto
-115.56 18.86 lineto stroke
newpath -85.93 3.4 moveto
-88.97403 1.55086 -92.78331 3.07712 -92.94237 6.16165 curveto stroke
newpath -92.94237 6.16165 moveto
-95.19804 4.69946 -96.47719 8.4481 -96.10735 12.65654 curveto stroke
newpath -96.10735 12.65654 moveto
-98.86108 11.37373 -102.15733 10.86728 -103.54803 13.21996 curveto stroke
newpath -103.54803 13.21996 moveto
-105.07724 10.50742 -110.58119 12.75198 -108.78796 17.72038 curveto stroke
newpath -108.78796 17.72038 moveto
-111.13599 17.29988 -113.61519 17.4883 -115.56 18.86 curveto stroke
newpath -115.56 18.86 moveto
-115.56 18.86 lineto stroke
 0.00002 0.00018 0.00008 setrgbcolor
newpath -86.25 4.18 moveto
-86.25 4.18 -85.39 5.88 -84.69 4.83 curveto
-84 3.78 -84.18 2.98 -84.29 2.18 curveto
-84.4 1.38 -83.6 1.27 -84.85 0.21 curveto
-86.11 -0.85 -86.27 -0.43 -86.68 0.85 curveto
-87.1 2.13 -86.25 4.18 -86.25 4.18 curveto closepath fill
 0 0 0 setrgbcolor
newpath -86.25 4.18 moveto
-86.25 4.18 -85.39 5.88 -84.69 4.83 curveto
-84 3.78 -84.18 2.98 -84.29 2.18 curveto
-84.4 1.38 -83.6 1.27 -84.85 0.21 curveto
-86.11 -0.85 -86.27 -0.43 -86.68 0.85 curveto
-87.1 2.13 -86.25 4.18 -86.25 4.18 curveto closepath stroke
showpage
%%EOF
