%!PS
%%BoundingBox: -1 -1 101 101 
%%HiResBoundingBox: -0.35 -0.35 100.35 100.35 
%%Creator: MetaPost 1.209
%%CreationDate: 2014.07.31:1514
%%Pages: 1
%%BeginProlog
%%EndProlog
%%Page: 1 1
gsave newpath 0 0 moveto
100 0 lineto
100 100 lineto
0 100 lineto
 closepath clip
 0.8 0.8 0.8 setrgbcolor
newpath 0 0 moveto
113.3314 0 226.66798 0 339.99939 0 curveto
339.99939 113.3314 339.99939 226.66798 339.99939 339.99939 curveto
226.66798 339.99939 113.3314 339.99939 0 339.99939 curveto
0 226.66798 0 113.3314 0 0 curveto closepath fill
 0 0 0 setrgbcolor 0 1.7 dtransform truncate idtransform setlinewidth pop
 [] 0 setdash 1 setlinejoin 10 setmiterlimit
newpath 59.76971 43.8143 moveto
59.3935 44.848 58.4014 45.50247 57.30008 45.62926 curveto
55.56123 45.8294 53.85869 45.2813 52.21695 44.68375 curveto
50.57523 44.0862 48.91864 43.41171 47.7153 42.14066 curveto
46.95308 41.33559 46.61383 40.19656 46.99007 39.16286 curveto
47.3663 38.12915 48.3584 37.47469 49.4597 37.3479 curveto
51.19856 37.14775 52.9011 37.69586 54.54283 38.29341 curveto
56.18457 38.89096 57.84114 39.56544 59.0445 40.8365 curveto
59.80672 41.64157 60.14595 42.7806 59.76971 43.8143 curveto closepath stroke
newpath 67.31044 20.39629 moveto
67.97249 21.27481 67.9811 22.46323 67.48761 23.456 curveto
66.70839 25.02333 65.32149 26.15265 63.92618 27.2041 curveto
62.53087 28.25555 61.06303 29.27748 59.34166 29.59451 curveto
58.25136 29.79529 57.11134 29.45947 56.44931 28.58093 curveto
55.78728 27.70241 55.77866 26.51399 56.27214 25.52122 curveto
57.05138 23.95389 58.43828 22.82457 59.83359 21.77312 curveto
61.2289 20.72166 62.69673 19.69974 64.41809 19.3827 curveto
65.5084 19.18193 66.6484 19.51775 67.31044 20.39629 curveto closepath stroke
newpath 48.07224 18.48466 moveto
49.04352 19.00113 49.55356 20.07457 49.5258 21.18283 curveto
49.48201 22.93259 48.70236 24.54231 47.88214 26.0849 curveto
47.06192 27.62749 46.16347 29.17403 44.73729 30.18884 curveto
43.83401 30.83154 42.65889 31.00902 41.68759 30.49255 curveto
40.7163 29.97609 40.20627 28.90265 40.23402 27.79439 curveto
40.2778 26.04465 41.05746 24.43492 41.87767 22.89232 curveto
42.69789 21.34973 43.59634 19.80319 45.02252 18.78838 curveto
45.92581 18.14568 47.10094 17.9682 48.07224 18.48466 curveto closepath stroke
grestore
 0 0 0 setrgbcolor 0 0.7 dtransform truncate idtransform setlinewidth pop
 [] 0 setdash 1 setlinejoin 10 setmiterlimit
newpath 0 0 moveto
100 0 lineto
100 100 lineto
0 100 lineto
 closepath stroke
showpage
%%EOF
