%!PS
%%BoundingBox: -279 -389 238 184 
%%HiResBoundingBox: -278.24864 -388.80624 237.28 183.01 
%%Creator: MetaPost 1.209
%%CreationDate: 2014.08.12:0807
%%Pages: 1
%%BeginProlog
%%EndProlog
%%Page: 1 1
 0.1 0.2 0.8 setrgbcolor
newpath -95.52 -359.57 moveto
-96.45 -359.68 -101.14 -364.43 -105.58 -363.53 curveto
-108.83284 -362.87796 -114.30237 -365.37656 -117.3958 -366.69247 curveto
-117.39578 -366.69244 lineto
-117.89317 -365.49529 -118.6797 -363.54448 -118.9 -362.23 curveto
-119.19 -360.44 -120.22 -358.25 -120.89 -356.04 curveto
-121.39082 -354.39551 -122.78006 -350.77303 -123.4497 -349.04851 curveto
-123.4498 -349.0485 lineto
-122.2029 -348.99948 -121.24971 -348.7054 -120.89369 -347.81487 curveto
-120.89366 -347.8149 lineto
-118.53049 -347.65553 -110.84782 -347.06752 -107.26 -345.95 curveto
-102.99 -344.62 -95.89 -340.01 -94.17 -339.08 curveto
-93.05247 -338.47575 -91.2089 -337.59714 -90.05446 -337.05574 curveto
-90.05432 -337.05573 lineto
-87.35971 -336.85344 -85.30469 -334.88077 -83.97 -333.48 curveto
-81.97 -331.37 -80.38 -329.97 -78.85 -326 curveto
-78.1218 -324.11047 -78.47641 -322.56754 -79.24106 -321.33777 curveto
-79.24107 -321.33772 lineto
-76.60135 -316.57191 -74.25821 -313.81758 -73.82243 -313.32144 curveto
-73.8224 -313.32144 lineto
-72.68214 -313.53882 -71.89 -313.6 -71.89 -313.6 curveto
-69.06 -302.38 lineto
-69.06 -302.38 -69.26369 -302.01045 -69.63112 -301.47833 curveto
-69.63112 -301.47835 lineto
-69.37181 -300.89392 -68.80492 -298.8918 -69.72 -293.61 curveto
-70.86 -287.04 -66.22 -275.89 -66.22 -275.89 curveto
-66.40146 -276.38878 lineto
-66.40146 -276.38875 lineto
-65.37015 -275.88194 -62.9835 -274.72311 -61.25 -273.99 curveto
-58.99 -273.03 -59.03 -271.6 -55.88 -271.74 curveto
-52.73 -271.87 -57.39 -268.1 -49.04 -270.84 curveto
-40.59 -273.62 -41.39 -274.78 -34.94 -277.72 curveto
-32.19403 -278.96817 -29.75122 -279.98938 -27.8126 -280.76404 curveto
-27.8125 -280.7643 lineto
-25.63043 -286.08212 -23.10408 -292.04594 -22.22 -293.38 curveto
-20.63 -295.77 -16.79 -315.56 0.64 -312.39 curveto
3.60771 -311.84978 6.43205 -311.37906 9.09227 -310.94537 curveto
9.09253 -310.94543 lineto
5.33691 -345.93304 lineto
5.33696 -345.93304 lineto
2.91899 -345.16164 0.61632 -344.01149 -1.6 -343.42 curveto
-4.67 -342.6 -9.98 -344.13 -12.45 -344.08 curveto
-15.03 -344.03 -16.21 -341.46 -20.97 -345.84 curveto
-21.47116 -346.29839 -20.87413 -347.41418 -20.81807 -349.58693 curveto
-20.81805 -349.58685 lineto
-21.40105 -352.69028 -24.4217 -353.89902 -25.65 -353.35 curveto
-27.85 -352.35 -28.78 -352.53 -30.43 -351.91 curveto
-34.64 -350.33 -33.08 -351.35 -37.61 -350.53 curveto
-41.6 -349.82 -40.36 -348.19 -41.44 -348.04 curveto
-44.39 -347.61 -45.23 -350.18 -46.46 -350.16 curveto
-47.68 -350.14 -50.96 -348.19 -53.06 -347.94 curveto
-55.21 -347.68 -60.7 -341.64 -61.98 -341.83 curveto
-62.8 -341.94 -64.54 -341.98 -67.43 -343.87 curveto
-70.23 -345.71 -65.69 -352.6 -66.99 -352.59 curveto
-68.29 -352.57 -77.59 -354.12 -81.27 -353.99 curveto
-84.95 -353.86 -85.25 -355.24 -87.61 -355.7 curveto
-89.96277 -356.1586 -95.48598 -359.54912 -95.51985 -359.56992 curveto
 closepath fill
 0.00002 0.00018 0.00008 setrgbcolor
newpath -41.03 -337.91 moveto
-42.59 -337.24 -42.82 -337.58 -44.42 -335.98 curveto
-49.5 -330.91 -50.23 -332.01 -50.89 -329.88 curveto
-51.5 -327.96 -50.99 -327.14 -50.88 -326.52 curveto
-50.77 -325.91 -49.7 -323.95 -48.56 -324.93 curveto
-47.33 -325.98 -47.41 -325.5 -46.01 -327.21 curveto
-42.15 -331.92 -40.98 -331.99 -39.81 -334.84 curveto
-39.03 -336.73 -39.13 -337.08 -39.64 -337.35 curveto
-40.14 -337.63 -39.59 -338.49 -41.03 -337.91 curveto
 closepath fill
newpath -20.78 -335.54 moveto
-20.78 -335.54 -20.52 -337.6 -19.84 -338.68 curveto
-19.15 -339.76 -18.03 -341.65 -17.55 -341.68 curveto
-17.08 -341.71 -15.91 -342 -15.18 -341.9 curveto
-14.45 -341.8 -14.18 -341.7 -13.39 -341.22 curveto
-12.6 -340.74 -11.54 -341.07 -11.33 -339.71 curveto
-11.13 -338.34 -10.09 -338.73 -11.66 -337.73 curveto
-13.24 -336.71 -12.3 -337.48 -13.85 -336.48 curveto
-15.44 -335.45 -15.67 -335.66 -16.34 -334.58 curveto
-17.01 -333.49 -16.58 -332.87 -17.51 -332.6 curveto
-18.46 -332.33 -18.18 -331.49 -19.35 -331.99 curveto
-20.51 -332.49 -20.52 -331.95 -20.84 -332.95 curveto
-21.15 -333.94 -20.89 -334.64 -20.88 -334.87 curveto
-20.88 -335.1 -20.78 -335.54 -20.78 -335.54 curveto
 closepath fill
newpath -53.87 -316.53 moveto
-54.27 -316.69 -55.36 -316.63 -55.03 -317.53 curveto
-54.7 -318.41 -54.54 -318.46 -53.51 -318.78 curveto
-52.51 -319.09 -51.84 -319.59 -51.51 -318.88 curveto
-51.17 -318.17 -50.55 -318.2 -50.46 -317.62 curveto
-50.38 -317.03 -50.26 -316.76 -51.24 -316.76 curveto
-52.21 -316.77 -52.56 -316.53 -53.2 -316.5 curveto
-53.83 -316.46 -53.46 -316.37 -53.87 -316.53 curveto
 closepath fill
newpath -95.51996 -359.56998 moveto
-95.50223 -359.55908 -89.96622 -356.15927 -87.61 -355.7 curveto
-85.25 -355.24 -84.95 -353.86 -81.27 -353.99 curveto
-77.59 -354.12 -68.29 -352.57 -66.99 -352.59 curveto
-65.69 -352.6 -70.23 -345.71 -67.43 -343.87 curveto
-64.54 -341.98 -62.8 -341.94 -61.98 -341.83 curveto
-60.7 -341.64 -55.21 -347.68 -53.06 -347.94 curveto
-50.96 -348.19 -47.68 -350.14 -46.46 -350.16 curveto
-45.23 -350.18 -44.39 -347.61 -41.44 -348.04 curveto
-40.36 -348.19 -41.6 -349.82 -37.61 -350.53 curveto
-33.08 -351.35 -34.64 -350.33 -30.43 -351.91 curveto
-28.78 -352.53 -27.85 -352.35 -25.65 -353.35 curveto
-24.42172 -353.899 -21.40114 -352.69032 -20.81808 -349.587 curveto
-20.81807 -349.58693 lineto
-20.7824 -350.96921 -20.96568 -352.77928 -21.79 -355.12 curveto
-22.60138 -357.41756 -8.32417 -367.16263 -2.67741 -370.9066 curveto
-2.67755 -370.90662 lineto
-3.9537 -371.00183 -8.85768 -371.00638 -10.44 -370.58 curveto
-12.13 -370.13 -20.85 -367.65 -25.78 -366.31 curveto
-30.8 -364.95 -40.53 -364.04 -45.47 -363.75 curveto
-50.31 -363.47 -52.19 -359.34 -53.36 -358.15 curveto
-54.54 -356.96 -54.91 -356.13 -58.73 -355.02 curveto
-62.38 -353.96 -66.97 -354.82 -70.12 -355.1 curveto
-73.28 -355.38 -79.15 -356.42 -83.37 -357.03 curveto
-87.6 -357.65 -94.59 -359.46 -95.52 -359.57 curveto
 closepath fill
newpath -54.92 -315.73 moveto
-55.4 -315.93 -55.24 -315.86 -55.95 -316.27 curveto
-56.66 -316.67 -57.54 -317 -57.59 -316.59 curveto
-57.64 -316.18 -56.99 -315.66 -56.81 -315.7 curveto
-56.64 -315.75 -55 -314.65 -54.82 -315.07 curveto
-54.65 -315.49 -54.43 -315.54 -54.92 -315.73 curveto
 closepath fill
newpath -15.82 -307.75 moveto
-15.8 -309.01 -15.28 -308.64 -16.08 -310.05 curveto
-16.88 -311.47 -16.87 -312.44 -17.54 -312.96 curveto
-18.2 -313.48 -19.09 -314.08 -19.32 -312.97 curveto
-19.55 -311.85 -20.17 -310.29 -19.74 -309.39 curveto
-19.31 -308.5 -18.36 -307.67 -17.85 -307.23 curveto
-17.34 -306.78 -15.85 -306.48 -15.82 -307.75 curveto
 closepath fill
newpath -14.97 -318.12 moveto
-15.07 -318.97 -17.15 -317.88 -18.33 -319.04 curveto
-19.51 -320.2 -19.79 -320.38 -20.63 -319.93 curveto
-21.47 -319.48 -21.07 -318.31 -19.87 -317.28 curveto
-18.68 -316.25 -18.84 -316.3 -17.75 -314.89 curveto
-16.65 -313.47 -16.73 -311.99 -15.61 -313.02 curveto
-14.49 -314.06 -14.64 -313.61 -14.63 -314.95 curveto
-14.62 -316.28 -14.89 -317.3 -14.97 -318.12 curveto
 closepath fill
 0.1 0.2 0.8 setrgbcolor
newpath 5.33691 -345.93304 moveto
9.09253 -310.94543 lineto
9.09227 -310.94537 lineto
21.50034 -308.92255 30.33794 -307.70555 33.5 -304 curveto
33.50018 -303.99982 lineto
37.34009 -299.50917 40.5 -272.28992 40.29 -267.4 curveto
40.2311 -265.95976 39.83388 -262.48363 39.24042 -258.04794 curveto
39.24045 -258.04782 lineto
63.62167 -258.06319 lineto
63.62167 -258.06313 lineto
63.2346 -266.10028 63.74084 -283.03497 64.02335 -291.12823 curveto
64.02333 -291.12808 lineto
63.27322 -292.92639 61.86845 -296.71086 62.39 -298.73 curveto
63.08 -301.44 62.95 -305.19 63.31 -306.76 curveto
63.56316 -307.89557 62.97401 -312.0864 62.6286 -314.3187 curveto
62.62859 -314.31873 lineto
62.08617 -314.7776 61.53459 -315.21674 60.95 -315.66 curveto
60.04 -316.35 59.51 -317.03 58.96 -319.57 curveto
58.41 -322.04 60.64 -328.56 60.65 -328.92 curveto
60.67 -329.28 62 -333.47 62 -333.47 curveto
62 -333.47 64.92 -337.6 65.07 -337.89 curveto
65.07 -337.89 lineto
65.07 -337.89 66.38 -343.03 66.64 -344.1 curveto
66.9 -345.17 67.35 -345.65 68.53 -347.84 curveto
69.7 -350.02 71.52 -352.03 72.51 -353.22 curveto
73.49 -354.4 77.07 -353.74 78.3 -353.83 curveto
79.53 -353.93 80.72 -353.15 83.14 -354.13 curveto
85.56 -355.11 86.29 -351.91 88.94 -356.55 curveto
91.58 -361.19 92.13 -362.25 93.27 -365.22 curveto
94.4 -368.2 95.11 -369.68 94.91 -371.78 curveto
94.71 -373.87 89.09 -377.35 89.14 -378.5 curveto
89.151 -378.81624 88.95934 -379.21793 88.67563 -379.63417 curveto
88.6754 -379.63419 lineto
82.43065 -383.69623 75.50275 -387.81314 73.47 -388.32 curveto
69.61 -389.27 54.22 -388.57 52.05 -388.37 curveto
50.86815 -388.26651 44.96701 -385.443 39.52753 -382.73141 curveto
39.52734 -382.7314 lineto
39.55032 -380.53522 39.22359 -377.31432 37.65 -373.88 curveto
34.79 -367.66 32.25 -362.29 26.71 -360.8 curveto
21.17 -359.31 18.06 -353.12 16.28 -351.47 curveto
14.5 -349.82 11.83 -347.05 8.32 -346.62 curveto
7.30565 -346.49356 6.31194 -346.2441 5.33696 -345.93304 curveto
 closepath fill
newpath 114.50534 -352.43925 moveto
114.30458 -351.47075 114.01952 -350.16982 113.78 -349.36 curveto
113.36 -347.94 112.38 -346.9 111.22 -345 curveto
110.06 -343.11 109.51 -342.05 107.57 -338.96 curveto
105.64 -335.87 105.24 -335.1 104.71 -334.4 curveto
104.18 -333.7 103.82 -332.13 103.46 -330.42 curveto
103.1 -328.7 102.29 -324.92 102.36 -321.53 curveto
102.43 -318.14 103.38 -316.8 106.07 -315.53 curveto
108.75 -314.26 106.7 -315.21 107.5 -313.74 curveto
108.3 -312.26 108.14 -308.45 108.14 -308.45 curveto
109.7089 -299.17316 lineto
109.70885 -299.17326 lineto
112.7764 -293.62903 117.12204 -285.85132 119.44 -281.84 curveto
119.44014 -281.83972 lineto
122.79 -276.05003 122.34009 -277.36995 128.42 -274.59 curveto
134.5 -271.81 142.78 -274.72 143.3 -274.92 curveto
143.81 -275.12 156.43 -278.48 156.43 -278.48 curveto
156.43 -278.48 158.94 -276.43 159.47 -275.33 curveto
160 -274.22 165.7 -267.71 167.67 -266.61 curveto
169.64 -265.52 173.33 -262.41 178.1 -257.67 curveto
182.87 -252.93 184.25 -248.18 183.83 -243.3 curveto
183.41 -238.42 180.95 -236.65 180.46 -235.38 curveto
179.98 -234.1 178.5 -229.84 177.18 -226.08 curveto
175.87 -222.31 177.08 -222.04 176.23 -219.05 curveto
175.39 -216.06 174.63 -215.3 173.02 -211.33 curveto
171.41 -207.37 173.73 -206.04 174.54 -204.71 curveto
175.35 -203.38 178.78 -202.66 180.89 -203.29 curveto
183.01 -203.92 183.68 -207.85 184.15 -208.63 curveto
184.61 -209.4 186.89 -213.7 187.59 -214.89 curveto
188.29 -216.09 190.98 -218.28 191.85 -218.46 curveto
191.85 -218.46 lineto
191.85 -218.46 192.63 -230.03 189.93 -234.18 curveto
187.49684 -237.90605 184.48328 -244.21167 183.89296 -245.46112 curveto
183.89296 -245.46115 lineto
183.91495 -244.74336 183.89224 -244.02312 183.83 -243.3 curveto
183.41 -238.42 180.95 -236.65 180.46 -235.38 curveto
179.98 -234.1 178.5 -229.84 177.18 -226.08 curveto
175.87 -222.31 177.08 -222.04 176.23 -219.05 curveto
175.39 -216.06 174.63 -215.3 173.02 -211.33 curveto
171.41 -207.37 173.73 -206.04 174.54 -204.71 curveto
175.35 -203.38 178.78 -202.66 180.89 -203.29 curveto
183.01 -203.92 183.68 -207.85 184.15 -208.63 curveto
184.61 -209.4 186.89 -213.7 187.59 -214.89 curveto
188.29 -216.09 190.98 -218.28 191.85 -218.46 curveto
192.72 -218.64 193.63 -216.22 193.8 -215.2 curveto
193.97 -214.19 194.43 -208.04 194.78 -206.01 curveto
195.0305 -204.51428 195.32988 -196.7918 195.64612 -191.58234 curveto
195.64581 -191.5822 lineto
215.50223 -193.83128 lineto
215.50255 -193.83134 lineto
215.2656 -195.95317 214.93475 -199.09734 214.82 -201.12 curveto
214.65 -203.93 213.98 -206.92 214.13 -208.71 curveto
214.28 -210.51 215.36 -212.19 216.81 -213.93 curveto
218.25 -215.67 218.76 -214.21 224.45 -214.04 curveto
224.45 -214.04 lineto
237.28 -224.29 lineto
237.27995 -224.29008 lineto
236.12997 -226.00003 235.32 -227.26007 235.24 -232.17 curveto
235.16 -237.07 235.25 -235.7 234.97 -237.66 curveto
234.7 -239.61 231.29 -240.77 230.45 -241.38 curveto
229.61 -242 227.73 -243.45 225.76 -244.68 curveto
223.8 -245.92 221.2 -247.62 218.81 -250.75 curveto
216.42 -253.87 217.56 -256.92 216.73 -259.41 curveto
215.9 -261.9 216.52 -262.77 216.71 -263.99 curveto
216.91 -265.2 215.05 -271.44 214.53 -272.84 curveto
214.02 -274.23 210.2 -276.73 210.06 -277.89 curveto
209.93 -279.05 208.58 -284.4 207.52 -290.83 curveto
206.46 -297.25 202.11 -298.23 201.73 -298.68 curveto
201.35 -299.12 195.17 -303.68 194.39 -304.11 curveto
193.62 -304.54 180.12 -305.76 178.63 -306.26 curveto
177.14 -306.75 176.09 -307.45 175.05 -307.49 curveto
174 -307.54 169.71 -306.53 168.54 -306.04 curveto
167.36 -305.55 167.43 -305.51 167.25 -305.56 curveto
167.08 -305.6 167.2 -309.34 167.17 -310.24 curveto
166.99 -315.09 163.71 -316.95 162.37 -317.8 curveto
161.04 -318.65 153.44 -322.87 151.76 -324.16 curveto
150.09 -325.46 145 -331.15 142.72 -333.55 curveto
140.45 -335.96 140.48 -341.86 138.78 -345.9 curveto
137.07 -349.93 125.77 -351.65 114.85 -352.41 curveto
114.5052 -352.43924 lineto
 closepath fill
newpath 215.50223 -193.83128 moveto
195.64581 -191.5822 lineto
195.64612 -191.58234 lineto
195.75908 -189.72142 195.87419 -188.18118 195.99 -187.36 curveto
196.44 -184.25 195.72 -169.29 195.49 -165.48 curveto
195.25 -161.67 195.24 -153.02 195.02 -151.08 curveto
194.79 -149.14 193.63 -133.84 192.52 -128.12 curveto
191.41 -122.41 194.63 -111.82 195.53 -109.19 curveto
196.43 -106.56 203.02 -95.61 205.31 -91.84 curveto
207.6 -88.06 209.97 -79.39 210.96 -75.67 curveto
211.95 -71.95 213.75 -68.56 213.91 -67.04 curveto
214.06 -65.52 212.54 -60.32 211.33 -57.42 curveto
210.13 -54.52 208.73 -50.54 208 -45.24 curveto
207.27 -39.94 204.54 -35.08 203.27 -32.4 curveto
202 -29.71 201.09 -18.44 200.36 -16.45 curveto
199.62 -14.46 196.22 -0.63 195.27 1.28 curveto
194.33 3.18 193.15 8.9 193.17 9.91 curveto
193.2 10.92 194.38 20.55 194.85 24.68 curveto
195.32 28.81 191.74 31.54 190.43 33.57 curveto
189.12 35.61 190.22 40.27 188.17 42.63 curveto
186.12 44.99 184.37 52.27 183.85 54.41 curveto
183.32 56.55 184.75 67.06 184.91 68.29 curveto
185.07 69.52 184.96 73.91 185.21 76.37 curveto
185.47 78.83 187.9 89.31 188.57 92.23 curveto
189.24 95.14 191.17 100.7 192.04 105.49 curveto
192.92 110.29 191.45 109.29 190.97 110.2 curveto
190.5 111.12 189.72 110.94 186.9 114.36 curveto
184.09 117.77 184.81 121.26 184.75 122.49 curveto
184.7 123.71 182.63 128.31 181.96 130.66 curveto
181.28 133.01 177.6 138.19 175.69 140.64 curveto
173.79 143.08 174.99 152.07 175.36 155.26 curveto
175.73 158.45 175.09 160.01 174.82 163.09 curveto
174.54 166.17995 175.13997 181.05954 175.2 183.0099 curveto
175.2 183.01 lineto
202.69 177.47 lineto
202.68982 177.46991 lineto
198.95003 175.50993 199.89 173.6699 199.55 168.03 curveto
199.22 162.39 199.79 164.15 200.49 157.76 curveto
201.2 151.37 198.82 153.08 202.26 146.73 curveto
205.7 140.39 206.72 131.63 206.68 127.45 curveto
206.64 123.27 205.49 112.84 204.96 110.01 curveto
204.44 107.17 204.61 104.8 204.29 100.54 curveto
203.97 96.27 205.03 86.59 205.55 81.13 curveto
206.07 75.68 206.26 74.61 205.46 68.01 curveto
204.66 61.42 205.73 49.94 206.16 46.64 curveto
206.59 43.34 206.81 39.97 207.26 34.51 curveto
207.71 29.05 209.07 27.52 210.86 24.36 curveto
212.65 21.19 214.73 19.84 218.07 14.22 curveto
221.41 8.59 222.01 6.31 223.11 2.4 curveto
224.22 -1.52 221.72 -12.22 221.37 -14.18 curveto
221.03 -16.14 219.11 -26.89 219.26 -32.14 curveto
219.41 -37.4 224.23 -47.21 224.62 -47.91 curveto
225.01 -48.62 227.06 -53.84 227.55 -55.79 curveto
229.55 -63.77 226.26 -69.54 225.53 -74.18 curveto
224.79 -78.82 224.53 -82.94 224.62 -85.03 curveto
224.71 -87.12 225.81 -89.3 226.88 -92.43 curveto
227.95 -95.55 227.54 -96.07 228.09 -98.72 curveto
228.64 -101.36 226.64 -103.68 226.36 -105.42 curveto
226.07 -107.16 224.64 -114.14 224.76 -116.88 curveto
224.88 -119.61 224.69 -121.92 226.06 -125.47 curveto
227.44 -129.01 226.96 -129.47 227.92 -133.39 curveto
228.88 -137.31 229.13 -139.97 229.24 -142.48 curveto
229.35 -145 225.86 -152.72 225.87 -154.52 curveto
225.87 -156.32 222.95 -163.8 222.65 -165.32 curveto
222.36 -166.85 221.98 -169.75 221.95 -172.42 curveto
221.92 -175.08 218.17 -180.22 217.91 -182.39 curveto
217.64 -184.56 215.88 -190.55 215.72 -191.93 curveto
215.67476 -192.31735 215.59595 -192.99492 215.50255 -193.83134 curveto
 closepath fill
 0.00002 0.00018 0.00008 setrgbcolor
newpath 4.83 -327.72 moveto
6.99 -327.63 7.64 -326.02 10.01 -327.64 curveto
12.39 -329.26 13.19 -330.94 12.84 -332.68 curveto
12.49 -334.41 12.22 -337.15 10.93 -337.64 curveto
9.64 -338.14 8.78 -340.96 4.93 -340.11 curveto
1.13 -339.26 -1.35 -338.29 -1.84 -337.69 curveto
-2.33 -337.08 -3.16 -335.72 -3.07 -333.86 curveto
-2.99 -332.03 -2.53 -331.26 -0.1 -330.88 curveto
2.23 -330.51 2.67 -327.78 4.83 -327.72 curveto
 closepath fill
newpath 7.59 -314.77 moveto
7.53 -316.65 9.02 -317.88 11.4 -319.65 curveto
13.78 -321.42 14.12 -319.1 15.07 -317.77 curveto
16.02 -316.43 17.58 -312.47 15.69 -312.12 curveto
13.8 -311.77 9.16 -310.96 8.76 -311.84 curveto
8.37 -312.72 7.65 -312.89 7.59 -314.77 curveto
 closepath fill
newpath 24.46 -327.96 moveto
24.46 -327.96 25.14 -324.08 28.06 -324.97 curveto
30.98 -325.85 31.95 -321.8 33.86 -325.73 curveto
35.76 -329.67 36.34 -329.79 36.34 -332.65 curveto
36.33 -335.52 36.88 -337.81 36.38 -339.57 curveto
35.88 -341.33 36.16 -341.03 33.6 -341.42 curveto
31.05 -341.82 29.52 -342.75 27.04 -341.11 curveto
24.55 -339.46 23.73 -339.93 22.66 -336.63 curveto
21.61 -333.36 24.46 -327.96 24.46 -327.96 curveto
 closepath fill
newpath 39.52734 -382.7314 moveto
39.55032 -380.53522 39.22359 -377.31432 37.65 -373.88 curveto
34.79 -367.66 32.25 -362.29 26.71 -360.8 curveto
21.17 -359.31 18.06 -353.12 16.28 -351.47 curveto
14.5 -349.82 11.83 -347.05 8.32 -346.62 curveto
4.79 -346.18 1.51 -344.25 -1.6 -343.42 curveto
-4.67 -342.6 -9.98 -344.13 -12.45 -344.08 curveto
-15.03 -344.03 -16.21 -341.46 -20.97 -345.84 curveto
-21.79 -346.59 -19.67 -349.1 -21.79 -355.12 curveto
-22.60138 -357.41756 -8.32417 -367.16263 -2.67741 -370.9066 curveto
-2.67755 -370.90662 lineto
-2.60683 -370.90134 -2.54726 -370.89578 -2.5 -370.89 curveto
-1.61 -370.78 5.29 -370.74 7.2 -371.52 curveto
9.11 -372.29 27.97 -376.82 29.88 -377.82 curveto
30.75432 -378.27538 34.97955 -380.46426 39.52753 -382.73141 curveto
 closepath fill
gsave newpath 88.67595 -379.63368 moveto
88.95947 -379.21762 89.15099 -378.81612 89.14 -378.5 curveto
89.09 -377.35 94.71 -373.87 94.91 -371.78 curveto
95.11 -369.68 94.4 -368.2 93.27 -365.22 curveto
92.13 -362.25 91.58 -361.19 88.94 -356.55 curveto
86.29 -351.91 85.56 -355.11 83.14 -354.13 curveto
80.72 -353.15 79.53 -353.93 78.3 -353.83 curveto
77.07 -353.74 73.49 -354.4 72.51 -353.22 curveto
71.52 -352.03 69.7 -350.02 68.53 -347.84 curveto
67.35 -345.65 66.9 -345.17 66.64 -344.1 curveto
66.38022 -343.03085 65.07208 -337.89815 65.07 -337.89 curveto
65.07 -337.89 lineto
64.92 -337.6 62 -333.47 62 -333.47 curveto
62 -333.47 60.67 -329.28 60.65 -328.92 curveto
60.64 -328.56 58.41 -322.04 58.96 -319.57 curveto
59.51 -317.03 60.04 -316.35 60.95 -315.66 curveto
61.53459 -315.21674 62.08617 -314.7776 62.62859 -314.31873 curveto
62.6286 -314.3187 lineto
62.97401 -312.0864 63.56316 -307.89557 63.31 -306.76 curveto
62.95 -305.19 63.08 -301.44 62.39 -298.73 curveto
61.86844 -296.71082 63.27327 -292.92624 64.02338 -291.12798 curveto
64.02335 -291.12823 lineto
64.11969 -293.88823 64.19 -295.62 64.19 -295.62 curveto
64.19 -295.62 68.41 -305.02 75.03 -308.25 curveto
75.03018 -308.25018 lineto
81.76 -313.84 lineto
81.76 -313.84 84.11 -316.06 86.55 -317.62 curveto
88.03 -318.56 87.57 -318.28 90.2 -320.31 curveto
93.81 -323.12 94.1 -324.72 95.06 -321.01 curveto
95.29 -320.11 95.92 -318.93 96.25 -317.79 curveto
97 -315.16 99.15 -313.81 98.36 -308.94 curveto
97.57 -304.07 96.89 -304.03 94.37 -298.39 curveto
93.21222 -295.81493 92.58241 -290.06198 92.58 -290.04005 curveto
92.58 -290.04 lineto
119.44 -281.84 lineto
119.44 -281.84 lineto
117.12204 -285.85132 112.7764 -293.62903 109.70885 -299.17326 curveto
109.70836 -299.17412 109.70908 -299.17204 109.7089 -299.17302 curveto
108.14 -308.45 lineto
108.14 -308.45 108.3 -312.26 107.5 -313.74 curveto
106.7 -315.21 108.75 -314.26 106.07 -315.53 curveto
103.38 -316.8 102.43 -318.14 102.36 -321.53 curveto
102.29 -324.92 103.1 -328.7 103.46 -330.42 curveto
103.72935 -331.69937 103.99869 -332.90038 104.33922 -333.71729 curveto
104.33922 -333.71727 lineto
104.33922 -333.71729 lineto
104.45384 -333.99225 104.57654 -334.22371 104.71 -334.4 curveto
105.24 -335.1 105.64 -335.87 107.57 -338.96 curveto
109.51 -342.05 110.06 -343.11 111.22 -345 curveto
112.38 -346.9 113.36 -347.94 113.78 -349.36 curveto
114.01952 -350.16982 114.30458 -351.47075 114.50534 -352.43925 curveto
114.5052 -352.43924 lineto
105.04039 -353.38646 102.97183 -365.67001 99.8 -371.49 curveto
99.29495 -372.41512 94.25848 -376.0025 88.67593 -379.63382 curveto
 closepath clip
newpath 57.9452 -367.67021 moveto
50.58472 -371.29309 lineto
50.48744 -380.14136 lineto
64.18233 -378.60716 lineto
 closepath fill
 0 0 0 setrgbcolor 0 0.5 dtransform truncate idtransform setlinewidth pop
 [] 0 setdash 1 setlinejoin 10 setmiterlimit
newpath 57.9452 -367.67021 moveto
50.58472 -371.29309 lineto
50.48744 -380.14136 lineto
64.18233 -378.60716 lineto
 closepath stroke
 0.00002 0.00018 0.00008 setrgbcolor
newpath 47.33441 -363.67567 moveto
60.44962 -364.8692 lineto
57.18855 -354.55779 lineto
49.67955 -352.0647 lineto
 closepath fill
 0 0 0 setrgbcolor
newpath 47.33441 -363.67567 moveto
60.44962 -364.8692 lineto
57.18855 -354.55779 lineto
49.67955 -352.0647 lineto
 closepath stroke
 0.00002 0.00018 0.00008 setrgbcolor
newpath 58.6988 -329.50186 moveto
50.12158 -334.05086 lineto
53.41017 -344.50272 lineto
61.80252 -339.29613 lineto
 closepath fill
 0 0 0 setrgbcolor
newpath 58.6988 -329.50186 moveto
50.12158 -334.05086 lineto
53.41017 -344.50272 lineto
61.80252 -339.29613 lineto
 closepath stroke
 0.00002 0.00018 0.00008 setrgbcolor
newpath 56.5045 -309.60583 moveto
47.92876 -308.92316 lineto
43.64288 -322.9232 lineto
52.76392 -322.4996 lineto
 closepath fill
 0 0 0 setrgbcolor
newpath 56.5045 -309.60583 moveto
47.92876 -308.92316 lineto
43.64288 -322.9232 lineto
52.76392 -322.4996 lineto
 closepath stroke
 0.00002 0.00018 0.00008 setrgbcolor
newpath 71.6856 -396.55165 moveto
78.03506 -383.44107 lineto
66.9665 -382.11082 lineto
65.78413 -392.01909 lineto
 closepath fill
 0 0 0 setrgbcolor
newpath 71.6856 -396.55165 moveto
78.03506 -383.44107 lineto
66.9665 -382.11082 lineto
65.78413 -392.01909 lineto
 closepath stroke
 0.00002 0.00018 0.00008 setrgbcolor
newpath 85.9802 -329.44284 moveto
73.66197 -329.92012 lineto
78.59944 -340.35138 lineto
89.4851 -337.8922 lineto
 closepath fill
 0 0 0 setrgbcolor
newpath 85.9802 -329.44284 moveto
73.66197 -329.92012 lineto
78.59944 -340.35138 lineto
89.4851 -337.8922 lineto
 closepath stroke
 0.00002 0.00018 0.00008 setrgbcolor
newpath 69.59975 -317.0732 moveto
67.56868 -326.46303 lineto
74.06273 -332.66098 lineto
82.98361 -321.85881 lineto
 closepath fill
 0 0 0 setrgbcolor
newpath 69.59975 -317.0732 moveto
67.56868 -326.46303 lineto
74.06273 -332.66098 lineto
82.98361 -321.85881 lineto
 closepath stroke
 0.00002 0.00018 0.00008 setrgbcolor
newpath 87.38185 -281.14539 moveto
77.6407 -274.27092 lineto
76.09924 -282.787 lineto
80.27261 -290.02664 lineto
 closepath fill
 0 0 0 setrgbcolor
newpath 87.38185 -281.14539 moveto
77.6407 -274.27092 lineto
76.09924 -282.787 lineto
80.27261 -290.02664 lineto
 closepath stroke
 0.00002 0.00018 0.00008 setrgbcolor
newpath 107.0531 -394.76547 moveto
109.20256 -386.69337 lineto
96.39339 -384.54291 lineto
97.4415 -394.61317 lineto
 closepath fill
 0 0 0 setrgbcolor
newpath 107.0531 -394.76547 moveto
109.20256 -386.69337 lineto
96.39339 -384.54291 lineto
97.4415 -394.61317 lineto
 closepath stroke
 0.00002 0.00018 0.00008 setrgbcolor
newpath 100.01445 -350.58537 moveto
90.39603 -355.53241 lineto
98.35754 -365.65701 lineto
106.35748 -355.83504 lineto
 closepath fill
 0 0 0 setrgbcolor
newpath 100.01445 -350.58537 moveto
90.39603 -355.53241 lineto
98.35754 -365.65701 lineto
106.35748 -355.83504 lineto
 closepath stroke
 0.00002 0.00018 0.00008 setrgbcolor
newpath 94.69812 -356.04805 moveto
102.49983 -348.96454 lineto
94.74704 -340.91696 lineto
87.70515 -347.38408 lineto
 closepath fill
 0 0 0 setrgbcolor
newpath 94.69812 -356.04805 moveto
102.49983 -348.96454 lineto
94.74704 -340.91696 lineto
87.70515 -347.38408 lineto
 closepath stroke
 0.00002 0.00018 0.00008 setrgbcolor
newpath 108.75804 -381.56104 moveto
117.04611 -379.96538 lineto
119.24745 -371.9866 lineto
107.90207 -369.68234 lineto
 closepath fill
 0 0 0 setrgbcolor
newpath 108.75804 -381.56104 moveto
117.04611 -379.96538 lineto
119.24745 -371.9866 lineto
107.90207 -369.68234 lineto
 closepath stroke
 0.00002 0.00018 0.00008 setrgbcolor
newpath 121.65736 -352.02736 moveto
113.49849 -355.87297 lineto
117.95128 -366.84818 lineto
126.03635 -359.8681 lineto
 closepath fill
 0 0 0 setrgbcolor
newpath 121.65736 -352.02736 moveto
113.49849 -355.87297 lineto
117.95128 -366.84818 lineto
126.03635 -359.8681 lineto
 closepath stroke
 0.00002 0.00018 0.00008 setrgbcolor
newpath 126.89919 -333.43733 moveto
127.91925 -324.93355 lineto
117.25818 -323.38313 lineto
115.93091 -334.42119 lineto
 closepath fill
 0 0 0 setrgbcolor
newpath 126.89919 -333.43733 moveto
127.91925 -324.93355 lineto
117.25818 -323.38313 lineto
115.93091 -334.42119 lineto
 closepath stroke
 0.00002 0.00018 0.00008 setrgbcolor
newpath 129.23628 -301.14441 moveto
125.67519 -290.33507 lineto
116.05487 -293.80452 lineto
119.35059 -304.0456 lineto
 closepath fill
 0 0 0 setrgbcolor
newpath 129.23628 -301.14441 moveto
125.67519 -290.33507 lineto
116.05487 -293.80452 lineto
119.35059 -304.0456 lineto
 closepath stroke
grestore
gsave newpath -27.8125 -280.7643 moveto
-29.75229 -276.0369 -31.42 -271.82 -31.42 -271.82 curveto
-37.55 -260.64 lineto
-37.55 -260.64 -47.04 -257.42 -49.03 -255.28 curveto
-51.03 -253.14 -53.03 -252.96 -55.02 -254.45 curveto
-57.02 -255.94 -58.33 -263.91 -59.73 -265.39 curveto
-60.62874 -266.33336 -63.05917 -271.0511 -65.83005 -276.10933 curveto
-65.83012 -276.10933 lineto
-64.64427 -275.5321 -62.71416 -274.6092 -61.25 -273.99 curveto
-58.99 -273.03 -59.03 -271.6 -55.88 -271.74 curveto
-52.73 -271.87 -57.39 -268.1 -49.04 -270.84 curveto
-40.59 -273.62 -41.39 -274.78 -34.94 -277.72 curveto
-32.19403 -278.96817 -29.75122 -279.98938 -27.8126 -280.76404 curveto
 closepath clip
 0 0 0 setrgbcolor 0 0.5 dtransform truncate idtransform setlinewidth pop
 [] 0 setdash 1 setlinejoin 10 setmiterlimit
newpath -71.38097 -277.63914 moveto
-71.70049 -277.69006 -71.94487 -277.93997 -72.04298 -278.25093 curveto
-72.1979 -278.74188 -72.1347 -279.26413 -72.05385 -279.77159 curveto
-71.97299 -280.27905 -71.87073 -280.79507 -71.5709 -281.21355 curveto
-71.381 -281.4786 -71.07103 -281.6402 -70.75151 -281.58928 curveto
-70.43199 -281.53836 -70.1876 -281.28845 -70.0895 -280.9775 curveto
-69.93457 -280.48654 -69.99777 -279.9643 -70.07863 -279.45683 curveto
-70.15948 -278.94937 -70.26175 -278.43335 -70.56157 -278.01488 curveto
-70.75148 -277.74982 -71.06145 -277.58823 -71.38097 -277.63914 curveto
 closepath stroke
newpath -65.06522 -270.7817 moveto
-64.845 -270.54465 -64.80663 -270.19719 -64.92104 -269.89188 curveto
-65.10168 -269.40979 -65.47336 -269.03752 -65.84984 -268.68777 curveto
-66.22632 -268.33803 -66.62491 -267.99475 -67.11897 -267.85004 curveto
-67.4319 -267.75838 -67.77557 -267.8222 -67.99579 -268.05925 curveto
-68.216 -268.2963 -68.25438 -268.64375 -68.13997 -268.94907 curveto
-67.95932 -269.43115 -67.58765 -269.80342 -67.21117 -270.15317 curveto
-66.83469 -270.50291 -66.4361 -270.84619 -65.94203 -270.9909 curveto
-65.6291 -271.08257 -65.28543 -271.01874 -65.06522 -270.7817 curveto closepath
 stroke
newpath -65.5235 -252.89919 moveto
-65.71011 -253.16348 -65.70183 -253.51294 -65.5477 -253.80028 curveto
-65.30438 -254.25395 -64.88635 -254.5733 -64.4666 -254.86969 curveto
-64.04684 -255.16608 -63.60602 -255.45314 -63.09708 -255.53065 curveto
-62.77473 -255.57974 -62.44266 -255.47064 -62.25604 -255.20634 curveto
-62.06943 -254.94205 -62.07771 -254.59259 -62.23184 -254.30525 curveto
-62.47516 -253.85158 -62.89319 -253.53223 -63.31294 -253.23584 curveto
-63.7327 -252.93945 -64.17352 -252.65239 -64.68246 -252.57487 curveto
-65.0048 -252.52579 -65.33688 -252.63489 -65.5235 -252.89919 curveto closepath
 stroke
newpath -53.7122 -281.84415 moveto
-53.60822 -281.53777 -53.71529 -281.20503 -53.9446 -280.9732 curveto
-54.30661 -280.6072 -54.79807 -280.41951 -55.28465 -280.25436 curveto
-55.77124 -280.08922 -56.27539 -279.93898 -56.78542 -280.00903 curveto
-57.10844 -280.05339 -57.39594 -280.25221 -57.49992 -280.5586 curveto
-57.60391 -280.86497 -57.49684 -281.19771 -57.26753 -281.42953 curveto
-56.90552 -281.79555 -56.41406 -281.98323 -55.92747 -282.14838 curveto
-55.44089 -282.31352 -54.93674 -282.46376 -54.42671 -282.3937 curveto
-54.10368 -282.34935 -53.8162 -282.15053 -53.7122 -281.84415 curveto closepath
 stroke
newpath -52.32332 -267.58987 moveto
-52.06374 -267.783 -51.71419 -267.78337 -51.4231 -267.63643 curveto
-50.96355 -267.40443 -50.6339 -266.99446 -50.32718 -266.58218 curveto
-50.02046 -266.1699 -49.72255 -265.73634 -49.63245 -265.22948 curveto
-49.57536 -264.90846 -49.6762 -264.57378 -49.93578 -264.38065 curveto
-50.19536 -264.18752 -50.5449 -264.18715 -50.836 -264.33409 curveto
-51.29555 -264.56609 -51.6252 -264.97606 -51.93192 -265.38834 curveto
-52.23863 -265.80061 -52.53654 -266.23418 -52.62665 -266.74104 curveto
-52.68373 -267.06206 -52.5829 -267.39674 -52.32332 -267.58987 curveto closepath
 stroke
newpath -53.88098 -250.22925 moveto
-53.65105 -250.45688 -53.30501 -250.50627 -52.99619 -250.40163 curveto
-52.50862 -250.23639 -52.12473 -249.87674 -51.7632 -249.51157 curveto
-51.40167 -249.1464 -51.04588 -248.75891 -50.88556 -248.2697 curveto
-50.78401 -247.95985 -50.83687 -247.61432 -51.0668 -247.38669 curveto
-51.29674 -247.15906 -51.64278 -247.10966 -51.9516 -247.21431 curveto
-52.43916 -247.37955 -52.82306 -247.7392 -53.18459 -248.10437 curveto
-53.54611 -248.46954 -53.9019 -248.85703 -54.06223 -249.34624 curveto
-54.16377 -249.65608 -54.11092 -250.00162 -53.88098 -250.22925 curveto
 closepath stroke
newpath -37.5446 -281.21245 moveto
-37.36859 -280.94096 -37.39073 -280.5921 -37.5561 -280.3111 curveto
-37.81723 -279.86742 -38.24757 -279.56487 -38.67874 -279.28534 curveto
-39.10991 -279.00581 -39.56177 -278.73643 -40.07338 -278.67914 curveto
-40.39742 -278.64285 -40.72491 -278.76503 -40.90092 -279.03651 curveto
-41.07693 -279.308 -41.0548 -279.65686 -40.88942 -279.93787 curveto
-40.6283 -280.38155 -40.19795 -280.6841 -39.76678 -280.96362 curveto
-39.33562 -281.24315 -38.88376 -281.51253 -38.37215 -281.56982 curveto
-38.04811 -281.60611 -37.72061 -281.48393 -37.5446 -281.21245 curveto closepath
 stroke
newpath -38.07797 -252.69513 moveto
-38.28474 -252.94398 -38.30386 -253.29301 -38.17274 -253.59157 curveto
-37.96573 -254.0629 -37.57405 -254.41406 -37.17882 -254.74245 curveto
-36.78358 -255.07083 -36.36661 -255.39157 -35.86531 -255.50874 curveto
-35.54782 -255.58296 -35.2082 -255.50023 -35.00143 -255.25137 curveto
-34.79466 -255.00252 -34.77554 -254.65349 -34.90666 -254.35493 curveto
-35.11368 -253.8836 -35.50536 -253.53244 -35.90059 -253.20406 curveto
-36.29582 -252.87567 -36.7128 -252.55493 -37.2141 -252.43776 curveto
-37.53159 -252.36354 -37.8712 -252.44627 -38.07797 -252.69513 curveto closepath
 stroke
grestore
 0.1 0.2 0.8 setrgbcolor
newpath -132.17 -216.73 moveto
-132.17 -216.73 -137.29 -220.19 -138.73 -223.57 curveto
-140.17 -226.94 -141.7 -228.16 -142.23 -229.26 curveto
-142.76 -230.37 -148.51 -235.87 -148.13 -237.95 curveto
-147.75 -240.02 -141.54 -255.56 -141.54 -255.56 curveto
-141.54 -255.56 -138.92 -256.38 -137.47 -256.53 curveto
-136.02 -256.68 -128.31 -260.01 -123.15 -257.63 curveto
-117.99 -255.25 -114 -256.22 -112.26 -254.7 curveto
-110.52 -253.19 -107.27 -251.68 -105.67 -250.11 curveto
-104.08 -248.53 -101.87 -231.14 -101.87 -231.14 curveto
-111.09 -220.95 lineto
-132.17 -216.73 lineto
 closepath fill
newpath -256.91411 -363.94487 moveto
-258.58 -363.66 lineto
-258.58 -363.66 -260.22 -362.43 -261.98 -361.5 curveto
-262.63 -361.16 -265.8 -359.93 -269.06 -357.91 curveto
-272.31 -355.89 -270.53 -357.11 -271.73 -356.15 curveto
-272.92 -355.19 -274.59 -353.1 -277.01 -350.61 curveto
-279.42 -348.12 -277.92 -346.04 -275.85 -340.47 curveto
-273.79 -334.91 -276.58 -337.04 -275.44 -333.39 curveto
-275.24408 -332.76817 -276.12466 -331.5113 -277.72064 -329.8538 curveto
-277.72057 -329.85397 lineto
-276.72615 -326.90012 -275.9102 -324.59024 -275.43 -323.45 curveto
-273.07 -317.87 -261.93 -295.2 -261.03 -289.39 curveto
-260.12 -283.59 -252.73 -260.79 -249.09 -258.33 curveto
-245.45 -255.87 -211.96 -236.85 -209.43 -235.3 curveto
-208.6291 -234.80934 -206.35011 -233.76552 -203.52568 -232.37251 curveto
-203.5255 -232.37268 lineto
-202.13725 -233.01447 -201.24667 -233.36438 -201.09 -233.29 curveto
-200.1 -232.81 -200.26 -232.39 -197.8 -232.57 curveto
-195.35 -232.75 -193.73 -231.75 -192.3 -231.47 curveto
-190.87 -231.19 -191.17 -230.99 -187.45 -231.98 curveto
-183.73 -232.98 -183.13 -233.46 -181.65 -234.33 curveto
-181.18034 -234.60925 -180.74794 -234.88147 -180.37645 -235.12299 curveto
-180.37646 -235.12285 lineto
-180.66794 -233.1433 -179.65735 -230.52522 -173.78 -226.29 curveto
-163.15 -218.63 -157.48 -223.29 -157.48 -223.29 curveto
-157.48 -223.29 -149.43 -229.57 -147.47 -234.96 curveto
-145.5 -240.36 -139.92 -256.57 -137.18 -259.9 curveto
-134.44 -263.23 -134.35 -264.95 -133.3 -269.22 curveto
-132.25 -273.5 -131.84 -283.9 -135.42 -294.12 curveto
-139.02 -304.36 -132.66 -311.59 -128.29 -318.9 curveto
-123.91 -326.22 -121.58 -341.38 -120.8 -346.24 curveto
-120.03 -351.11 -127.07 -347.95 -131.35 -349 curveto
-134.60167 -349.79012 -138.36703 -350.27432 -141.87433 -347.76451 curveto
-141.8744 -347.76451 lineto
-142.18526 -348.32887 -142.49484 -349.28853 -142.66 -350.92 curveto
-143.06 -354.97 -143.49 -354.99 -144.41 -357.19 curveto
-145.33 -359.39 -144.11 -360.78 -145.79 -362.01 curveto
-147.47 -363.23 -146.18 -363.03 -148.64 -362.85 curveto
-151.09 -362.67 -152.29 -361.57 -154.45 -361.66 curveto
-156.61 -361.75 -156.57 -362.76 -158.48 -361.83 curveto
-160.39 -360.9 -161.59 -359.8 -163.06 -359.14 curveto
-163.33932 -359.0165 -163.65764 -358.95653 -163.99005 -358.94041 curveto
-163.99008 -358.94035 lineto
-167.06047 -354.47618 -171.15361 -343.8169 -172.15 -342.02 curveto
-173.32 -339.91 -174.76 -336.73 -175.66 -334.17 curveto
-176.56 -331.62 -180.86 -327.04 -182.39 -325.02 curveto
-183.92 -323 -186.72 -316.41 -188.49 -312.02 curveto
-194.67 -296.73 -201.17 -297.14 -203.44 -296.3 curveto
-205.71 -295.46 -216.13 -294.46 -218.62 -295.22 curveto
-221.11 -295.97 -223.33 -296.21 -226.39 -300.52 curveto
-229.45 -304.83 -231.16 -310.53 -232.05 -313.3 curveto
-232.94 -316.08 -249.81 -351.18 -250.27 -352.21 curveto
-250.50217 -352.72986 -253.64343 -358.23747 -256.91412 -363.9449 curveto
 closepath fill
 0.00002 0.00018 0.00008 setrgbcolor
newpath -222.59486 -296.71149 moveto
-223.38849 -295.5871 -224.40115 -294.38936 -225.22 -294.2 curveto
-226.82 -293.84 -230.02 -293.25 -231.1 -295.03 curveto
-232.17 -296.8 -234.06 -296.6 -235.47 -300.55 curveto
-236.89 -304.5 -239.71 -309.24 -241.07 -311.17 curveto
-242.43 -313.1 -247.5 -319.37 -248.54 -322.01 curveto
-249.58 -324.65 -245.83 -328.09 -245.83 -328.09 curveto
-240.73679 -332.17798 lineto
-240.737 -332.17833 lineto
-236.54858 -323.33493 -232.47525 -314.62828 -232.05 -313.3 curveto
-231.16 -310.53 -229.45 -304.83 -226.39 -300.52 curveto
-224.98337 -298.53876 -223.75423 -297.41756 -222.59476 -296.7115 curveto
 closepath fill
newpath -190.52902 -307.5332 moveto
-189.8495 -308.85484 -189.16783 -310.34299 -188.49 -312.02 curveto
-186.72 -316.41 -183.92 -323 -182.39 -325.02 curveto
-180.86 -327.04 -176.56 -331.62 -175.66 -334.17 curveto
-174.76 -336.73 -173.32 -339.91 -172.15 -342.02 curveto
-172.10477 -342.10156 -172.05316 -342.20137 -171.99557 -342.31802 curveto
-171.9955 -342.31807 lineto
-171.41226 -341.33615 -170.78831 -340.24232 -170.39 -339.42 curveto
-169.46 -337.51 -168.33 -337.03 -167.69 -335.13 curveto
-167.05 -333.23 -165.91 -333.03 -165.86 -330.87 curveto
-165.8 -328.7 -167.87 -327.5 -168.65 -326.09 curveto
-169.44 -324.68 -173.86 -318.96 -175.4 -316.72 curveto
-176.93 -314.48 -176.8 -314.33 -177.46 -312.34 curveto
-178.12 -310.35 -179.71 -310.27 -183 -307.53 curveto
-185.4167 -305.51115 -188.87573 -306.74416 -190.52914 -307.53305 curveto
 closepath fill
newpath -166.65668 -298.57697 moveto
-167.35184 -298.80164 -168.62952 -299.38991 -169.52 -300.83 curveto
-170.8 -302.9 -171.41 -303.65 -171.43 -304.95 curveto
-171.45 -306.24 -170.57 -309.88 -170.1 -310.8 curveto
-169.63 -311.72 -167.13 -314.64 -165.37 -316.87 curveto
-163.62 -319.1 -160.8 -322.8 -160.68 -323.87 curveto
-160.56 -324.95 -159.05 -328.13 -157.89 -328.29 curveto
-156.73 -328.46 -157.1 -328.4 -155.44 -328.33 curveto
-154.37456 -328.28479 -152.5461 -327.69756 -151.38425 -327.28712 curveto
-151.38434 -327.28696 lineto
-153.54063 -323.15787 -156.11333 -319.10281 -158.09 -316.99 curveto
-161.55733 -313.27364 -163.92374 -310.83249 -166.65672 -298.57695 curveto
 closepath fill
 0.1 0.2 0.8 setrgbcolor
newpath 63.62167 -258.06319 moveto
39.24045 -258.04782 lineto
39.24042 -258.04794 lineto
37.8189 -247.42319 35.27136 -231.2931 33.55 -224.45 curveto
31.12 -214.75 36.07 -202.43 37.38 -192.58 curveto
38.69 -182.72 42.83 -185.14 36.71 -170.12 curveto
30.59 -155.1 27.63 -139.66 24.88 -136.03 curveto
22.13 -132.4 15.07 -115.69 24.74 -99.14 curveto
34.42 -82.58 25.82 -70.55 40.2 -69.65 curveto
54.58 -68.75 51.84 -72.04 54.33 -62.99 curveto
56.83 -53.95 57.06 -12.14 61.68 -5.6 curveto
66.3 0.94 66.14 11.32 75.13 10.25 curveto
84.11 9.19 78.65 2.04 89.73 26.15 curveto
100.81 50.26 102.67 54.09 102.04 55.22 curveto
102.03995 55.22014 lineto
102.03288 55.24426 101.02982 58.70518 100.98 79.96 curveto
100.94 101.29 100.06 121.73 101.76 129.02 curveto
103.46 136.31 102.31 154.33 103.61 157.56 curveto
104.91 160.79 105.08 171.89 115.02 168.85 curveto
124.95 165.81 121.8 163.26 123.5 157.27 curveto
125.19 151.28 121.5 145.46 121.96 141.44 curveto
122.43 137.41 132.14 126.29 129.32 118.08 curveto
126.51 109.88 130.32 101.69 129.04 91.25 curveto
127.76 80.82 126.23 76.14 125.24 72.35 curveto
124.24104 68.56393 128.07204 52.90254 128.07999 52.87004 curveto
128.08 52.8699 lineto
128.08766 52.80956 131.99861 21.90291 130.58 14.64 curveto
129.16 7.37 129.48 -20.29 119.24 -30.24 curveto
109 -40.19 102.36 -40.18 90.77 -38.66 curveto
84.38 -37.82 76.06 -38.43 74.32 -51.76 curveto
72.58 -65.09 71.16 -72.36 72.48 -76.05 curveto
73.79 -79.74 71.06 -90.24 63.14 -93.75 curveto
55.22 -97.26 58.07 -103.19 55.06 -107.07 curveto
52.06 -110.94 41.03 -116.03 45.22 -133.15 curveto
49.41 -150.26 58.08 -157.39 61 -171.96 curveto
63.93 -186.53 64.72 -191.68 60.41 -198.78 curveto
56.1 -205.89 58.5 -214.72 61.44 -222.67 curveto
64.37 -230.61 65.12 -248.44 63.95 -254.55 curveto
63.80258 -255.31204 63.69576 -256.52461 63.62166 -258.06328 curveto
 closepath fill
newpath -173.78 -209.36 moveto
-171.72 -210.42 lineto
-171.72 -210.42 -170.13 -210.57 -168.45 -212.66 curveto
-166.78 -214.75 -167.03 -215.55 -166.19 -216.67 curveto
-165.35 -217.79 -165.05 -219.79 -165.16 -220.52 curveto
-165.27 -221.24 -168.83 -224.06 -169.39 -224.45 curveto
-169.95 -224.83 -171.89 -226.57 -172.4 -226.45 curveto
-172.91 -226.33 -175.36 -226.36 -176.24 -226.04 curveto
-177.12 -225.71 -178.79 -223.55 -179.63 -222.58 curveto
-180.46 -221.61 -181.67 -218.7 -181.92 -217.85 curveto
-182.17 -217 -182.98 -215.01 -182.49 -214.63 curveto
-182 -214.25 -179.72 -211.92 -179.29 -211.83 curveto
-178.87 -211.74 -173.78 -209.36 -173.78 -209.36 curveto
 closepath fill
gsave newpath 39.26082 -385.61627 moveto
39.26082 -385.61627 lineto
 closepath clip
 0.00002 0.00018 0.00008 setrgbcolor
newpath 31.47897 -395.52734 moveto
40.7485 -392.68813 lineto
41.2044 -381.45271 lineto
30.93877 -381.18027 lineto
 closepath fill
 0 0 0 setrgbcolor 0 0.5 dtransform truncate idtransform setlinewidth pop
 [] 0 setdash 1 setlinejoin 10 setmiterlimit
newpath 31.47897 -395.52734 moveto
40.7485 -392.68813 lineto
41.2044 -381.45271 lineto
30.93877 -381.18027 lineto
 closepath stroke
grestore
 0 0 0 setrgbcolor 0 0.5 dtransform truncate idtransform setlinewidth pop
 [] 0 setdash 1 setlinejoin 10 setmiterlimit
newpath -14.97 -318.12 moveto
-15.07 -318.97 -17.15 -317.88 -18.33 -319.04 curveto
-19.51 -320.2 -19.79 -320.38 -20.63 -319.93 curveto
-21.47 -319.48 -21.07 -318.31 -19.87 -317.28 curveto
-18.68 -316.25 -18.84 -316.3 -17.75 -314.89 curveto
-16.65 -313.47 -16.73 -311.99 -15.61 -313.02 curveto
-14.49 -314.06 -14.64 -313.61 -14.63 -314.95 curveto
-14.62 -316.28 -14.89 -317.3 -14.97 -318.12 curveto closepath stroke
newpath -20.78 -335.54 moveto
-20.78 -335.54 -20.52 -337.6 -19.84 -338.68 curveto
-19.15 -339.76 -18.03 -341.65 -17.55 -341.68 curveto
-17.08 -341.71 -15.91 -342 -15.18 -341.9 curveto
-14.45 -341.8 -14.18 -341.7 -13.39 -341.22 curveto
-12.6 -340.74 -11.54 -341.07 -11.33 -339.71 curveto
-11.13 -338.34 -10.09 -338.73 -11.66 -337.73 curveto
-13.24 -336.71 -12.3 -337.48 -13.85 -336.48 curveto
-15.44 -335.45 -15.67 -335.66 -16.34 -334.58 curveto
-17.01 -333.49 -16.58 -332.87 -17.51 -332.6 curveto
-18.46 -332.33 -18.18 -331.49 -19.35 -331.99 curveto
-20.51 -332.49 -20.52 -331.95 -20.84 -332.95 curveto
-21.15 -333.94 -20.89 -334.64 -20.88 -334.87 curveto
-20.88 -335.1 -20.78 -335.54 -20.78 -335.54 curveto closepath stroke
newpath -15.82 -307.75 moveto
-15.8 -309.01 -15.28 -308.64 -16.08 -310.05 curveto
-16.88 -311.47 -16.87 -312.44 -17.54 -312.96 curveto
-18.2 -313.48 -19.09 -314.08 -19.32 -312.97 curveto
-19.55 -311.85 -20.17 -310.29 -19.74 -309.39 curveto
-19.31 -308.5 -18.36 -307.67 -17.85 -307.23 curveto
-17.34 -306.78 -15.85 -306.48 -15.82 -307.75 curveto closepath stroke
 1 setlinecap
newpath -95.52 -359.57 moveto
-95.52 -359.57 -89.97 -356.16 -87.61 -355.7 curveto
-85.25 -355.24 -84.95 -353.86 -81.27 -353.99 curveto
-77.59 -354.12 -68.29 -352.57 -66.99 -352.59 curveto
-65.69 -352.6 -70.23 -345.71 -67.43 -343.87 curveto
-64.54 -341.98 -62.8 -341.94 -61.98 -341.83 curveto
-60.7 -341.64 -55.21 -347.68 -53.06 -347.94 curveto
-50.96 -348.19 -47.68 -350.14 -46.46 -350.16 curveto
-45.23 -350.18 -44.39 -347.61 -41.44 -348.04 curveto
-40.36 -348.19 -41.6 -349.82 -37.61 -350.53 curveto
-33.08 -351.35 -34.64 -350.33 -30.43 -351.91 curveto
-28.78 -352.53 -27.85 -352.35 -25.65 -353.35 curveto
-24.33 -353.94 -20.94 -352.5 -20.73 -348.86 curveto stroke
newpath -41.03 -337.91 moveto
-42.59 -337.24 -42.82 -337.58 -44.42 -335.98 curveto
-49.5 -330.91 -50.23 -332.01 -50.89 -329.88 curveto
-51.5 -327.96 -50.99 -327.14 -50.88 -326.52 curveto
-50.77 -325.91 -49.7 -323.95 -48.56 -324.93 curveto
-47.33 -325.98 -47.41 -325.5 -46.01 -327.21 curveto
-42.15 -331.92 -40.98 -331.99 -39.81 -334.84 curveto
-39.03 -336.73 -39.13 -337.08 -39.64 -337.35 curveto
-40.14 -337.63 -39.59 -338.49 -41.03 -337.91 curveto closepath stroke
newpath -53.87 -316.53 moveto
-54.27 -316.69 -55.36 -316.63 -55.03 -317.53 curveto
-54.7 -318.41 -54.54 -318.46 -53.51 -318.78 curveto
-52.51 -319.09 -51.84 -319.59 -51.51 -318.88 curveto
-51.17 -318.17 -50.55 -318.2 -50.46 -317.62 curveto
-50.38 -317.03 -50.26 -316.76 -51.24 -316.76 curveto
-52.21 -316.77 -52.56 -316.53 -53.2 -316.5 curveto
-53.83 -316.46 -53.46 -316.37 -53.87 -316.53 curveto closepath stroke
newpath -54.92 -315.73 moveto
-55.4 -315.93 -55.24 -315.86 -55.95 -316.27 curveto
-56.66 -316.67 -57.54 -317 -57.59 -316.59 curveto
-57.64 -316.18 -56.99 -315.66 -56.81 -315.7 curveto
-56.64 -315.75 -55 -314.65 -54.82 -315.07 curveto
-54.65 -315.49 -54.43 -315.54 -54.92 -315.73 curveto closepath stroke
newpath -166.16 -298.45 moveto
-166.16 -298.45 -168.24 -298.76 -169.52 -300.83 curveto
-170.8 -302.9 -171.41 -303.65 -171.43 -304.95 curveto
-171.45 -306.24 -170.57 -309.88 -170.1 -310.8 curveto
-169.63 -311.72 -167.13 -314.64 -165.37 -316.87 curveto
-163.62 -319.1 -160.8 -322.8 -160.68 -323.87 curveto
-160.56 -324.95 -159.05 -328.13 -157.89 -328.29 curveto
-156.73 -328.46 -157.1 -328.4 -155.44 -328.33 curveto
-153.79 -328.26 -150.31 -326.89 -150.31 -326.89 curveto stroke
newpath -173.48 -344.74 moveto
-173.48 -344.74 -171.32 -341.34 -170.39 -339.42 curveto
-169.46 -337.51 -168.33 -337.03 -167.69 -335.13 curveto
-167.05 -333.23 -165.91 -333.03 -165.86 -330.87 curveto
-165.8 -328.7 -167.87 -327.5 -168.65 -326.09 curveto
-169.44 -324.68 -173.86 -318.96 -175.4 -316.72 curveto
-176.93 -314.48 -176.8 -314.33 -177.46 -312.34 curveto
-178.12 -310.35 -179.71 -310.27 -183 -307.53 curveto
-186.28 -304.79 -191.48 -308.04 -191.48 -308.04 curveto stroke
newpath -167.08 -359.6 moveto
-166.60756 -355.55835 -159.76598 -355.80481 -159.91196 -361.03876 curveto
 stroke
newpath -159.91196 -361.03876 moveto
-156.83714 -359.37604 -153.15785 -359.22707 -152.46007 -361.90688 curveto
 stroke
newpath -152.46007 -361.90688 moveto
-150.63647 -360.10892 -147.84227 -361.19615 -145.3011 -361.55836 curveto stroke
newpath -145.3011 -361.55836 moveto
-146.53682 -358.48248 -145.95125 -354.9098 -143.15923 -354.15108 curveto stroke
newpath -143.15923 -354.15108 moveto
-148.25183 -349.0945 -142.66713 -343.65714 -140.95 -346.96 curveto stroke
newpath -140.95 -346.96 moveto
-140.95 -346.96 lineto stroke
newpath -123.82 -348.1 moveto
-123.82 -348.1 -121.56 -353.84 -120.89 -356.04 curveto
-120.22 -358.25 -119.19 -360.44 -118.9 -362.23 curveto
-118.6 -364.02 -117.25 -366.99 -117.01 -367.63 curveto
-116.76 -368.26 -119.48 -370.47 -119.48 -370.47 curveto stroke
 0.00002 0.00018 0.00008 setrgbcolor
newpath 51.28 -166.9 moveto
51.28 -166.9 47.24 -173.7 47.34 -176.01 curveto
47.44 -178.31 47.05 -182.65 47.38 -183.79 curveto
47.72 -184.93 47.94 -190.11 49.69 -190.61 curveto
51.44 -191.11 55.43 -190.07 55.55 -186.03 curveto
55.67 -181.99 55.06 -174.52 55.06 -174.52 curveto
52.48 -168 lineto
 closepath fill
 0 0 0 setrgbcolor
newpath 51.28 -166.9 moveto
51.28 -166.9 47.24 -173.7 47.34 -176.01 curveto
47.44 -178.31 47.05 -182.65 47.38 -183.79 curveto
47.72 -184.93 47.94 -190.11 49.69 -190.61 curveto
51.44 -191.11 55.43 -190.07 55.55 -186.03 curveto
55.67 -181.99 55.06 -174.52 55.06 -174.52 curveto
52.48 -168 lineto
 closepath stroke
 0 0.35 dtransform truncate idtransform setlinewidth pop
newpath 39.26 -385.62 moveto
39.26 -385.62 40.5 -380.1 37.65 -373.88 curveto
34.79 -367.66 32.25 -362.29 26.71 -360.8 curveto
21.17 -359.31 18.06 -353.12 16.28 -351.47 curveto
14.5 -349.82 11.83 -347.05 8.32 -346.62 curveto
4.79 -346.18 1.51 -344.25 -1.6 -343.42 curveto
-4.67 -342.6 -9.98 -344.13 -12.45 -344.08 curveto
-15.03 -344.03 -16.21 -341.46 -20.97 -345.84 curveto
-21.79 -346.59 -19.67 -349.1 -21.79 -355.12 curveto
-22.8 -357.98 -0.43 -372.38 -0.43 -372.38 curveto stroke
 0 0.5 dtransform truncate idtransform setlinewidth pop
newpath 24.46 -327.96 moveto
24.46 -327.96 25.14 -324.08 28.06 -324.97 curveto
30.98 -325.85 31.95 -321.8 33.86 -325.73 curveto
35.76 -329.67 36.34 -329.79 36.34 -332.65 curveto
36.33 -335.52 36.88 -337.81 36.38 -339.57 curveto
35.88 -341.33 36.16 -341.03 33.6 -341.42 curveto
31.05 -341.82 29.52 -342.75 27.04 -341.11 curveto
24.55 -339.46 23.73 -339.93 22.66 -336.63 curveto
21.61 -333.36 24.46 -327.96 24.46 -327.96 curveto closepath stroke
newpath 7.59 -314.77 moveto
7.53 -316.65 9.02 -317.88 11.4 -319.65 curveto
13.78 -321.42 14.12 -319.1 15.07 -317.77 curveto
16.02 -316.43 17.58 -312.47 15.69 -312.12 curveto
13.8 -311.77 9.16 -310.96 8.76 -311.84 curveto
8.37 -312.72 7.65 -312.89 7.59 -314.77 curveto closepath stroke
newpath 4.83 -327.72 moveto
6.99 -327.63 7.64 -326.02 10.01 -327.64 curveto
12.39 -329.26 13.19 -330.94 12.84 -332.68 curveto
12.49 -334.41 12.22 -337.15 10.93 -337.64 curveto
9.64 -338.14 8.78 -340.96 4.93 -340.11 curveto
1.13 -339.26 -1.35 -338.29 -1.84 -337.69 curveto
-2.33 -337.08 -3.16 -335.72 -3.07 -333.86 curveto
-2.99 -332.03 -2.53 -331.26 -0.1 -330.88 curveto
2.23 -330.51 2.67 -327.78 4.83 -327.72 curveto closepath stroke
 0 0.35 dtransform truncate idtransform setlinewidth pop
newpath -121.6 -347.86 moveto
-121.6 -347.86 -111.53 -347.28 -107.26 -345.95 curveto
-102.99 -344.62 -95.89 -340.01 -94.17 -339.08 curveto
-92.45 -338.15 -89.01 -336.57 -89.01 -336.57 curveto stroke
newpath 65.07 -337.89 moveto
65.07 -337.89 66.38 -343.03 66.64 -344.1 curveto
66.9 -345.17 67.35 -345.65 68.53 -347.84 curveto
69.7 -350.02 71.52 -352.03 72.51 -353.22 curveto
73.49 -354.4 77.07 -353.74 78.3 -353.83 curveto
79.53 -353.93 80.72 -353.15 83.14 -354.13 curveto
85.56 -355.11 86.29 -351.91 88.94 -356.55 curveto
91.58 -361.19 92.13 -362.25 93.27 -365.22 curveto
94.4 -368.2 95.11 -369.68 94.91 -371.78 curveto
94.71 -373.87 89.09 -377.35 89.14 -378.5 curveto
89.18 -379.65 86.54 -381.93 86.54 -381.93 curveto stroke
newpath 109.75 -298.93 moveto
108.14 -308.45 lineto
108.14 -308.45 108.3 -312.26 107.5 -313.74 curveto
106.7 -315.21 108.75 -314.26 106.07 -315.53 curveto
103.38 -316.8 102.43 -318.14 102.36 -321.53 curveto
102.29 -324.92 103.1 -328.7 103.46 -330.42 curveto
103.82 -332.13 104.18 -333.7 104.71 -334.4 curveto
105.24 -335.1 105.64 -335.87 107.57 -338.96 curveto
109.51 -342.05 110.06 -343.11 111.22 -345 curveto
112.38 -346.9 113.36 -347.94 113.78 -349.36 curveto
114.2 -350.78 114.76 -353.71 114.76 -353.71 curveto stroke
newpath -79.27 -321.39 moveto
-76.33 -316.07 -73.75 -313.24 -73.75 -313.24 curveto stroke
newpath -69.74 -301.68 moveto
-69.74 -301.68 -68.58 -300.19 -69.72 -293.61 curveto
-70.86 -287.04 -66.22 -275.89 -66.22 -275.89 curveto
-67.93 -280.59 lineto stroke
 0 0.7 dtransform truncate idtransform setlinewidth pop
newpath -125.29 -261.38004 moveto 0 0 rlineto stroke
newpath -127.02202 -264.37999 moveto 0 0 rlineto stroke
newpath -123.55797 -264.37999 moveto 0 0 rlineto stroke
newpath -120.52 -260.44003 moveto 0 0 rlineto stroke
newpath -122.25203 -263.43999 moveto 0 0 rlineto stroke
newpath -118.78798 -263.43999 moveto 0 0 rlineto stroke
newpath -116.72 -258.48003 moveto 0 0 rlineto stroke
newpath -118.45203 -261.47998 moveto 0 0 rlineto stroke
newpath -114.98798 -261.47998 moveto 0 0 rlineto stroke
newpath -116.58 -263.41003 moveto 0 0 rlineto stroke
newpath -118.31203 -266.40999 moveto 0 0 rlineto stroke
newpath -114.84798 -266.40999 moveto 0 0 rlineto stroke
newpath -128.72 -260.32004 moveto 0 0 rlineto stroke
newpath -130.45203 -263.31999 moveto 0 0 rlineto stroke
newpath -126.98798 -263.31999 moveto 0 0 rlineto stroke
newpath -134.8 -257.86003 moveto 0 0 rlineto stroke
newpath -136.53203 -260.85999 moveto 0 0 rlineto stroke
newpath -133.06798 -260.85999 moveto 0 0 rlineto stroke
newpath -146.73 -228.32004 moveto 0 0 rlineto stroke
newpath -148.46202 -231.31999 moveto 0 0 rlineto stroke
newpath -144.99797 -231.31999 moveto 0 0 rlineto stroke
newpath -144.77 -225.14003 moveto 0 0 rlineto stroke
newpath -146.50203 -228.13998 moveto 0 0 rlineto stroke
newpath -143.03798 -228.13998 moveto 0 0 rlineto stroke
newpath -142.45 -222.23003 moveto 0 0 rlineto stroke
newpath -144.18202 -225.22998 moveto 0 0 rlineto stroke
newpath -140.71797 -225.22998 moveto 0 0 rlineto stroke
newpath -140.55 -219.48003 moveto 0 0 rlineto stroke
newpath -142.28203 -222.47998 moveto 0 0 rlineto stroke
newpath -138.81798 -222.47998 moveto 0 0 rlineto stroke
 0.00002 0.00018 0.00008 setrgbcolor
newpath -195.22 -245.86 moveto
-193.6 -246.58 -192.15 -246.81 -190.97 -249.07 curveto
-189.8 -251.32 -188.65 -249.54 -188.75 -253.94 curveto
-188.85 -258.34 -189.38 -259.37 -189.35 -261.75 curveto
-189.32 -264.13 -192.57 -263.91 -192.57 -263.91 curveto
-192.57 -263.91 -192.4 -264.48 -193.04 -263.21 curveto
-193.67 -261.94 -195.27 -263.3 -195.98 -260.16 curveto
-196.69 -257.02 -198.24 -254.35 -198.48 -253.93 curveto
-198.71 -253.5 -199.04 -249.12 -198.92 -248.68 curveto
-198.79 -248.25 -198.76 -245.58 -197.53 -245.81 curveto
-196.29 -246.05 -196.84 -245.14 -195.22 -245.86 curveto closepath fill
 0 0 0 setrgbcolor 0 0.5 dtransform truncate idtransform setlinewidth pop
newpath -195.22 -245.86 moveto
-193.6 -246.58 -192.15 -246.81 -190.97 -249.07 curveto
-189.8 -251.32 -188.65 -249.54 -188.75 -253.94 curveto
-188.85 -258.34 -189.38 -259.37 -189.35 -261.75 curveto
-189.32 -264.13 -192.57 -263.91 -192.57 -263.91 curveto
-192.57 -263.91 -192.4 -264.48 -193.04 -263.21 curveto
-193.67 -261.94 -195.27 -263.3 -195.98 -260.16 curveto
-196.69 -257.02 -198.24 -254.35 -198.48 -253.93 curveto
-198.71 -253.5 -199.04 -249.12 -198.92 -248.68 curveto
-198.79 -248.25 -198.76 -245.58 -197.53 -245.81 curveto
-196.29 -246.05 -196.84 -245.14 -195.22 -245.86 curveto closepath stroke
 0.00002 0.00018 0.00008 setrgbcolor
newpath -220.09 -255.79 moveto
-218.06 -256.13 -215.38 -254.72 -214.26 -257.41 curveto
-213.13 -260.1 -213.35 -258.38 -212.58 -262.82 curveto
-211.82 -267.25 -211.97 -266.97 -212.21 -268.14 curveto
-212.45 -269.3 -211.12 -270.11 -215.27 -270.86 curveto
-219.41 -271.61 -220.7 -271.96 -222.54 -269.3 curveto
-224.38 -266.64 -225.23 -263.79 -224.87 -262.05 curveto
-224.51 -260.3 -221.5 -256.43 -221.5 -256.43 curveto
-221.5 -256.43 -222.12 -255.44 -220.09 -255.79 curveto closepath fill
 0 0 0 setrgbcolor
newpath -220.09 -255.79 moveto
-218.06 -256.13 -215.38 -254.72 -214.26 -257.41 curveto
-213.13 -260.1 -213.35 -258.38 -212.58 -262.82 curveto
-211.82 -267.25 -211.97 -266.97 -212.21 -268.14 curveto
-212.45 -269.3 -211.12 -270.11 -215.27 -270.86 curveto
-219.41 -271.61 -220.7 -271.96 -222.54 -269.3 curveto
-224.38 -266.64 -225.23 -263.79 -224.87 -262.05 curveto
-224.51 -260.3 -221.5 -256.43 -221.5 -256.43 curveto
-221.5 -256.43 -222.12 -255.44 -220.09 -255.79 curveto closepath stroke
 0 0.35 dtransform truncate idtransform setlinewidth pop
newpath -128.81 -320.08 moveto
-129.20145 -318.1184 lineto stroke
newpath -126.52255 -320.9671 moveto
-125.15016 -319.51228 lineto stroke
newpath -124.4076 -322.44073 moveto
-122.86115 -321.1725 lineto stroke
newpath -123.3574 -324.80461 moveto
-121.53532 -323.98004 lineto stroke
newpath -122.2799 -327.1656 moveto
-120.42535 -326.4169 lineto stroke
newpath -121.40251 -329.60803 moveto
-119.50783 -328.96773 lineto stroke
newpath -120.5702 -332.0662 moveto
-118.63795 -331.55016 lineto stroke
newpath -120.10703 -334.61813 moveto
-118.12946 -334.31967 lineto stroke
 0.35 0 dtransform exch truncate exch idtransform pop setlinewidth
newpath -118.26978 -335.7329 moveto
-118.27768 -333.73296 lineto stroke
 0 0.35 dtransform truncate idtransform setlinewidth pop
newpath -115.69829 -335.43582 moveto
-116.20047 -333.49994 lineto stroke
newpath -113.4453 -334.19667 moveto
-114.54318 -332.52498 lineto stroke
newpath -111.736 -332.47865 moveto
-113.72958 -332.31905 lineto stroke
newpath -112.1827 -329.94157 moveto
-114.1782 -330.07509 lineto stroke
newpath -112.27547 -327.34796 moveto
-114.27544 -327.35257 lineto stroke
newpath -112.10368 -324.76086 moveto
-114.0789 -324.44727 lineto stroke
newpath -111.65079 -322.20541 moveto
-113.63266 -321.93695 lineto stroke
newpath -111.50742 -319.61581 moveto
-113.50693 -319.6589 lineto stroke
newpath -111.80104 -317.04013 moveto
-113.76817 -317.4011 lineto stroke
newpath -112.24231 -314.48338 moveto
-114.23398 -314.66548 lineto stroke
newpath -112.29643 -311.89044 moveto
-114.29439 -311.80084 lineto stroke
newpath -112.02528 -309.3106 moveto
-113.99748 -308.97841 lineto stroke
newpath -111.49057 -306.77274 moveto
-113.47162 -306.4982 lineto stroke
newpath -111.19638 -304.19403 moveto
-113.18726 -304.00363 lineto stroke
newpath -110.96924 -301.60834 moveto
-112.9627 -301.44711 lineto stroke
newpath -110.77167 -299.02002 moveto
-112.76642 -298.87564 lineto stroke
newpath -110.593 -296.43057 moveto
-112.58861 -296.29846 lineto stroke
newpath -110.43 -293.84009 moveto
-112.42651 -293.72269 lineto stroke
 0 0.5 dtransform truncate idtransform setlinewidth pop
newpath -128.81 -320.08 moveto
-128.81 -320.08 -127.45 -319.8 -126.69 -320.78 curveto
-125.92 -321.76 -124.56 -321.56 -123.97 -323.26 curveto
-123.39 -324.97 -122.77 -325.88 -122.2 -327.37 curveto
-121.62 -328.86 -121.61 -329.07 -120.8 -331.34 curveto
-119.98 -333.61 -120.27 -335.64 -119.62 -335.68 curveto
-118.97 -335.73 -117.01 -335.86 -115.44 -335.36 curveto
-113.87 -334.86 -114.1 -334.37 -112.53 -333.73 curveto
-110.96 -333.09 -112.17 -330.12 -112.17 -330.12 curveto
-112.17 -330.12 -112.36 -327.67 -112.23 -325.86 curveto
-112.1 -324.05 -111.65 -323.09 -111.54 -321 curveto
-111.42 -318.9 -111.61 -317.97 -112.08 -315.61 curveto
-112.55 -313.25 -112.27 -309.78 -111.7 -307.88 curveto
-111.14 -305.98 -110.43 -293.84 -110.43 -293.84 curveto stroke
 0 0.35 dtransform truncate idtransform setlinewidth pop
newpath -110.65 -279.6 moveto
-111.57231 -281.37457 lineto stroke
newpath -112.97478 -278.39542 moveto
-113.7786 -280.22672 lineto stroke
 0.35 0 dtransform exch truncate exch idtransform pop setlinewidth
newpath -115.54959 -278.06516 moveto
-115.46356 -280.06326 lineto stroke
newpath -118.14825 -278.37471 moveto
-117.82968 -280.34914 lineto stroke
 0 0.35 dtransform truncate idtransform setlinewidth pop
newpath -120.70055 -278.95132 moveto
-120.195 -280.88635 lineto stroke
newpath -123.05263 -280.03848 moveto
-121.80557 -281.60205 lineto stroke
newpath -124.93047 -281.85764 moveto
-123.26607 -282.96654 lineto stroke
newpath -125.42212 -284.38669 moveto
-123.42398 -284.47202 lineto stroke
newpath -126.0021 -286.9217 moveto
-124.00912 -287.08882 lineto stroke
newpath -125.93803 -289.53714 moveto
-123.93855 -289.49286 lineto stroke
newpath -126.59439 -292.01936 moveto
-124.77286 -292.8451 lineto stroke
newpath -126.98373 -294.58 moveto
-124.98544 -294.49776 lineto stroke
newpath -126.9704 -297.1957 moveto
-124.97513 -297.33278 lineto stroke
newpath -127.20825 -299.803 moveto
-125.21902 -300.00996 lineto stroke
newpath -127.48454 -302.40671 moveto
-125.49559 -302.61633 lineto stroke
newpath -127.74277 -305.0123 moveto
-125.74823 -305.15933 lineto stroke
newpath -127.74664 -307.62682 moveto
-125.75739 -307.42003 lineto stroke
newpath -127.57603 -310.23508 moveto
-125.57796 -310.32205 lineto stroke
newpath -127.92645 -312.82588 moveto
-126.00024 -313.36404 lineto stroke
newpath -129.14664 -315.10918 moveto
-127.71034 -316.50095 lineto stroke
newpath -131.04996 -316.85991 moveto
-129.16205 -317.51993 lineto stroke
 0 0.5 dtransform truncate idtransform setlinewidth pop
newpath -110.65 -279.6 moveto
-110.65 -279.6 -112.42 -278.68 -112.8 -278.48 curveto
-113.17 -278.29 -114.13 -277.83 -116.79 -278.18 curveto
-119.45 -278.53 -119.59 -278.68 -121.09 -279.05 curveto
-122.59 -279.41 -123.41 -280.32 -124.66 -281.54 curveto
-125.9 -282.76 -125.03 -284.45 -125.75 -285.93 curveto
-126.48 -287.41 -125.43 -290.1 -126.31 -291.5 curveto
-127.19 -292.9 -127 -294.05 -126.93 -295.63 curveto
-126.86 -297.21 -127.3 -300.4 -127.7 -304.53 curveto
-128.1 -308.65 -127.2 -307.96 -127.74 -311.88 curveto
-128.29 -315.8 -130.74 -315.76 -131.05 -316.86 curveto stroke
showpage
%%EOF
