%!PS
%%BoundingBox: -1 -1 101 101 
%%HiResBoundingBox: -0.35 -0.35 100.35 100.35 
%%Creator: MetaPost 1.209
%%CreationDate: 2014.07.31:1514
%%Pages: 1
%%BeginProlog
%%EndProlog
%%Page: 1 1
gsave newpath 0 0 moveto
100 0 lineto
100 100 lineto
0 100 lineto
 closepath clip
 0.8 0.8 0.8 setrgbcolor
newpath 0 0 moveto
113.3314 0 226.66798 0 339.99939 0 curveto
339.99939 113.3314 339.99939 226.66798 339.99939 339.99939 curveto
226.66798 339.99939 113.3314 339.99939 0 339.99939 curveto
0 226.66798 0 113.3314 0 0 curveto closepath fill
gsave newpath 0.00005 0 moveto
106.75978 0 lineto
106.75978 65.97714 lineto
0 65.97714 lineto
0 -0.00005 lineto
 closepath clip
 0 0 0 setrgbcolor 0 1.7 dtransform truncate idtransform setlinewidth pop
 [] 0 setdash 1 setlinejoin 10 setmiterlimit
newpath 9.7244 -8.40775 moveto
8.74896 -7.89917 7.57533 -8.08609 6.67725 -8.73615 curveto
5.25937 -9.76242 4.37341 -11.31618 3.5657 -12.86536 curveto
2.75798 -14.41454 1.99135 -16.03044 1.96169 -17.78055 curveto
1.94295 -18.88902 2.46164 -19.95831 3.43709 -20.46689 curveto
4.41254 -20.97546 5.58615 -20.78854 6.48425 -20.13849 curveto
7.90211 -19.1122 8.78807 -17.55846 9.5958 -16.00928 curveto
10.4035 -14.46008 11.17014 -12.8442 11.19981 -11.09407 curveto
11.21854 -9.98561 10.69984 -8.91632 9.7244 -8.40775 curveto closepath stroke
newpath -7.91727 45.63087 moveto
-7.33954 46.56699 -7.44112 47.7511 -8.02455 48.6938 curveto
-8.94568 50.18217 -10.43132 51.17807 -11.91809 52.09561 curveto
-13.40486 53.01315 -14.96115 53.8947 -16.70447 54.0507 curveto
-17.80867 54.14954 -18.91267 53.70949 -19.4904 52.77336 curveto
-20.06815 51.83725 -19.96655 50.65314 -19.38312 49.71043 curveto
-18.46199 48.22206 -16.97636 47.22617 -15.4896 46.30862 curveto
-14.00282 45.39108 -12.44653 44.50954 -10.70322 44.35353 curveto
-9.599 44.2547 -8.49501 44.69475 -7.91727 45.63087 curveto closepath stroke
newpath 58.4168 -12.3862 moveto
58.80066 -11.35529 58.46977 -10.21384 57.71356 -9.40315 curveto
56.51956 -8.12329 54.86801 -7.4366 53.23074 -6.82697 curveto
51.59346 -6.21733 49.89502 -5.65671 48.15472 -5.844 curveto
47.05247 -5.96269 46.05566 -6.60985 45.6718 -7.64075 curveto
45.28795 -8.67166 45.61884 -9.81311 46.37503 -10.6238 curveto
47.56905 -11.90366 49.22058 -12.59035 50.85786 -13.19998 curveto
52.49513 -13.80962 54.19357 -14.37024 55.93388 -14.18295 curveto
57.03612 -14.06425 58.03294 -13.4171 58.4168 -12.3862 curveto closepath stroke
newpath 57.64333 40.18567 moveto
57.70963 41.2837 57.06009 42.27896 56.1002 42.83366 curveto
54.58464 43.7094 52.80466 43.88423 51.06071 43.98955 curveto
49.31677 44.09486 47.52869 44.13544 45.91881 43.44844 curveto
44.89915 43.01328 44.13455 42.10341 44.06825 41.00537 curveto
44.00195 39.90733 44.65149 38.91208 45.61136 38.35738 curveto
47.12692 37.48164 48.90692 37.30681 50.65086 37.20149 curveto
52.3948 37.09618 54.18289 37.0556 55.79277 37.7426 curveto
56.81242 38.17776 57.57703 39.08763 57.64333 40.18567 curveto closepath stroke
newpath 101.22417 -3.87926 moveto
100.29681 -4.471 99.87341 -5.58148 99.9889 -6.68408 curveto
100.17111 -8.42491 101.07594 -9.96777 102.01575 -11.44054 curveto
102.95555 -12.9133 103.9737 -14.38383 105.47571 -15.28244 curveto
106.42708 -15.85161 107.6126 -15.9354 108.53993 -15.34366 curveto
109.46729 -14.7519 109.89069 -13.64143 109.77519 -12.53883 curveto
109.593 -10.798 108.68816 -9.25514 107.74835 -7.78238 curveto
106.80855 -6.30962 105.79042 -4.83908 104.28839 -3.94048 curveto
103.33702 -3.3713 102.15152 -3.28752 101.22417 -3.87926 curveto closepath
 stroke
newpath 79.17842 44.22348 moveto
78.62164 43.2747 78.74963 42.09314 79.35387 41.16371 curveto
80.30785 39.69618 81.8153 38.73366 83.32211 37.84943 curveto
84.8289 36.96518 86.40443 36.11856 88.15082 36.00136 curveto
89.25694 35.92712 90.35083 36.3916 90.90761 37.34038 curveto
91.46439 38.28915 91.3364 39.47072 90.73215 40.40015 curveto
89.77818 41.86766 88.2707 42.83018 86.76392 43.71443 curveto
85.25713 44.59866 83.68158 45.4453 81.93521 45.56248 curveto
80.82907 45.63673 79.73518 45.17226 79.17842 44.22348 curveto closepath stroke
grestore
grestore
 0 0 0 setrgbcolor 0 0.7 dtransform truncate idtransform setlinewidth pop
 [] 0 setdash 1 setlinejoin 10 setmiterlimit
newpath 0 0 moveto
100 0 lineto
100 100 lineto
0 100 lineto
 closepath stroke
showpage
%%EOF
