%!PS
%%BoundingBox: -1 -1 101 101 
%%HiResBoundingBox: -0.35 -0.35 100.35 100.35 
%%Creator: MetaPost 1.209
%%CreationDate: 2014.07.31:1514
%%Pages: 1
%%BeginProlog
%%EndProlog
%%Page: 1 1
gsave newpath 0 0 moveto
100 0 lineto
100 100 lineto
0 100 lineto
 closepath clip
 0.8 0.8 0.8 setrgbcolor
newpath 0 0 moveto
113.3314 0 226.66798 0 339.99939 0 curveto
339.99939 113.3314 339.99939 226.66798 339.99939 339.99939 curveto
226.66798 339.99939 113.3314 339.99939 0 339.99939 curveto
0 226.66798 0 113.3314 0 0 curveto closepath fill
newpath 61.02983 32.9886 moveto
61.02983 35.01756 60.22372 36.96321 58.7891 38.39778 curveto
57.3545 39.83243 55.40886 40.63853 53.3799 40.63853 curveto
51.35092 40.63853 49.40527 39.83243 47.9707 38.39778 curveto
46.53607 36.96321 45.72997 35.01756 45.72997 32.9886 curveto
45.72997 30.95963 46.53607 29.01398 47.9707 27.5794 curveto
49.40527 26.14478 51.35092 25.33865 53.3799 25.33865 curveto
55.40886 25.33865 57.3545 26.14478 58.7891 27.5794 curveto
60.22372 29.01398 61.02983 30.95963 61.02983 32.9886 curveto closepath fill
 0 0 0 setrgbcolor 0 1.7 dtransform truncate idtransform setlinewidth pop
 [] 0 setdash 1 setlinejoin 10 setmiterlimit
newpath 61.02983 32.9886 moveto
61.02983 35.01756 60.22372 36.96321 58.7891 38.39778 curveto
57.3545 39.83243 55.40886 40.63853 53.3799 40.63853 curveto
51.35092 40.63853 49.40527 39.83243 47.9707 38.39778 curveto
46.53607 36.96321 45.72997 35.01756 45.72997 32.9886 curveto
45.72997 30.95963 46.53607 29.01398 47.9707 27.5794 curveto
49.40527 26.14478 51.35092 25.33865 53.3799 25.33865 curveto
55.40886 25.33865 57.3545 26.14478 58.7891 27.5794 curveto
60.22372 29.01398 61.02983 30.95963 61.02983 32.9886 curveto closepath stroke
newpath 58.47993 32.9886 moveto
58.47993 34.34126 57.94252 35.63841 56.98611 36.5948 curveto
56.02971 37.55121 54.73256 38.08864 53.3799 38.08864 curveto
52.02724 38.08864 50.73009 37.55121 49.77368 36.5948 curveto
48.81728 35.63841 48.27985 34.34126 48.27985 32.9886 curveto
48.27985 31.63593 48.81728 30.33878 49.77368 29.38239 curveto
50.73009 28.42598 52.02724 27.88855 53.3799 27.88855 curveto
54.73256 27.88855 56.02971 28.42598 56.98611 29.38239 curveto
57.94252 30.33878 58.47993 31.63593 58.47993 32.9886 curveto closepath fill
grestore
 0 0 0 setrgbcolor 0 0.7 dtransform truncate idtransform setlinewidth pop
 [] 0 setdash 1 setlinejoin 10 setmiterlimit
newpath 0 0 moveto
100 0 lineto
100 100 lineto
0 100 lineto
 closepath stroke
showpage
%%EOF
