%!PS
%%BoundingBox: -144 -148 144 149 
%%HiResBoundingBox: -143.12 -147.94 143.73943 148.16 
%%Creator: MetaPost 1.209
%%CreationDate: 2014.08.12:0807
%%Pages: 1
%%BeginProlog
%%EndProlog
%%Page: 1 1
 0 0 0 setrgbcolor 0 1 dtransform truncate idtransform setlinewidth pop
 [] 0 setdash 1 setlinecap 1 setlinejoin 10 setmiterlimit
newpath 127.69 147.66 moveto
125.21 146.61 123.52 147.41 119.91 145.88 curveto
116.3 144.36 112.73 143.56 111.67 143.08 curveto
110.61 142.6 107.15 141.01 104.29 141.97 curveto
101.44 142.93 99.05 143.26 98.72 142.53 curveto
98.39 141.79 98.89 138.5 99.36 137.66 curveto
99.83 136.81 101.97 131.78 100.61 130.07 curveto
99.24 128.35 93.21 128.1 91.23 127.29 curveto
89.25 126.49 85.86 126.48 83.98 126.62 curveto
82.1 126.76 80.17 126.46 77.55 122.02 curveto
76.62 120.46 71.62 115.79 69.16 115.97 curveto
66.7 116.15 63.6 114.36 61.7 111.69 curveto
60.49 109.98 56.49 108.73 55.32 107.6 curveto
54.14 106.46 53.76 105.37 53.95 104.15 curveto
54.15 102.93 55.17 99.3 53.66 97.58 curveto
52.14 95.86 51.31 93.44 50.7 92.62 curveto
50.08 91.8 46.5 89.71 44.94 85.75 curveto
44.42 84.43 39.67 77.45 38.57 76.25 curveto
37.47 75.05 31.22 69.52 30.37 69.19 curveto
29.52 68.87 26.92 65.44 23.1 63.83 curveto stroke
newpath 101.75 46.31 moveto
102.19 47.98 101.14 48.88 103.46 50.27 curveto
105.78 51.67 107.36 55.12 108.4 56.03 curveto
109.44 56.94 113.62 60.43 114.54 60.83 curveto
115.46 61.23 119.28 64.42 121.89 65.76 curveto
124.5 67.09 125.18 69.86 126.79 70.87 curveto
128.4 71.87 131.21 72.06 132.49 72.34 curveto
133.78 72.61 135.48 74.9 139.39 74.58 curveto stroke
newpath -15.59 -0.59 moveto
-16.96 -2.09 -19.07 -3.48 -20.3 -4.97 curveto
-21.53 -6.47 -20.46 -7.86 -26.08 -11.27 curveto
-31.7 -14.68 -31.13 -14.66 -32.85 -18.19 curveto
-34.57 -21.73 -37.09 -23.56 -38.49 -24.34 curveto
-39.9 -25.12 -43.82 -27.89 -45.26 -27.95 curveto
-46.69 -28.01 -50.92 -27.04 -47.32 -23.42 curveto
-43.73 -19.81 -34.89 -7.61 -33.9 -7.28 curveto
-32.9 -6.95 -23.66 -0.65 -22.44 1.13 curveto
-21.22 2.92 -17.59 5.81 -16.44 5.86 curveto
-15.29 5.91 -11.13 6.38 -10.92 4.95 curveto
-10.72 3.52 -11.07 1.77 -12.49 1.13 curveto
-13.9 0.49 -14.21 0.91 -15.59 -0.59 curveto closepath stroke
newpath -9.94 -46.47 moveto
-9.94 -46.47 -13.86 -50.89 -14.73 -52.59 curveto
-15.59 -54.28 -16.26 -55.54 -17.22 -56.59 curveto
-18.19 -57.64 -20.45 -58.6 -22.91 -58.49 curveto
-25.36 -58.38 -27.69 -59.63 -28.22 -60.66 curveto
-28.75 -61.69 -32.89 -62.59 -34.55 -62.66 curveto
-36.2 -62.74 -42.48 -66.03 -40.91 -62.29 curveto
-39.34 -58.55 -36.95 -55.27 -34.75 -52.8 curveto
-32.55 -50.33 -31.7 -51.81 -29.86 -49.28 curveto
-28.02 -46.75 -22.81 -42.2 -20.32 -41.52 curveto
-17.82 -40.83 -14.75 -38.68 -13.2 -36.09 curveto
-11.65 -33.5 -9.83 -30.61 -9.29 -29.87 curveto
-8.74 -29.13 -7.82 -28.8 -6.56 -27.95 curveto
-5.3 -27.1 -4.11 -24.46 -3.77 -22.43 curveto
-3.42 -20.4 -2.57 -18.41 -2.24 -15.95 curveto
-1.92 -13.48 -1.68 -12.17 -1.55 -11.88 curveto
-1.42 -11.58 -0.92 -8.1 -2.79 -11.57 curveto
-4.66 -15.04 -5.01 -16.54 -4.85 -12.38 curveto
-4.81 -11.51 -2.91 -10.42 -2.86 -9.91 curveto
-2.81 -9.41 -3.81 -8.01 -2.69 -7.24 curveto
-1.57 -6.47 2.44 -2.46 3.04 -1.43 curveto
3.65 -0.39 7.36 3.65 7.55 4.38 curveto
7.74 5.1 9.03 8.45 12.08 7.99 curveto
15.11 7.53 16.59 6.51 17.17 6.2 curveto
17.76 5.88 20.11 6.23 16.52 4.63 curveto
12.91 3.03 7.84 -0.84 6.83 -2.33 curveto
5.81 -3.82 0.64 -5.79 0.87 -12.99 curveto
0.96 -15.73 -0.29 -17.66 0.04 -20.46 curveto
0.38 -23.26 0.92 -25.75 0.06 -27.59 curveto
-0.8 -29.43 -2.84 -33.92 -3.71 -35.61 curveto
-4.57 -37.31 -5 -37.47 -5.65 -40.74 curveto
-6.3 -44.01 -6.98 -44.9 -7.98 -45.24 curveto
-8.97 -45.57 -9.94 -46.47 -9.94 -46.47 curveto closepath stroke
 0 0.5 dtransform truncate idtransform setlinewidth pop
newpath -77.16293 -119.9655 moveto
-77.65434 -120.63205 -76.69829 -121.6909 -77.38391 -122.28734 curveto
-78.27348 -123.06126 -79.57695 -120.76855 -80.44722 -121.89261 curveto
-81.39166 -123.11247 -78.67755 -123.67854 -79.08359 -124.76147 curveto
-79.53923 -125.97668 -81.07372 -124.72389 -81.96075 -125.12503 curveto
-83.04092 -125.61354 -82.46544 -127.15778 -83.09708 -128.01451 curveto stroke
newpath -83.4454 -125.54825 moveto
-83.52403 -126.31555 -82.89963 -127.21667 -83.09708 -128.01451 curveto
-82.39331 -127.58997 -82.19762 -126.51128 -81.59946 -126.02434 curveto
 closepath stroke
newpath -83.4454 -125.54825 moveto
-83.52403 -126.31555 -82.89963 -127.21667 -83.09708 -128.01451 curveto
-82.39331 -127.58997 -82.19762 -126.51128 -81.59946 -126.02434 curveto
 closepath fill
newpath -97.17293 -108.78549 moveto
-97.66434 -109.45204 -96.70828 -110.5109 -97.3939 -111.10733 curveto
-98.28348 -111.88126 -99.58694 -109.58855 -100.45721 -110.7126 curveto
-101.40166 -111.93246 -98.68755 -112.49854 -99.09358 -113.58147 curveto
-99.54922 -114.79668 -101.08371 -113.54388 -101.97075 -113.94502 curveto
-103.05092 -114.43353 -102.47543 -115.97777 -103.10707 -116.8345 curveto stroke
newpath -103.4554 -114.36824 moveto
-103.53403 -115.13554 -102.90962 -116.03667 -103.10707 -116.8345 curveto
-102.4033 -116.40996 -102.20761 -115.33127 -101.60945 -114.84433 curveto
 closepath stroke
newpath -103.4554 -114.36824 moveto
-103.53403 -115.13554 -102.90962 -116.03667 -103.10707 -116.8345 curveto
-102.4033 -116.40996 -102.20761 -115.33127 -101.60945 -114.84433 curveto
 closepath fill
newpath -101.28293 -127.1955 moveto
-101.77434 -127.86205 -100.81828 -128.9209 -101.5039 -129.51733 curveto
-102.39348 -130.29126 -103.69695 -127.99855 -104.56721 -129.1226 curveto
-105.51166 -130.34247 -102.79755 -130.90854 -103.20358 -131.99147 curveto
-103.65923 -133.20668 -105.19371 -131.95389 -106.08075 -132.35503 curveto
-107.16092 -132.84354 -106.58543 -134.38777 -107.21707 -135.2445 curveto stroke
newpath -107.5654 -132.77824 moveto
-107.64403 -133.54555 -107.01962 -134.44667 -107.21707 -135.2445 curveto
-106.5133 -134.81996 -106.31761 -133.74127 -105.71945 -133.25433 curveto
 closepath stroke
newpath -107.5654 -132.77824 moveto
-107.64403 -133.54555 -107.01962 -134.44667 -107.21707 -135.2445 curveto
-106.5133 -134.81996 -106.31761 -133.74127 -105.71945 -133.25433 curveto
 closepath fill
newpath -117.74294 -133.2255 moveto
-118.23434 -133.89204 -117.27829 -134.9509 -117.96391 -135.54733 curveto
-118.85349 -136.32126 -120.15695 -134.02855 -121.02722 -135.1526 curveto
-121.97166 -136.37247 -119.25755 -136.93854 -119.66359 -138.02147 curveto
-120.11923 -139.23668 -121.65372 -137.98389 -122.54076 -138.38503 curveto
-123.62093 -138.87354 -123.04544 -140.41777 -123.67708 -141.2745 curveto stroke
newpath -124.0254 -138.80824 moveto
-124.10403 -139.57555 -123.47963 -140.47667 -123.67708 -141.2745 curveto
-122.97331 -140.84996 -122.77762 -139.77127 -122.17946 -139.28433 curveto
 closepath stroke
newpath -124.0254 -138.80824 moveto
-124.10403 -139.57555 -123.47963 -140.47667 -123.67708 -141.2745 curveto
-122.97331 -140.84996 -122.77762 -139.77127 -122.17946 -139.28433 curveto
 closepath fill
newpath -102.84293 -116.0855 moveto
-103.33434 -116.75204 -102.37828 -117.8109 -103.0639 -118.40733 curveto
-103.95348 -119.18126 -105.25694 -116.88855 -106.12721 -118.0126 curveto
-107.07166 -119.23247 -104.35754 -119.79854 -104.76358 -120.88147 curveto
-105.21922 -122.09668 -106.75371 -120.84389 -107.64075 -121.24503 curveto
-108.72092 -121.73354 -108.14543 -123.27777 -108.77707 -124.1345 curveto stroke
newpath -109.1254 -121.66824 moveto
-109.20403 -122.43555 -108.57962 -123.33667 -108.77707 -124.1345 curveto
-108.0733 -123.70996 -107.87761 -122.63127 -107.27945 -122.14433 curveto
 closepath stroke
newpath -109.1254 -121.66824 moveto
-109.20403 -122.43555 -108.57962 -123.33667 -108.77707 -124.1345 curveto
-108.0733 -123.70996 -107.87761 -122.63127 -107.27945 -122.14433 curveto
 closepath fill
newpath -85.55293 -134.51549 moveto
-86.04434 -135.18204 -85.08829 -136.24089 -85.77391 -136.83733 curveto
-86.66348 -137.61125 -87.96695 -135.31854 -88.83722 -136.4426 curveto
-89.78166 -137.66246 -87.06755 -138.22853 -87.47359 -139.31146 curveto
-87.92923 -140.52667 -89.46371 -139.27388 -90.35075 -139.67502 curveto
-91.43092 -140.16353 -90.85544 -141.70776 -91.48708 -142.5645 curveto stroke
newpath -91.8354 -140.09824 moveto
-91.91403 -140.86554 -91.28963 -141.76666 -91.48708 -142.5645 curveto
-90.78331 -142.13995 -90.58762 -141.06126 -89.98946 -140.57433 curveto
 closepath stroke
newpath -91.8354 -140.09824 moveto
-91.91403 -140.86554 -91.28963 -141.76666 -91.48708 -142.5645 curveto
-90.78331 -142.13995 -90.58762 -141.06126 -89.98946 -140.57433 curveto
 closepath fill
 0 1 dtransform truncate idtransform setlinewidth pop
newpath -34.41 -39.02 moveto
-34.41 -39.02 -37.67 -40.31 -40.51 -41.15 curveto
-43.36 -42 -46.29 -44.28 -47.89 -47.38 curveto
-49.48 -50.48 -49.18 -50.9 -51.06 -54 curveto
-52.95 -57.11 -56.54 -60.73 -56.54 -60.73 curveto
-56.54 -60.73 -57.99 -60.5 -56.97 -64.2 curveto
-55.95 -67.91 -56.05 -68.92 -56.9 -69.1 curveto
-57.76 -69.28 -59.31 -73.38 -62.15 -67.74 curveto
-64.99 -62.09 -66.38 -56.38 -65.72 -54.91 curveto
-65.06 -53.44 -57.35 -45.04 -56.39 -43.99 curveto
-55.42 -42.94 -52.13 -39.05 -52.34 -37.48 curveto
-52.55 -35.9 -47.36 -35.97 -45.96 -35.19 curveto
-44.55 -34.4 -37.42 -29.2 -33.3 -27.73 curveto
-29.19 -26.25 -27.26 -24.15 -23.83 -23.43 curveto
-20.4 -22.7 -18.5 -23.34 -16.49 -19.8 curveto
-14.48 -16.26 -15.02 -20.6 -15.02 -20.6 curveto
-15.02 -20.6 -15.34 -23.07 -14.96 -25.21 curveto
-14.58 -27.36 -14.3 -30.52 -19.53 -32.91 curveto
-24.76 -35.29 -24.62 -35.29 -27.49 -35.7 curveto
-30.35 -36.11 -32.9 -37.22 -33.02 -37.81 curveto
-33.14 -38.39 -34.41 -39.02 -34.41 -39.02 curveto closepath stroke
newpath 13.67 46.78 moveto
13.22 45.59 8.85 41.46 6.04 41.34 curveto
5.6 41.33 4.52 39.77 2.74 39.26 curveto
0.97 38.75 -5.95 38.74 -7.36 38.03 curveto
-8.77 37.32 -13.75 35.74 -15.2 34.24 curveto
-16.65 32.74 -20.01 33.89 -21.48 32.67 curveto
-22.94 31.46 -24.37 29.45 -31.75 28.63 curveto
-34.74 28.3 -37.1 27.25 -37.1 27.25 curveto
-37.1 27.25 -37.23 28.76 -36.96 29.06 curveto
-36.68 29.36 -34.07 30.62 -33.3 31.23 curveto
-32.54 31.84 -31.64 34.4 -28.35 35.12 curveto
-25.07 35.83 -21.82 35.69 -20.63 36.46 curveto
-19.43 37.23 -16.96 38.49 -16.5 39.44 curveto
-16.04 40.4 -10.28 42.3 -7.41 44.37 curveto
-4.55 46.44 0.16 49.57 6.57 49.36 curveto
8.48 49.3 11.83 50.84 13.06 49.14 curveto
13.65 48.31 13.84 47.26 13.67 46.78 curveto closepath stroke
newpath -7.01 24.58 moveto
-13 23.16 -15.53 21.6 -21.19 19.06 curveto
-26.84 16.51 -35.73 11.95 -37.83 10.42 curveto
-39.92 8.89 -43.42 9.75 -44.58 6.68 curveto
-45.75 3.6 -47.63 0.49 -49.91 -0.04 curveto
-52.19 -0.57 -58.54 -3.72 -61.15 -6.86 curveto
-63.75 -10 -64.98 -11.49 -64.98 -11.49 curveto
-64.98 -11.49 -70.74 -14.91 -68.59 -7.9 curveto
-66.44 -0.89 -63.33 7.03 -58.65 8.81 curveto
-53.97 10.6 -51.55 14.74 -50.76 16.5 curveto
-49.97 18.27 -44.11 22.84 -38.39 23.81 curveto
-32.67 24.77 -26.48 28.35 -20.98 27.72 curveto
-15.48 27.09 -16.73 29.49 -11.22 32.03 curveto
-5.7 34.58 -4.32 35.93 -3.16 35.69 curveto
-1.99 35.46 -2.5 33.71 -2.76 33.12 curveto
-3.02 32.53 -3.54 31.21 -3.32 29.35 curveto
-3.1 27.48 -3.37 27.18 -3.61 26.02 curveto
-3.85 24.86 -4.41 25.19 -7.01 24.58 curveto closepath stroke
newpath 49.74 30.82 moveto
49.74 30.82 48.27 29.82 47.18 28.33 curveto
46.09 26.85 45.25 26.17 44.06 25.33 curveto
42.87 24.49 41.72 22.78 41.01 22.61 curveto
40.29 22.44 39.31 21.89 38.93 22.31 curveto
38.55 22.73 36.19 24.07 36.31 24.57 curveto
36.43 25.08 36.66 26.46 37.6 26.5 curveto
38.53 26.54 41.86 27.83 43.06 28.45 curveto
44.26 29.08 46.66 30.4 46.66 30.4 curveto
46.66 30.4 48.69 31.78 48.97 31.87 curveto
49.26 31.95 49.8 32.62 49.96 32.27 curveto
50.12 31.91 50.33 31.5 50.33 31.5 curveto
 closepath stroke
newpath 37.97 30.51 moveto
34.43 28.06 lineto
34.43 28.06 32.13 27.03 32.51 29.06 curveto
32.89 31.09 33.56 30.65 34.29 31.26 curveto
35.02 31.86 37.43 33.01 37.43 33.01 curveto
37.43 33.01 39.14 33.48 39.35 32.69 curveto
39.6 31.77 39.3 31.36 38.66 31.04 curveto
38.18 30.81 37.97 30.51 37.97 30.51 curveto closepath stroke
newpath 48.25 35.19 moveto
48.25 35.19 44.47 32.76 44.25 32.75 curveto
44.03 32.74 41.91 31.72 42.01 33.63 curveto
42.11 35.54 41.7 36.82 44.15 37.61 curveto
46.6 38.4 46.96 39.35 48.75 38.71 curveto
50.54 38.06 49.87 37.37 49.85 36.97 curveto
49.8 35.78 48.25 35.19 48.25 35.19 curveto closepath stroke
newpath 30.21 26.3 moveto
30.21 26.3 32.55 22.19 32.37 19.59 curveto
32.19 17 33.21 15.27 30.02 13.78 curveto
26.84 12.29 24.41 12.74 23.55 12.59 curveto
22.69 12.45 15.86 12.19 15.49 12.39 curveto
15.13 12.58 13.44 13.15 13.76 15.01 curveto
14.08 16.87 15.18 17.97 17.29 19.33 curveto
19.39 20.68 23.02 23.29 23.79 24.01 curveto
24.55 24.72 27.71 27.45 28.03 27.57 curveto
28.35 27.69 28.54 28.04 29.53 27.17 curveto
30.03 26.72 30.21 26.3 30.21 26.3 curveto closepath stroke
newpath -67.89 10.97 moveto
-67.02 10.87 -65.5 10.61 -65.39 9.85 curveto
-65.29 9.1 -65.14 8.24 -66.61 7.06 curveto
-68.07 5.88 -68.53 4.86 -69.49 5.32 curveto
-70.44 5.78 -70.68 7.03 -70.31 7.77 curveto
-69.95 8.51 -69.45 9.64 -69.26 10.09 curveto
-69.06 10.53 -69.26 10.91 -68.39 10.99 curveto
-67.53 11.06 -68.76 11.08 -67.89 10.97 curveto closepath stroke
newpath -68.6 19.12 moveto
-68.13 18.28 -67.86 17.96 -68.02 17.35 curveto
-68.17 16.73 -69.17 14.92 -69.85 14.78 curveto
-70.53 14.64 -71.26 14.76 -71.49 15.21 curveto
-71.73 15.67 -71.79 17.22 -70.99 17.83 curveto
-70.19 18.44 -70.08 19.35 -69.76 19.47 curveto
-69.45 19.59 -68.75 19.44 -68.75 19.44 curveto
-68.75 19.44 -69.07 19.97 -68.6 19.12 curveto closepath stroke
newpath -56.07 27.08 moveto
-56.41 26.42 -59.14 22.92 -59.37 22.47 curveto
-59.61 22.03 -60.9 20.17 -61.36 20.08 curveto
-61.82 19.99 -62.14 19.76 -62.14 19.76 curveto
-62.14 19.76 -64.29 21.22 -64.3 21.51 curveto
-64.32 21.79 -63.53 24.57 -63.23 25.01 curveto
-62.92 25.46 -60.41 28.09 -59.98 28.29 curveto
-59.56 28.48 -57.49 29.08 -57.24 28.98 curveto
-56.98 28.88 -55.89 28.75 -55.92 27.7 curveto
-55.95 26.66 -55.74 27.75 -56.07 27.08 curveto closepath stroke
newpath -62.22 19.22 moveto
-62.17 18.75 -61.8 16.93 -63.17 15.97 curveto
-64.53 15.01 -66.13 14.58 -66.56 15.21 curveto
-66.98 15.84 -67.72 17.21 -67.43 17.95 curveto
-67.14 18.68 -65.58 20.22 -65.37 20.27 curveto
-65.15 20.32 -64.69 20.55 -64.3 20.5 curveto
-63.9 20.44 -62.64 19.74 -62.64 19.74 curveto
-62.64 19.74 -62.28 19.68 -62.22 19.22 curveto closepath stroke
newpath -87.7 -147.44 moveto
-87.7 -147.44 -86.9 -142.58 -86.16 -141.32 curveto
-85.42 -140.07 -82.43 -134.17 -81.74 -133.5 curveto
-81.05 -132.82 -79.51 -128.28 -77.21 -128.19 curveto
-74.91 -128.09 -72.63 -129.21 -72.02 -129.84 curveto
-71.42 -130.46 -68.9 -132.01 -67.76 -131.89 curveto
-66.61 -131.77 -65.16 -131.99 -63.83 -132.8 curveto
-62.49 -133.61 -56.92 -139.28 -54.94 -138.33 curveto
-52.96 -137.38 -51.76 -135.24 -52.17 -133.96 curveto
-52.59 -132.68 -53.63 -128.54 -53.16 -127.66 curveto
-52.7 -126.78 -51.6 -123.7 -51.38 -122.11 curveto
-51.16 -120.51 -50.7 -114.51 -50.49 -114.29 curveto
-50.29 -114.06 -47.79 -110.21 -47.67 -109.55 curveto
-47.55 -108.9 -46.49 -101.86 -44.69 -100.06 curveto
-43.4 -98.76 -43.08 -97.25 -41.19 -95.94 curveto
-40.29 -95.32 -38.52 -94.31 -37.37 -96.07 curveto
-37.14 -96.41 -31.35 -95.23 -28.46 -95.4 curveto
-25.57 -95.56 -19.82 -98.63 -17.4 -101.27 curveto
-14.98 -103.9 -14.96 -105.99 -12.63 -104.88 curveto
-10.3 -103.77 -5.01 -101.17 -2.14 -100.76 curveto
0.72 -100.34 7.7 -100.05 9.04 -101.14 curveto
10.39 -102.24 12.18 -105.33 15.05 -106.72 curveto
17.92 -108.11 21.86 -107.65 23.64 -103.83 curveto
25.43 -100.01 26.06 -99.62 29.27 -97.1 curveto
32.47 -94.59 34.46 -90.54 36.64 -89.29 curveto
38.82 -88.05 40.9 -86.09 44.01 -86.24 curveto
47.11 -86.4 50.89 -87.1 52.75 -86.73 curveto
54.61 -86.36 60.01 -84.62 61.74 -82.96 curveto
63.47 -81.3 68.62 -78.63 70.1 -77.84 curveto
71.58 -77.06 76.92 -72.29 78.06 -70.3 curveto
79.2 -68.3 82.29 -63.12 85.35 -62.2 curveto
86.49 -61.86 89.5 -58.06 90.44 -56.43 curveto
91.38 -54.81 90.56 -52.61 94.7 -53.3 curveto
98.84 -53.99 102.99 -55.11 104.89 -54.02 curveto
106.79 -52.93 108 -52.51 108.73 -52.63 curveto
109.45 -52.74 114.98 -54.02 116.26 -53.67 curveto
117.55 -53.33 120.7 -52.83 122.41 -52.54 curveto
124.13 -52.25 126.58 -53.81 129.04 -52.4 curveto
131.5 -51 136.89 -47.24 137.86 -46.33 curveto
138.83 -45.43 143.58 -41.91 143.22 -37.02 curveto
142.87 -32.14 139.3 -21.05 138.11 -18.43 curveto
136.91 -15.82 136.81 -13.44 134.97 -12.59 curveto
133.13 -11.73 129.85 -9.06 127.77 -9.43 curveto
125.7 -9.81 124.28 -10.3 123.18 -11.58 curveto
122.08 -12.85 118.08 -13.52 118.13 -14.82 curveto
118.19 -16.11 118.63 -18.04 116.62 -21.52 curveto
115.44 -23.55 116.43 -25.49 115.1 -26.41 curveto
113.77 -27.33 112.28 -31.36 104.74 -31.9 curveto
100.21 -32.23 101.66 -32.39 99.52 -32.85 curveto
97.38 -33.3 94.88 -32.11 94.21 -31.7 curveto
93.54 -31.3 93.39 -31.02 90.87 -31.12 curveto
88.35 -31.23 86.6 -30.73 85.74 -29.25 curveto
84.89 -27.77 81.72 -24.52 81.19 -23.89 curveto
80.66 -23.27 78.89 -20.6 75.42 -20.39 curveto
71.95 -20.18 68.74 -19.38 68.44 -19.03 curveto
68.14 -18.68 66.53 -14.86 64.95 -15 curveto
63.37 -15.14 60.63 -14.97 60.1 -10.96 curveto
59.91 -9.53 59.46 -6.23 59.47 -4.65 curveto
59.47 -3.06 58.27 -3.55 58.31 0.56 curveto
58.35 4.67 56.45 6.97 59.91 8.49 curveto
63.38 10.01 67.2 9.95 69.38 11.35 curveto
71.55 12.74 73.95 15.58 76.11 15.6 curveto
78.27 15.62 81.43 15.9 82.87 15.89 curveto
84.32 15.88 86.26 15.82 86.63 19 curveto
87 22.19 88.03 25.04 87.51 27.18 curveto
86.98 29.32 85.58 31.85 91.89 37.74 curveto
98.19 43.63 101.32 44.63 101.75 46.31 curveto stroke
newpath 23.1 63.83 moveto
19.28 62.23 13.14 62.54 2.76 57.49 curveto
1.37 56.81 -4.71 55.22 -5.22 55.35 curveto
-5.73 55.47 -6.96 55.63 -10.06 53.98 curveto
-13.16 52.34 -13.01 50.47 -16.44 51.48 curveto
-19.87 52.49 -22.09 53.83 -26.48 53.65 curveto
-30.86 53.46 -33.35 52.7 -36.71 53.64 curveto
-40.06 54.58 -42.32 55.06 -43.01 55.97 curveto
-43.69 56.87 -43.61 59.98 -43.61 59.98 curveto
-43.61 59.98 -44.83 61.58 -45.07 63.66 curveto
-45.3 65.74 -44.65 67.43 -44.97 69.94 curveto
-45.3 72.44 -45.46 76.26 -48.39 75.56 curveto
-51.31 74.85 -53.63 73.46 -54.13 71.78 curveto
-54.64 70.1 -57.99 65.92 -57.9 63.76 curveto
-57.81 61.6 -58.77 57.31 -62.22 57.02 curveto
-65.67 56.73 -65.12 55.6 -65.59 54.93 curveto
-66.07 54.26 -69.29 52.17 -68.93 48.66 curveto
-68.56 45.14 -67.3 44.33 -70.37 41.96 curveto
-73.44 39.6 -71.99 41.25 -73.82 38.36 curveto
-75.64 35.47 -81.2 27.3 -81.85 25.76 curveto
-82.51 24.22 -84.47 17.79 -85.84 16.22 curveto
-87.21 14.65 -89.11 11.69 -90.9 9.81 curveto
-92.69 7.93 -92.65 6.99 -92.73 3.82 curveto
-92.81 0.65 -94.48 -2.6 -95.6 -5.02 curveto
-96.72 -7.45 -99.63 -13.48 -99.98 -15.37 curveto
-100.33 -17.26 -102.99 -22.49 -104.22 -24.13 curveto
-105.45 -25.76 -104.88 -27.32 -105.89 -29.03 curveto
-106.89 -30.73 -110.54 -31.39 -110.09 -33.6 curveto
-109.63 -35.82 -109.45 -36.67 -107.99 -38.7 curveto
-106.54 -40.73 -103.13 -41.16 -102.98 -42.95 curveto
-102.84 -44.75 -102.4 -46.6 -105.7 -50.13 curveto
-106.74 -51.24 -112.45 -55.97 -112.78 -58.36 curveto
-113.11 -60.75 -113.67 -62.72 -113.16 -64.58 curveto
-112.65 -66.43 -112.29 -66.27 -111.76 -68.55 curveto
-111.23 -70.84 -112.42 -71.75 -112.76 -74 curveto
-113.09 -76.25 -114.3 -83.36 -116.17 -85.24 curveto
-118.03 -87.13 -119.59 -87.84 -120.43 -89.97 curveto
-121.28 -92.09 -122.88 -96.77 -123.01 -98.72 curveto
-123.14 -100.68 -125.63 -108.21 -126.51 -109.47 curveto
-127.4 -110.73 -132.69 -118.52 -133.31 -120.86 curveto
-133.93 -123.19 -136.13 -125.59 -137.05 -127.72 curveto
-137.97 -129.85 -139.12 -129.75 -140.71 -133.21 curveto
-142.29 -136.66 -142.62 -137.33 -142.62 -137.33 curveto stroke
showpage
%%EOF
