%!PS
%%BoundingBox: -1 -1 101 101 
%%HiResBoundingBox: -0.35 -0.35 100.35 100.35 
%%Creator: MetaPost 1.209
%%CreationDate: 2014.08.12:0807
%%Pages: 1
%%BeginProlog
%%EndProlog
%%Page: 1 1
gsave newpath 0 0 moveto
100 0 lineto
100 100 lineto
0 100 lineto
 closepath clip
 0.8 0.8 0.8 setrgbcolor
newpath 0 0 moveto
113.3314 0 226.66798 0 339.99939 0 curveto
339.99939 113.3314 339.99939 226.66798 339.99939 339.99939 curveto
226.66798 339.99939 113.3314 339.99939 0 339.99939 curveto
0 226.66798 0 113.3314 0 0 curveto closepath fill
gsave newpath 0.00005 0 moveto
106.75978 0 lineto
106.75978 65.97714 lineto
0 65.97714 lineto
0 -0.00005 lineto
 closepath clip
 0 0 0 setrgbcolor 0 1.7 dtransform truncate idtransform setlinewidth pop
 [] 0 setdash 1 setlinejoin 10 setmiterlimit
newpath -16.30266 -21.60461 moveto
-15.20477 -21.67398 -14.20775 -21.02719 -13.65034 -20.06886 curveto
-12.77031 -18.55585 -12.59055 -16.77626 -12.48036 -15.03264 curveto
-12.37016 -13.289 -12.32457 -11.50102 -13.00714 -9.88922 curveto
-13.4394 -8.86833 -14.34709 -8.10118 -15.44498 -8.03181 curveto
-16.54286 -7.96246 -17.53989 -8.60924 -18.09727 -9.56757 curveto
-18.97731 -11.08058 -19.15707 -12.86017 -19.26727 -14.60379 curveto
-19.37747 -16.34743 -19.42307 -18.1354 -18.74048 -19.74721 curveto
-18.30823 -20.7681 -17.40053 -21.53525 -16.30266 -21.60461 curveto closepath
 stroke
newpath -19.77554 43.34178 moveto
-20.23125 42.34055 -19.98192 41.1786 -19.2848 40.31651 curveto
-18.18423 38.95544 -16.58534 38.1538 -14.99522 37.43002 curveto
-13.40512 36.70625 -11.75052 36.02704 -10.00133 36.0909 curveto
-8.89345 36.13142 -7.85335 36.70651 -7.39764 37.70773 curveto
-6.94193 38.70897 -7.19127 39.87091 -7.88837 40.733 curveto
-8.98895 42.09407 -10.58783 42.89572 -12.17795 43.61949 curveto
-13.76807 44.34326 -15.42267 45.02248 -17.17184 44.95862 curveto
-18.27974 44.91809 -19.31982 44.343 -19.77554 43.34178 curveto closepath stroke
newpath 50.52084 -15.43227 moveto
51.24597 -14.60504 51.34236 -13.42043 50.9235 -12.39398 curveto
50.26218 -10.7734 48.96248 -9.5447 47.64868 -8.39307 curveto
46.33488 -7.24144 44.94647 -6.11388 43.25317 -5.67056 curveto
42.18071 -5.38985 41.01901 -5.64053 40.29388 -6.46774 curveto
39.56877 -7.29497 39.47238 -8.4796 39.89125 -9.50604 curveto
40.55257 -11.1266 41.85225 -12.35533 43.16606 -13.50696 curveto
44.47986 -14.65858 45.86827 -15.78613 47.56157 -16.22945 curveto
48.63403 -16.51018 49.79573 -16.25949 50.52084 -15.43227 curveto closepath
 stroke
newpath 45.1308 40.40465 moveto
46.20612 40.17259 47.28838 40.66374 47.98222 41.52837 curveto
49.0776 42.89354 49.5204 44.62642 49.88896 46.3342 curveto
50.2575 48.04198 50.56883 49.8033 50.13388 51.49873 curveto
49.8584 52.57254 49.07506 53.46628 47.99976 53.69833 curveto
46.92444 53.93039 45.84218 53.43924 45.14833 52.57462 curveto
44.05295 51.20946 43.61015 49.47656 43.2416 47.76878 curveto
42.87305 46.061 42.5617 44.29968 42.99667 42.60425 curveto
43.27216 41.53044 44.05548 40.63672 45.1308 40.40465 curveto closepath stroke
newpath 84.68307 -10.62431 moveto
84.40489 -11.68861 84.84888 -12.79102 85.68285 -13.52142 curveto
86.9995 -14.67477 88.71175 -15.1918 90.40204 -15.63367 curveto
92.09233 -16.07553 93.83861 -16.46245 95.55121 -16.101 curveto
96.63597 -15.87206 97.56264 -15.12794 97.84082 -14.06363 curveto
98.119 -12.99931 97.67502 -11.89691 96.84105 -11.1665 curveto
95.52438 -10.01317 93.81215 -9.49612 92.12186 -9.05428 curveto
90.43156 -8.61241 88.68529 -8.2255 86.97269 -8.58693 curveto
85.88792 -8.81589 84.96124 -9.56 84.68307 -10.62431 curveto closepath stroke
newpath 103.10776 36.88269 moveto
102.82097 37.94472 101.88828 38.6813 100.80176 38.90144 curveto
99.08624 39.24904 97.34325 38.8479 95.65659 38.3924 curveto
93.96991 37.93689 92.26198 37.40594 90.95467 36.24208 curveto
90.12671 35.50482 89.69165 34.39894 89.97844 33.33691 curveto
90.26523 32.27489 91.19792 31.5383 92.28444 31.31818 curveto
93.99995 30.97058 95.74297 31.3717 97.42963 31.82721 curveto
99.11629 32.28271 100.82422 32.81366 102.13155 33.97752 curveto
102.95949 34.7148 103.39455 35.82066 103.10776 36.88269 curveto closepath
 stroke
grestore
grestore
 0 0 0 setrgbcolor 0 0.7 dtransform truncate idtransform setlinewidth pop
 [] 0 setdash 1 setlinejoin 10 setmiterlimit
newpath 0 0 moveto
100 0 lineto
100 100 lineto
0 100 lineto
 closepath stroke
showpage
%%EOF
