%!PS
%%BoundingBox: -222 -157 222 158 
%%HiResBoundingBox: -221.41 -156.62204 221.12001 157.50987 
%%Creator: MetaPost 1.209
%%CreationDate: 2014.08.12:0807
%%Pages: 1
%%BeginProlog
%%EndProlog
%%Page: 1 1
 0 0 0 setrgbcolor 0 1 dtransform truncate idtransform setlinewidth pop
 [] 0 setdash 1 setlinecap 1 setlinejoin 10 setmiterlimit
newpath -59.62 -78.24 moveto
-57.09 -78.56 -49.49 -76 -45.55 -78.65 curveto
-41.62 -81.29 -35.98 -88.47 -33.41 -91.39 curveto
-30.83 -94.3 -7.62 -118.03 -2.43 -128.26 curveto
2.76 -138.48 8.67 -143.56 15.14 -146.39 curveto
21.6 -149.21 33.5 -144.38 36.34 -145.19 curveto
39.19 -146.01 57.95 -149.96 60.99 -151.92 curveto
64.03 -153.88 74.12 -157.41 76.93 -155.64 curveto
79.74 -153.86 95.84 -141.14 97.42 -139.41 curveto
99.01 -137.69 112.56 -122.69 120.24 -115.23 curveto
127.92 -107.77 139.89 -96.02 141.96 -92.25 curveto
144.03 -88.49 143.19 -90.69 146.32 -79.67 curveto
149.46 -68.66 147.71 -69.96 151.52 -68.07 curveto
155.33 -66.17 160.17 -64.67 160.84 -63.56 curveto
161.51 -62.45 187.11 -42.41 187.45 -40.37 curveto
187.8 -38.34 185.06 -19.87 188.73 -7.89 curveto
189.54 -5.24 187.45 0.27 192.77 8.86 curveto
198.1 17.44 200.62 14.24 199.95 21.49 curveto
199.28 28.73 198.92 33.69 198.78 36.93 curveto
198.64 40.17 199.9 39.36 201.65 40.65 curveto
203.4 41.95 208.75 43.19 211.39 45.32 curveto
214.04 47.45 220.07 49.8 220.33 53.78 curveto
220.59 57.75 220.86 61.73 220.25 64.08 curveto
219.65 66.43 217.93 71.26 213.09 68.1 curveto
208.25 64.93 209.28 64.4 207.81 63.47 curveto
206.34 62.55 203.28 61.48 201.11 61.6 curveto
198.95 61.73 196.64 59.97 194.99 61.7 curveto
193.33 63.43 191.76 63.08 188.71 75.27 curveto
185.67 87.46 185.03 88.88 183.92 92.94 curveto
182.81 97 178.55 114.04 175.69 117.02 curveto
172.82 119.99 167.89 125.83 165.51 127.46 curveto
163.14 129.09 153.36 133.5 151.51 134.72 curveto
149.66 135.94 149.44 135.93 149.63 136.51 curveto stroke
newpath 120.55 141.68 moveto
120.55 141.68 114.35 142.57 111.06 141.93 curveto
107.77 141.28 103.76 142.55 97.96 143.31 curveto
92.16 144.08 63.04 154.36 60.14 154.81 curveto
57.24 155.27 55.15 156.84 31.73 156.92 curveto
28.56 156.93 25.49 157.95 22.89 152.86 curveto
20.3 147.78 17.63 146.23 19.48 141.62 curveto
19.92 140.52 19.3 129 19.3 129 curveto
19.3 129 20.17 118.66 19.37 113.8 curveto
18.57 108.94 20.44 109.02 11.49 104.31 curveto
2.54 99.6 -12.28 94 -14.93 88.48 curveto
-17.58 82.96 -19.16 82.97 -21.12 79.93 curveto
-23.08 76.89 -26.43 74.23 -29.81 72.43 curveto
-33.19 70.62 -39.13 64.46 -41.4 61.99 curveto
-43.67 59.51 -48.95 53.09 -50.97 51.56 curveto stroke
newpath -220.91 -50.98 moveto
-218.19 -50.65 -216.02 -50.85 -214.75 -51.87 curveto
-213.48 -52.9 -208.36 -54.77 -207 -54.57 curveto
-205.63 -54.37 -200.81 -54.23 -199.77 -55.12 curveto
-198.72 -56.02 -198.04 -54.98 -196.21 -57.28 curveto
-194.39 -59.58 -192.92 -61.75 -189.36 -62.53 curveto
-185.79 -63.32 -185.37 -64.81 -182.68 -67.08 curveto
-179.99 -69.34 -175.44 -72.96 -173.54 -75.12 curveto
-171.65 -77.27 -163.18 -86.49 -160.38 -87.96 curveto
-157.58 -89.42 -148.23 -92.41 -145.06 -92.42 curveto
-141.89 -92.42 -123.58 -92.5 -121.91 -91.14 curveto
-120.24 -89.77 -112.38 -78.12 -110.66 -74.44 curveto
-108.95 -70.76 -108.89 -65.43 -104.25 -62.71 curveto
-99.61 -59.99 -94.06 -56.58 -90.16 -58.43 curveto
-86.26 -60.28 -85.04 -61.81 -82.22 -63.93 curveto
-79.39 -66.04 -69.28 -73.1 -67.45 -73.82 curveto
-65.62 -74.53 -62.16 -77.92 -59.62 -78.24 curveto stroke
newpath -50.97 51.56 moveto
-53 50.03 -61.84 44.47 -63.02 43.26 curveto
-64.19 42.06 -65.29 40.86 -66.27 40.24 curveto
-67.26 39.62 -70.39 38.77 -72.62 38.53 curveto
-74.84 38.29 -82.04 34.81 -82.99 33.4 curveto
-83.94 31.99 -84.87 31.73 -86.08 31.46 curveto
-87.29 31.19 -88.49 32.29 -89.89 31.15 curveto
-91.28 30.01 -90.77 29.89 -92.3 28.74 curveto
-93.84 27.6 -98.67 27.68 -99.54 27.71 curveto
-100.41 27.75 -104.72 25.76 -106.88 25.74 curveto
-109.04 25.72 -111.08 26.21 -114.17 26.15 curveto
-117.27 26.09 -119.41 23.98 -119.68 23.47 curveto
-119.95 22.95 -122.31 20.9 -124.59 20.37 curveto
-126.87 19.84 -124.87 20.15 -129.36 17.22 curveto
-133.84 14.29 -136.02 12.9 -137.86 12.24 curveto
-139.71 11.58 -144.19 8.51 -147.75 7.56 curveto
-151.32 6.62 -151.76 6.89 -152.17 6.44 curveto
-152.59 5.99 -153.56 5.23 -154.17 4.26 curveto
-154.78 3.3 -155.47 2.69 -156.4 2.44 curveto
-157.32 2.18 -157.11 0.61 -165.75 3.77 curveto
-174.39 6.93 -175 7.77 -185.03 6.33 curveto
-189.91 5.63 -189.19 5.86 -200.87 4.28 curveto
-212.55 2.7 -214.1 1.91 -215.11 2.09 curveto stroke
 0 0.5 dtransform truncate idtransform setlinewidth pop
newpath -56.79732 -52.48392 moveto
-58.45233 -52.42033 -59.12909 -55.19212 -60.88646 -54.7285 curveto
-63.1667 -54.12695 -60.83945 -49.39346 -63.67714 -49.2175 curveto
-66.75667 -49.02652 -64.64201 -54.15248 -66.88982 -54.6982 curveto
-69.41217 -55.3106 -69.06485 -51.36394 -70.72557 -50.34758 curveto
-72.74792 -49.10992 -74.65541 -51.79782 -76.78267 -51.7161 curveto stroke
newpath -73.09462 -48.36746 moveto
-74.45227 -49.09995 -75.24095 -51.1458 -76.78267 -51.7161 curveto
-75.28926 -52.403 -73.28491 -51.5141 -71.80699 -51.95619 curveto
 closepath stroke
newpath -73.09462 -48.36746 moveto
-74.45227 -49.09995 -75.24095 -51.1458 -76.78267 -51.7161 curveto
-75.28926 -52.403 -73.28491 -51.5141 -71.80699 -51.95619 curveto
 closepath fill
newpath -57.03503 -65.3837 moveto
-58.66557 -65.09325 -59.71687 -67.7457 -61.39383 -67.04494 curveto
-63.56973 -66.1357 -60.614 -61.76704 -63.40054 -61.20273 curveto
-66.42456 -60.59032 -65.03453 -65.95819 -67.33598 -66.18979 curveto
-69.91855 -66.44968 -69.03207 -62.58827 -70.53734 -61.35332 curveto
-72.37036 -59.84946 -74.62917 -62.24963 -76.72498 -61.87631 curveto stroke
newpath -72.61171 -59.0664 moveto
-74.05714 -59.60532 -75.11952 -61.52333 -76.72498 -61.87631 curveto
-75.34016 -62.76195 -73.2327 -62.15698 -71.82957 -62.79799 curveto
 closepath stroke
newpath -72.61171 -59.0664 moveto
-74.05714 -59.60532 -75.11952 -61.52333 -76.72498 -61.87631 curveto
-75.34016 -62.76195 -73.2327 -62.15698 -71.82957 -62.79799 curveto
 closepath fill
newpath -78.44952 -53.04898 moveto
-80.0992 -52.90175 -80.91533 -55.63576 -82.647 -55.0838 curveto
-84.89389 -54.36768 -82.33012 -49.75798 -85.1553 -49.43866 curveto
-88.22122 -49.09215 -86.36859 -54.31851 -88.64114 -54.74983 curveto
-91.19125 -55.23383 -90.64471 -51.30978 -92.25189 -50.2107 curveto
-94.20903 -48.87233 -96.25008 -51.46027 -98.37048 -51.27103 curveto stroke
newpath -94.51772 -48.11327 moveto
-95.91069 -48.77612 -96.80188 -50.77946 -98.37048 -51.27103 curveto
-96.91373 -52.03261 -94.86699 -51.24626 -93.41331 -51.76253 curveto
 closepath stroke
newpath -94.51772 -48.11327 moveto
-95.91069 -48.77612 -96.80188 -50.77946 -98.37048 -51.27103 curveto
-96.91373 -52.03261 -94.86699 -51.24626 -93.41331 -51.76253 curveto
 closepath fill
newpath -49.94707 5.35255 moveto
-50.6945 4.99605 -50.34988 3.6117 -51.23563 3.40848 curveto
-52.38487 3.1448 -52.45479 5.7812 -53.75192 5.19955 curveto
-55.15959 4.56836 -53.03207 2.79062 -53.90031 2.0266 curveto
-54.87463 1.16924 -55.63815 2.99713 -56.60957 3.06108 curveto
-57.79251 3.13895 -58.01222 1.50568 -58.97295 1.04744 curveto stroke
newpath -58.11855 3.38704 moveto
-58.54935 2.74724 -58.42299 1.65823 -58.97295 1.04744 curveto
-58.15218 1.09045 -57.47147 1.94981 -56.71443 2.09761 curveto
 closepath stroke
newpath -58.11855 3.38704 moveto
-58.54935 2.74724 -58.42299 1.65823 -58.97295 1.04744 curveto
-58.15218 1.09045 -57.47147 1.94981 -56.71443 2.09761 curveto
 closepath fill
newpath -36.99286 -8.91495 moveto
-37.53397 -8.28807 -38.77832 -8.98578 -39.20805 -8.18509 curveto
-39.76564 -7.14613 -37.24113 -6.383 -38.14445 -5.28534 curveto
-39.12474 -4.09413 -40.27805 -6.61536 -41.24411 -5.97949 curveto
-42.32817 -5.26596 -40.76657 -4.04715 -40.96123 -3.0933 curveto
-41.19827 -1.93175 -42.83162 -2.1508 -43.52713 -1.34506 curveto stroke
newpath -41.045 -1.55177 moveto
-41.7758 -1.30511 -42.79286 -1.71436 -43.52713 -1.34506 curveto
-43.26906 -2.1254 -42.26054 -2.5552 -41.91821 -3.2464 curveto
 closepath stroke
newpath -41.045 -1.55177 moveto
-41.7758 -1.30511 -42.79286 -1.71436 -43.52713 -1.34506 curveto
-43.26906 -2.1254 -42.26054 -2.5552 -41.91821 -3.2464 curveto
 closepath fill
showpage
%%EOF
