%!PS
%%BoundingBox: -1 -1 101 101 
%%HiResBoundingBox: -0.35 -0.35 100.35 100.35 
%%Creator: MetaPost 1.209
%%CreationDate: 2014.07.31:1514
%%Pages: 1
%%BeginProlog
%%EndProlog
%%Page: 1 1
gsave newpath 0 0 moveto
100 0 lineto
100 100 lineto
0 100 lineto
 closepath clip
 0.8 0.8 0.8 setrgbcolor
newpath 0 0 moveto
113.3314 0 226.66798 0 339.99939 0 curveto
339.99939 113.3314 339.99939 226.66798 339.99939 339.99939 curveto
226.66798 339.99939 113.3314 339.99939 0 339.99939 curveto
0 226.66798 0 113.3314 0 0 curveto closepath fill
 0 0 0 setrgbcolor 0 1.7 dtransform truncate idtransform setlinewidth pop
 [] 0 setdash 1 setlinejoin 10 setmiterlimit
newpath 57.62988 38.42871 moveto
57.62988 39.55595 57.18205 40.63687 56.38503 41.43385 curveto
55.58806 42.23088 54.50714 42.6787 53.3799 42.6787 curveto
52.25266 42.6787 51.17174 42.23088 50.37476 41.43385 curveto
49.57773 40.63687 49.1299 39.55595 49.1299 38.42871 curveto
49.1299 37.30147 49.57773 36.22055 50.37476 35.42357 curveto
51.17174 34.62654 52.25266 34.17871 53.3799 34.17871 curveto
54.50714 34.17871 55.58806 34.62654 56.38503 35.42357 curveto
57.18205 36.22055 57.62988 37.30147 57.62988 38.42871 curveto closepath stroke
newpath 46.5436 33.94914 moveto
45.56737 33.38553 44.85521 32.45718 44.56349 31.3685 curveto
44.27173 30.2798 44.42435 29.11977 44.98798 28.14354 curveto
45.55159 27.16731 46.47993 26.45511 47.56868 26.16339 curveto
48.65738 25.87167 49.81737 26.0243 50.79358 26.58792 curveto
51.7698 27.15155 52.48201 28.07983 52.77373 29.16853 curveto
53.0655 30.25728 52.91283 31.41731 52.3492 32.39354 curveto
51.78558 33.36975 50.85728 34.08195 49.76854 34.37363 curveto
48.67984 34.66534 47.5198 34.51277 46.5436 33.94914 curveto closepath stroke
newpath 55.9662 26.58792 moveto
56.94243 26.0243 58.1024 25.87167 59.1911 26.16339 curveto
60.27986 26.45511 61.20819 27.16731 61.77182 28.14354 curveto
62.33543 29.11977 62.48807 30.2798 62.19629 31.3685 curveto
61.90457 32.45718 61.19241 33.38553 60.2162 33.94914 curveto
59.23997 34.51277 58.07994 34.66534 56.99124 34.37363 curveto
55.9025 34.08195 54.97421 33.36975 54.41058 32.39354 curveto
53.84697 31.41731 53.69429 30.25728 53.98605 29.16853 curveto
54.27777 28.07983 54.98999 27.15155 55.9662 26.58792 curveto closepath stroke
grestore
 0 0 0 setrgbcolor 0 0.7 dtransform truncate idtransform setlinewidth pop
 [] 0 setdash 1 setlinejoin 10 setmiterlimit
newpath 0 0 moveto
100 0 lineto
100 100 lineto
0 100 lineto
 closepath stroke
showpage
%%EOF
