%!PS
%%BoundingBox: -163 -225 161 226 
%%HiResBoundingBox: -162.70985 -224.24501 160.81691 225.185 
%%Creator: MetaPost 1.209
%%CreationDate: 2014.08.12:0807
%%Pages: 1
%%BeginProlog
%%EndProlog
%%Page: 1 1
 0 0 0 setrgbcolor 0 0.35 dtransform truncate idtransform setlinewidth pop
 [] 0 setdash 1 setlinecap 1 setlinejoin 10 setmiterlimit
newpath 52.18 -211.4 moveto
55.79 -200.2 55.93 -178.27 55.27 -175.16 curveto
54.61 -172.04 47.72 -157.97 46.02 -155.32 curveto
44.35 -152.7 44.86 -143.16 44.68 -136.47 curveto
44.5 -129.52 52.39 -113.68 52.39 -113.68 curveto
52.39 -113.68 55.57 -92.29 56.12 -88.65 curveto
56.66 -85.07 53.8 -86.02 52.88 -86 curveto
51.96 -85.98 49.58 -87.87 48.87 -90.99 curveto
48.18 -94.08 43.91 -96.25 43.91 -96.25 curveto
43.91 -96.25 44.05 -94.3 44.15 -93.31 curveto
44.27 -92.12 45.39 -86.7 43.5 -80.99 curveto
42.27 -77.24 44.61 -70.09 45.48 -68.26 curveto
46.37 -66.39 51.89 -52.31 52.06 -51.08 curveto
52.22 -49.85 56.17 -41.13 55.62 -38.75 curveto
55.2 -36.93 55.59 -35.25 56.16 -34.07 curveto
56.73 -32.88 59.08 -25.32 55.24 -18.54 curveto
51.47 -11.87 51.32 0.5 52.67 5.24 curveto
54 9.93 55.87 14.68 56.74 20.05 curveto
58.66 31.81 55.14 34.76 53.11 36.91 curveto
51.08 39.07 47.82 45.64 47.63 47.44 curveto
47.44 49.24 44.78 57.67 41.02 62.96 curveto
37.24 68.3 40.5 75.44 42.61 79.41 curveto
44.6 83.17 42.65 83.61 47.3 85.02 curveto
51.96 86.43 51.73 90.55 53.72 101.2 curveto
55.66 111.58 62.42 109.77 66.26 109.53 curveto
70.2 109.28 82.55 109 93.23 105.22 curveto
103.76 101.5 130.37 109.25 131.95 110.34 curveto
133.54 111.42 148.74 117.73 155.92 119.6 curveto
163.02 121.44 160.06 125.39 159.87 134.21 curveto
159.68 142.98 151.32 153.77 150.54 155.63 curveto
149.76 157.49 150.41 168.5 152.66 174.34 curveto
154.9 180.14 157.61 186.73 160.39 191.47 curveto stroke
newpath 147.21 225.01 moveto
147.21 225.01 142.7 221.45 137.09 215.01 curveto
131.42 208.5 127.21 195.63 125.18 195.97 curveto
123.16 196.32 120.68 196.93 114.92 194.75 curveto
109.13 192.55 107.6 182.72 104.9 178.65 curveto
102.2 174.56 99.53 172.49 85.97 163.52 curveto
72.38 154.52 48.57 150.23 40.5 145.83 curveto
32.1 141.26 18.24 128.5 18.34 124.56 curveto
18.7 111.51 12.43 116.26 10.35 116.68 curveto
8.27 117.1 -1.52 123.4 -6.21 128.28 curveto
-10.88 133.15 -18.14 137.44 -25.19 138.63 curveto
-32.37 139.85 -32.67 131.28 -31.14 128.57 curveto
-29.61 125.88 -31.68 118.27 -32.4 113.88 curveto
-33.11 109.52 -41.51 101.56 -42.62 100.66 curveto
-43.73 99.76 -62.45 72.82 -63.87 69.61 curveto
-65.27 66.43 -75.21 57.29 -77.26 54.82 curveto
-79.26 52.42 -82.2 48.15 -84.35 48.07 curveto
-86.58 47.99 -85.27 48.3 -92.17 51.59 curveto
-99.27 54.98 -103.41 51.33 -115.87 51.91 curveto
-128.84 52.52 -129.68 49.25 -133.2 47.73 curveto
-136.72 46.21 -138.46 48 -140.61 49.05 curveto
-142.73 50.08 -142.09 52.36 -146.36 54.48 curveto
-150.65 56.6 -150.14 52.9 -154.37 49.62 curveto
-158.53 46.4 -154.09 43.82 -154.19 38.51 curveto
-154.29 33.36 -152.92 33.15 -154.65 28.3 curveto
-156.35 23.52 -155.35 25.33 -156.21 23.88 curveto
-157.08 22.4 -161.09 18.9 -162.32 11.68 curveto
-163.69 3.7 -158.19 2.55 -154.82 -1.14 curveto
-152.16 -4.06 -154.34 -7.98 -154.39 -15.89 curveto stroke
newpath -154.39 -15.89 moveto
-157.17 -66.42 lineto
-157.17 -66.42 -154.37 -106.51 -151.16 -105.08 curveto
-148.37 -103.83 -142.64 -99.28 -134.38 -123.34 curveto
-128.29 -141.08 -134.63 -130.03 -131.88 -142.84 curveto
-130.29 -150.18 -133.13 -147.53 -135.08 -152.95 curveto
-137.1 -158.56 -134.9 -159.79 -134.9 -159.79 curveto
-134.9 -159.79 -135.75 -161.69 -135.44 -168.16 curveto
-135.14 -174.51 -148.56 -179.59 -152.08 -178.82 curveto stroke
newpath -103.04 -179.35 moveto
-103.04 -179.35 -105.42 -174.41 -108.15 -171.84 curveto
-110.79 -169.36 -112.93 -167.46 -112.62 -161.62 curveto
-112.28 -155.03 -114.39 -151.26 -114.98 -148.12 curveto
-115.53 -145.17 -117.93 -127.76 -120.11 -121.36 curveto
-138.86 -66.19 -139.64 -69.19 -143.14 -67.3 curveto
-143.57 -67.07 -145.47 -63.6 -146.57 -62.6 curveto
-147.39 -61.87 -146.73 -17.01 -146.89 -12.18 curveto
-147 -8.91 -146.73 -8.92 -145.2 -7.49 curveto
-143.37 -5.78 -141.91 3.13 -131.37 3.75 curveto
-128.13 3.94 -122.1 7.41 -119.05 9.37 curveto
-116 11.33 -107.32 22.79 -105.29 24.36 curveto
-103.27 25.92 -103.44 32.35 -94.19 34.92 curveto
-85.29 37.4 -87.04 35.35 -82.59 34.14 curveto
-77.96 32.88 -70.18 25.77 -67.08 30.41 curveto
-64 35 -62.26 41.42 -59.49 44.48 curveto
-56.81 47.45 -53.23 49.8 -50.78 51.65 curveto
-48.32 53.51 -38.72 63.17 -36.93 66.09 curveto
-35.13 69.01 -30.54 80.36 -28.96 82.45 curveto
-27.38 84.55 -28.22 89.56 -23.01 89.92 curveto
-17.87 90.28 -16.59 89.2 -16.13 87.46 curveto
-15.67 85.76 -17.01 83.56 -12.79 84.32 curveto
-8.69 85.05 -2.05 87.04 1.48 88.59 curveto
4.93 90.11 12.9 90.33 16.1 90.4 curveto
19.37 90.47 25.6 90.53 27.09 86.62 curveto
28.63 82.56 29.96 77.82 29.58 74.97 curveto
29.19 72.14 27 63.23 27.69 61.75 curveto
28.38 60.27 29.59 57.25 27.05 52.89 curveto
24.5 48.51 20.83 36.19 28.29 31.76 curveto
35.65 27.39 37.36 27.89 38.06 25.09 curveto
38.76 22.27 38.9 10.94 38.38 8.6 curveto
37.86 6.25 36.06 -2.04 35.69 -3.64 curveto
35.32 -5.22 33.49 -10.68 36.59 -16.42 curveto
39.62 -22.05 42.64 -25.56 43.27 -32.4 curveto
43.83 -38.49 42.14 -39.88 42.19 -41.91 curveto
42.25 -44.1 42.43 -45 42.8 -46.2 curveto
43.18 -47.44 45.41 -52.65 40.35 -50.24 curveto
35.75 -48.05 30.44 -44.55 30.96 -51.53 curveto
31.51 -58.86 33.5 -57.46 33.77 -62.02 curveto
34.02 -66.51 35.17 -71.89 35.12 -76.1 curveto
35.06 -80.47 32.07 -92.27 31.01 -93.22 curveto
29.95 -94.17 32.3 -97.62 29.4 -97.8 curveto
26.5 -97.98 16.16 -96.53 16.31 -102.59 curveto
16.46 -108.7 15.38 -120.05 19.35 -131.51 curveto
20.24 -134.07 20.32 -140.44 18.7 -145.07 curveto
17.12 -149.59 15.73 -154.19 13.42 -159.32 curveto
11.14 -164.37 9.6 -170.45 9.03 -172.24 curveto
8.46 -174.02 7.26 -179.67 7.26 -179.67 curveto stroke
newpath 11.05 -179.33 moveto
12.55 -177.41 17.41 -169.03 17.41 -169.03 curveto
17.41 -169.03 18.25 -164.92 20.49 -164.84 curveto
22.73 -164.76 23.71 -165.62 23.06 -168.29 curveto
22.42 -170.89 16.96 -178.97 16.45 -179.61 curveto
15.95 -180.25 9.35 -189.05 9.49 -190.66 curveto
9.64 -192.27 8.88 -197.71 12.61 -192.95 curveto
16.34 -188.2 18.93 -185.57 19.57 -184.67 curveto
20.21 -183.76 26.9 -176.44 29.51 -175.76 curveto
32.1 -175.09 29.43 -182.29 29.67 -184.43 curveto
29.92 -186.59 28.6 -190.83 29.1 -193 curveto
29.59 -195.19 25.53 -203.06 26.38 -207.44 curveto
27.22 -211.83 25.57 -217.92 28.12 -224.07 curveto stroke
newpath 47.83 -3.77 moveto
47.83 -3.77 48.51 -7.74 48.38 -8.61 curveto
48.25 -9.48 48.55 -12.15 48.14 -13.01 curveto
47.73 -13.87 47.24 -15.61 47.24 -15.61 curveto
47.24 -15.61 44.98 -16.94 44.74 -14.22 curveto
44.5 -11.48 44.52 -6.32 45.07 -4.65 curveto
45.63 -2.98 45.39 -1.03 46.1 -1.56 curveto
46.8 -2.09 47.83 -3.77 47.83 -3.77 curveto closepath stroke
newpath 113.8 115.75 moveto
112.8 115.49 105.33 111.93 103.11 111.84 curveto
100.89 111.75 91.92 112.67 87.06 114.57 curveto
82.16 116.48 76.21 115.47 75.63 124.77 curveto
75.54 126.16 76.13 130.14 82.74 130.46 curveto
89.37 130.79 92.11 130.66 94.44 130.1 curveto
96.77 129.54 102.52 129.78 103.37 130.25 curveto
104.21 130.72 112.08 130.21 113.12 129.08 curveto
114.17 127.95 124.66 126.09 125.32 125.22 curveto
125.97 124.36 129.48 124.02 130.12 121 curveto
130.76 117.98 132.81 115.43 129.68 113.48 curveto
127.23 111.96 124.63 114.16 123.15 114.63 curveto
121.67 115.11 120.83 116.2 117.71 116.25 curveto
114.59 116.3 114.8 116.01 113.8 115.75 curveto closepath stroke
newpath 50.81 -17.94 moveto
50.81 -17.94 53.07 -19.1 53.43 -20.49 curveto
53.8 -21.88 53.62 -24.06 53.34 -24.96 curveto
53.05 -25.86 52.71 -27.01 52.73 -27.78 curveto
52.74 -28.54 51.62 -32.06 49.97 -26.82 curveto
48.31 -21.57 48.28 -22.29 48.15 -20.63 curveto
48.02 -19 47.72 -16.27 48.82 -16.98 curveto
49.93 -17.7 50.81 -17.94 50.81 -17.94 curveto closepath stroke
newpath 50.26 28.67 moveto
51.41 25.02 50.99 20.53 50.74 19.21 curveto
50.5 17.91 49.79 13.75 49.81 11.14 curveto
49.82 8.54 47.46 5.38 47.46 5.38 curveto
47.46 5.38 43.31 6.98 44.28 13.98 curveto
45.25 20.96 45.41 25.42 45.63 27.01 curveto
45.86 28.59 45.49 29.68 46.16 31.18 curveto
46.73 32.46 48.54 31.93 50.26 28.67 curveto stroke
showpage
%%EOF
