%!PS
%%BoundingBox: -124 -139 144 148 
%%HiResBoundingBox: -123.00818 -138.43694 143.23943 147.66002 
%%Creator: MetaPost 1.209
%%CreationDate: 2014.08.12:0807
%%Pages: 1
%%BeginProlog
%%EndProlog
%%Page: 1 1
 0.00002 0.00018 0.00008 setrgbcolor
newpath 87.41571 -30.68013 moveto
87.8082 -31.19328 88.55789 -32.13667 88.98 -32.43 curveto
89.57 -32.84 90.7 -35.53 91.75 -36.64 curveto
92.81 -37.75 93.04 -43.21 93.88 -45.91 curveto
94.57462 -48.15677 92.73216 -52.22728 92.19312 -53.34142 curveto
92.19313 -53.34142 lineto
92.72324 -53.14246 93.50499 -53.10083 94.7 -53.3 curveto
98.84 -53.99 102.99 -55.11 104.89 -54.02 curveto
106.79 -52.93 108 -52.51 108.73 -52.63 curveto
109.45 -52.74 114.98 -54.02 116.26 -53.67 curveto
117.55 -53.33 120.7 -52.83 122.41 -52.54 curveto
124.13 -52.25 126.58 -53.81 129.04 -52.4 curveto
131.5 -51 136.89 -47.24 137.86 -46.33 curveto
138.83 -45.43 143.58 -41.91 143.22 -37.02 curveto
142.87 -32.14 139.3 -21.05 138.11 -18.43 curveto
136.91 -15.82 136.81 -13.44 134.97 -12.59 curveto
133.13 -11.73 129.85 -9.06 127.77 -9.43 curveto
125.7 -9.81 124.28 -10.3 123.18 -11.58 curveto
122.08 -12.85 118.08 -13.52 118.13 -14.82 curveto
118.19 -16.11 118.63 -18.04 116.62 -21.52 curveto
115.44 -23.55 116.43 -25.49 115.1 -26.41 curveto
113.77 -27.33 112.28 -31.36 104.74 -31.9 curveto
100.21 -32.23 101.66 -32.39 99.52 -32.85 curveto
97.38 -33.3 94.88 -32.11 94.21 -31.7 curveto
93.54 -31.3 93.39 -31.02 90.87 -31.12 curveto
89.47626 -31.18083 88.31805 -31.05508 87.41568 -30.68015 curveto
 closepath fill
gsave newpath 92.19313 -53.34142 moveto
92.72324 -53.14246 93.50499 -53.10083 94.7 -53.3 curveto
98.84 -53.99 102.99 -55.11 104.89 -54.02 curveto
106.79 -52.93 108 -52.51 108.73 -52.63 curveto
109.45 -52.74 114.98 -54.02 116.26 -53.67 curveto
117.55 -53.33 120.7 -52.83 122.41 -52.54 curveto
124.13 -52.25 126.58 -53.81 129.04 -52.4 curveto
131.5 -51 136.89 -47.24 137.86 -46.33 curveto
138.83 -45.43 143.58 -41.91 143.22 -37.02 curveto
142.87 -32.14 139.3 -21.05 138.11 -18.43 curveto
136.91 -15.82 136.81 -13.44 134.97 -12.59 curveto
133.13 -11.73 129.85 -9.06 127.77 -9.43 curveto
125.7 -9.81 124.28 -10.3 123.18 -11.58 curveto
122.08 -12.85 118.08 -13.52 118.13 -14.82 curveto
118.19 -16.11 118.63 -18.04 116.62 -21.52 curveto
115.44 -23.55 116.43 -25.49 115.1 -26.41 curveto
113.77 -27.33 112.28 -31.36 104.74 -31.9 curveto
100.21 -32.23 101.66 -32.39 99.52 -32.85 curveto
97.38 -33.3 94.88 -32.11 94.21 -31.7 curveto
93.54 -31.3 93.39 -31.02 90.87 -31.12 curveto
89.47626 -31.18083 88.31805 -31.05508 87.41568 -30.68015 curveto
87.41571 -30.68013 lineto
87.8082 -31.19328 88.55789 -32.13667 88.98 -32.43 curveto
89.57 -32.84 90.7 -35.53 91.75 -36.64 curveto
92.81 -37.75 93.04 -43.21 93.88 -45.91 curveto
94.57462 -48.15677 92.73216 -52.22728 92.19312 -53.34142 curveto
 closepath clip
 0 0 0 setrgbcolor 0 0.5 dtransform truncate idtransform setlinewidth pop
 [] 0 setdash 1 setlinejoin 10 setmiterlimit
newpath 84.21025 -57.01407 moveto
84.3707 -57.29503 84.6908 -57.43544 85.01637 -57.41745 curveto
85.53038 -57.38905 85.99669 -57.14554 86.4429 -56.89072 curveto
86.88911 -56.6359 87.3358 -56.35805 87.62148 -55.92978 curveto
87.8024 -55.65852 87.84415 -55.31148 87.6837 -55.03052 curveto
87.52325 -54.74956 87.20316 -54.60915 86.87758 -54.62714 curveto
86.36357 -54.65553 85.89726 -54.89905 85.45105 -55.15387 curveto
85.00484 -55.40869 84.55815 -55.68654 84.27248 -56.1148 curveto
84.09155 -56.38606 84.0498 -56.73311 84.21025 -57.01407 curveto closepath
 stroke
newpath 83.6447 -42.85094 moveto
83.70705 -42.53346 83.5567 -42.2179 83.29865 -42.0186 curveto
82.89119 -41.70393 82.37918 -41.58322 81.87497 -41.48419 curveto
81.37076 -41.38516 80.85112 -41.30327 80.35492 -41.44044 curveto
80.04065 -41.52734 79.78212 -41.76259 79.71977 -42.08006 curveto
79.65742 -42.39754 79.80777 -42.7131 80.06583 -42.9124 curveto
80.47328 -43.22707 80.98529 -43.34778 81.4895 -43.44681 curveto
81.99371 -43.54584 82.51335 -43.62773 83.00955 -43.49055 curveto
83.32382 -43.40366 83.58235 -43.16841 83.6447 -42.85094 curveto closepath
 stroke
newpath 87.068 -28.37431 moveto
87.07443 -28.6978 87.28831 -28.97426 87.5828 -29.11426 curveto
88.04774 -29.3353 88.57372 -29.3446 89.08746 -29.33438 curveto
89.60121 -29.32416 90.12639 -29.29391 90.58218 -29.05457 curveto
90.87086 -28.90297 91.07358 -28.61821 91.06714 -28.29472 curveto
91.0607 -27.97124 90.84682 -27.69478 90.55234 -27.55478 curveto
90.08739 -27.33374 89.56142 -27.32443 89.04767 -27.33466 curveto
88.53392 -27.34488 88.00874 -27.37512 87.55295 -27.61447 curveto
87.26427 -27.76607 87.06155 -28.05083 87.068 -28.37431 curveto closepath stroke
newpath 83.69125 -12.55296 moveto
83.36801 -12.539 83.07861 -12.73503 82.92033 -13.02011 curveto
82.67044 -13.4702 82.62799 -13.99454 82.60582 -14.50792 curveto
82.58365 -15.0213 82.58072 -15.54735 82.79088 -16.0173 curveto
82.92398 -16.31496 83.1954 -16.53522 83.51865 -16.54918 curveto
83.84189 -16.56314 84.13129 -16.36711 84.28957 -16.08203 curveto
84.53946 -15.63194 84.58191 -15.1076 84.60408 -14.59422 curveto
84.62625 -14.08084 84.62918 -13.5548 84.41902 -13.08484 curveto
84.28592 -12.78719 84.0145 -12.56693 83.69125 -12.55296 curveto closepath
 stroke
newpath 101.62923 -44.54134 moveto
101.69136 -44.85886 101.94974 -45.09428 102.26396 -45.18138 curveto
102.76006 -45.31891 103.27975 -45.23735 103.78404 -45.13866 curveto
104.28833 -45.03996 104.80043 -44.91959 105.20808 -44.60521 curveto
105.46628 -44.40608 105.61684 -44.0906 105.5547 -43.77309 curveto
105.49257 -43.45557 105.23419 -43.22014 104.91997 -43.13304 curveto
104.42387 -42.99551 103.90417 -43.07707 103.39989 -43.17577 curveto
102.8956 -43.27446 102.3835 -43.39484 101.97585 -43.70921 curveto
101.71765 -43.90834 101.5671 -44.22382 101.62923 -44.54134 curveto closepath
 stroke
newpath 94.78693 -27.15004 moveto
94.91454 -27.44736 95.21669 -27.62311 95.5422 -27.64207 curveto
96.05614 -27.67204 96.54701 -27.48288 97.01921 -27.2802 curveto
97.49141 -27.07751 97.96666 -26.852 98.29898 -26.45882 curveto
98.50945 -26.20978 98.5902 -25.86969 98.46259 -25.57237 curveto
98.33498 -25.27505 98.03282 -25.0993 97.7073 -25.08034 curveto
97.19337 -25.05037 96.7025 -25.23953 96.2303 -25.44221 curveto
95.7581 -25.6449 95.28285 -25.8704 94.95053 -26.2636 curveto
94.74007 -26.51263 94.65932 -26.85272 94.78693 -27.15004 curveto closepath
 stroke
newpath 95.15933 -11.86644 moveto
95.1462 -12.18973 95.34297 -12.47862 95.62843 -12.63617 curveto
96.07915 -12.88493 96.6036 -12.92604 97.11703 -12.94691 curveto
97.63046 -12.96779 98.15651 -12.96938 98.62593 -12.75803 curveto
98.92326 -12.62416 99.14284 -12.3522 99.15598 -12.02892 curveto
99.16911 -11.70563 98.97234 -11.41673 98.68687 -11.25919 curveto
98.23616 -11.01042 97.7117 -10.96931 97.19827 -10.94844 curveto
96.68484 -10.92757 96.1588 -10.92598 95.68938 -11.13733 curveto
95.39204 -11.2712 95.17247 -11.54315 95.15933 -11.86644 curveto closepath
 stroke
newpath 111.19672 -46.99174 moveto
111.46626 -47.17072 111.81534 -47.15239 112.09814 -46.99008 curveto
112.54465 -46.73384 112.85188 -46.30682 113.13611 -45.87874 curveto
113.42033 -45.45065 113.69464 -45.00175 113.7575 -44.49081 curveto
113.79733 -44.16719 113.67876 -43.83838 113.40921 -43.65941 curveto
113.13966 -43.48044 112.79059 -43.49876 112.50778 -43.66107 curveto
112.06128 -43.91731 111.75404 -44.34433 111.46982 -44.77242 curveto
111.1856 -45.2005 110.91129 -45.6494 110.84842 -46.16034 curveto
110.8086 -46.48396 110.92717 -46.81277 111.19672 -46.99174 curveto closepath
 stroke
newpath 119.83878 -25.71106 moveto
119.6741 -25.43254 119.35193 -25.29698 119.02666 -25.31989 curveto
118.51312 -25.35602 118.05055 -25.60655 117.60822 -25.86807 curveto
117.16588 -26.1296 116.72345 -26.41415 116.44426 -26.84668 curveto
116.26743 -27.12065 116.23093 -27.46828 116.3956 -27.7468 curveto
116.56027 -28.02531 116.88245 -28.16087 117.20772 -28.13797 curveto
117.72125 -28.10184 118.18382 -27.8513 118.62616 -27.58978 curveto
119.0685 -27.32826 119.51093 -27.0437 119.79012 -26.61118 curveto
119.96695 -26.3372 120.00345 -25.98958 119.83878 -25.71106 curveto closepath
 stroke
newpath 114.86938 -5.73967 moveto
114.54585 -5.73674 114.2633 -5.94254 114.11484 -6.23283 curveto
113.88045 -6.6912 113.85593 -7.21667 113.85127 -7.7305 curveto
113.84662 -8.24432 113.86165 -8.77017 114.0877 -9.23268 curveto
114.2309 -9.52563 114.50966 -9.7365 114.83319 -9.73943 curveto
115.15672 -9.74236 115.43927 -9.53656 115.58774 -9.24626 curveto
115.82213 -8.7879 115.84665 -8.26242 115.8513 -7.7486 curveto
115.85596 -7.23477 115.84093 -6.70892 115.61487 -6.24641 curveto
115.47168 -5.95346 115.19292 -5.7426 114.86938 -5.73967 curveto closepath
 stroke
newpath 129.83391 -52.7481 moveto
129.61711 -52.98827 129.58371 -53.33621 129.70248 -53.63988 curveto
129.89001 -54.11932 130.26697 -54.48624 130.6484 -54.83055 curveto
131.02985 -55.17487 131.43332 -55.51242 131.92938 -55.65004 curveto
132.24359 -55.73721 132.58632 -55.66847 132.80312 -55.4283 curveto
133.01991 -55.18813 133.05331 -54.84018 132.93454 -54.53651 curveto
132.74701 -54.05707 132.37006 -53.69016 131.98862 -53.34584 curveto
131.60718 -53.00153 131.2037 -52.66397 130.70764 -52.52635 curveto
130.39343 -52.43918 130.0507 -52.50792 129.83391 -52.7481 curveto closepath
 stroke
newpath 130.08255 -40.37039 moveto
129.86017 -40.13538 129.51591 -40.07472 129.20384 -40.16925 curveto
128.71115 -40.3185 128.31573 -40.66545 127.94249 -41.01865 curveto
127.56924 -41.37184 127.20102 -41.74751 127.02483 -42.23123 curveto
126.91322 -42.53761 126.9548 -42.88467 127.17719 -43.11969 curveto
127.39957 -43.3547 127.74382 -43.41536 128.0559 -43.32083 curveto
128.54858 -43.17159 128.944 -42.82463 129.31725 -42.47144 curveto
129.69049 -42.11824 130.05872 -41.74257 130.23491 -41.25885 curveto
130.34651 -40.95247 130.30493 -40.60541 130.08255 -40.37039 curveto closepath
 stroke
newpath 131.37843 -25.16418 moveto
131.05518 -25.15063 130.76602 -25.34703 130.60811 -25.63231 curveto
130.3588 -26.0827 130.31702 -26.6071 130.29549 -27.1205 curveto
130.27396 -27.6339 130.2717 -28.15994 130.48247 -28.62962 curveto
130.61594 -28.92711 130.88763 -29.14703 131.21089 -29.16058 curveto
131.53415 -29.17413 131.8233 -28.97774 131.98122 -28.69246 curveto
132.23053 -28.24207 132.27231 -27.71767 132.29384 -27.20427 curveto
132.31537 -26.69087 132.31763 -26.16483 132.10686 -25.69514 curveto
131.97339 -25.39766 131.70169 -25.17773 131.37843 -25.16418 curveto closepath
 stroke
grestore
newpath 90.58623 -56.1448 moveto
89.80656 -55.42458 88.99614 -54.68076 88.92 -54.63 curveto
88.77 -54.52 85.38 -51.14 84.7 -50.34 curveto
84.02 -49.54 82.54 -46.11 82.19 -45.54 curveto
81.84 -44.98 79.25 -41.78 77.05 -39.85 curveto
74.84 -37.93 70.79 -39.07 69.95 -39.15 curveto
66.9 -39.42 67.98 -42.62 67.13 -43.88 curveto
66.28 -45.14 67.18 -50.87 66.37 -53.14 curveto
65.57 -55.41 60.4 -57.5 57.59 -56.83 curveto
54.79 -56.16 55.09 -54.81 54.26 -52.94 curveto
53.42 -51.06 52.38 -50.32 49.42 -47.67 curveto
46.46 -45.02 37.36 -47.6 34.75 -48.44 curveto
29.85 -50.02 29.41 -51.35 27.31 -56.54 curveto
24.87 -62.59 16.55 -65.64 15.08 -67.01 curveto
12.77 -69.17 2.77 -75.16 0.62 -75.99 curveto
-7.25 -79.03 -13.64 -82.12 -14.52 -82.55 curveto
-15.41 -82.98 -19.56 -86.15 -20.61 -88.43 curveto
-21.67 -90.71 -21.19 -91.77 -21.19 -91.77 curveto
-21.84 -92.63 lineto
-24.80086 -96.42534 lineto
-24.80083 -96.42534 lineto
-22.07278 -97.58029 -19.00449 -99.51965 -17.4 -101.27 curveto
-14.98 -103.9 -14.96 -105.99 -12.63 -104.88 curveto
-10.3 -103.77 -5.01 -101.17 -2.14 -100.76 curveto
0.72 -100.34 7.7 -100.05 9.04 -101.14 curveto
10.39 -102.24 12.18 -105.33 15.05 -106.72 curveto
17.92 -108.11 21.86 -107.65 23.64 -103.83 curveto
25.43 -100.01 26.06 -99.62 29.27 -97.1 curveto
32.47 -94.59 34.46 -90.54 36.64 -89.29 curveto
38.82 -88.05 40.9 -86.09 44.01 -86.24 curveto
47.11 -86.4 50.89 -87.1 52.75 -86.73 curveto
54.61 -86.36 60.01 -84.62 61.74 -82.96 curveto
63.47 -81.3 68.62 -78.63 70.1 -77.84 curveto
71.58 -77.06 76.92 -72.29 78.06 -70.3 curveto
79.2 -68.3 82.29 -63.12 85.35 -62.2 curveto
86.49 -61.86 89.5 -58.06 90.44 -56.43 curveto
90.49416 -56.33665 90.54248 -56.2414 90.58624 -56.14487 curveto
 closepath fill
gsave newpath 90.58623 -56.1448 moveto
89.80656 -55.42458 88.99614 -54.68076 88.92 -54.63 curveto
88.77 -54.52 85.38 -51.14 84.7 -50.34 curveto
84.02 -49.54 82.54 -46.11 82.19 -45.54 curveto
81.84 -44.98 79.25 -41.78 77.05 -39.85 curveto
74.84 -37.93 70.79 -39.07 69.95 -39.15 curveto
66.9 -39.42 67.98 -42.62 67.13 -43.88 curveto
66.28 -45.14 67.18 -50.87 66.37 -53.14 curveto
65.57 -55.41 60.4 -57.5 57.59 -56.83 curveto
54.79 -56.16 55.09 -54.81 54.26 -52.94 curveto
53.42 -51.06 52.38 -50.32 49.42 -47.67 curveto
46.46 -45.02 37.36 -47.6 34.75 -48.44 curveto
29.85 -50.02 29.41 -51.35 27.31 -56.54 curveto
24.87 -62.59 16.55 -65.64 15.08 -67.01 curveto
12.77 -69.17 2.77 -75.16 0.62 -75.99 curveto
-7.25 -79.03 -13.64 -82.12 -14.52 -82.55 curveto
-15.41 -82.98 -19.56 -86.15 -20.61 -88.43 curveto
-21.67 -90.71 -21.19 -91.77 -21.19 -91.77 curveto
-21.84 -92.63 lineto
-24.80086 -96.42534 lineto
-24.80083 -96.42534 lineto
-22.07278 -97.58029 -19.00449 -99.51965 -17.4 -101.27 curveto
-14.98 -103.9 -14.96 -105.99 -12.63 -104.88 curveto
-10.3 -103.77 -5.01 -101.17 -2.14 -100.76 curveto
0.72 -100.34 7.7 -100.05 9.04 -101.14 curveto
10.39 -102.24 12.18 -105.33 15.05 -106.72 curveto
17.92 -108.11 21.86 -107.65 23.64 -103.83 curveto
25.43 -100.01 26.06 -99.62 29.27 -97.1 curveto
32.47 -94.59 34.46 -90.54 36.64 -89.29 curveto
38.82 -88.05 40.9 -86.09 44.01 -86.24 curveto
47.11 -86.4 50.89 -87.1 52.75 -86.73 curveto
54.61 -86.36 60.01 -84.62 61.74 -82.96 curveto
63.47 -81.3 68.62 -78.63 70.1 -77.84 curveto
71.58 -77.06 76.92 -72.29 78.06 -70.3 curveto
79.2 -68.3 82.29 -63.12 85.35 -62.2 curveto
86.49 -61.86 89.5 -58.06 90.44 -56.43 curveto
90.49416 -56.33665 90.54248 -56.2414 90.58624 -56.14487 curveto
 closepath clip
newpath -41.23645 -109.61066 moveto
-29.79558 -116.74876 lineto
-28.64557 -109.46588 lineto
-32.70375 -100.2764 lineto
 closepath fill
 0 0 0 setrgbcolor 0 0.5 dtransform truncate idtransform setlinewidth pop
 [] 0 setdash 1 setlinejoin 10 setmiterlimit
newpath -41.23645 -109.61066 moveto
-29.79558 -116.74876 lineto
-28.64557 -109.46588 lineto
-32.70375 -100.2764 lineto
 closepath stroke
 0.00002 0.00018 0.00008 setrgbcolor
newpath -35.33485 -85.37994 moveto
-28.803 -92.5502 lineto
-22.19823 -83.6477 lineto
-32.4423 -77.17693 lineto
 closepath fill
 0 0 0 setrgbcolor
newpath -35.33485 -85.37994 moveto
-28.803 -92.5502 lineto
-22.19823 -83.6477 lineto
-32.4423 -77.17693 lineto
 closepath stroke
 0.00002 0.00018 0.00008 setrgbcolor
newpath -32.96332 -60.16797 moveto
-31.90982 -70.72311 lineto
-19.45076 -66.82129 lineto
-24.53998 -58.75047 lineto
 closepath fill
 0 0 0 setrgbcolor
newpath -32.96332 -60.16797 moveto
-31.90982 -70.72311 lineto
-19.45076 -66.82129 lineto
-24.53998 -58.75047 lineto
 closepath stroke
 0.00002 0.00018 0.00008 setrgbcolor
newpath -32.79234 -51.96158 moveto
-29.33017 -56.76813 lineto
-19.40277 -49.96521 lineto
-26.72923 -45.96388 lineto
 closepath fill
 0 0 0 setrgbcolor
newpath -32.79234 -51.96158 moveto
-29.33017 -56.76813 lineto
-19.40277 -49.96521 lineto
-26.72923 -45.96388 lineto
 closepath stroke
 0.00002 0.00018 0.00008 setrgbcolor
newpath -12.57513 -90.4543 moveto
0.06337 -84.26346 lineto
-6.94492 -79.2194 lineto
-15.45874 -84.51056 lineto
 closepath fill
 0 0 0 setrgbcolor
newpath -12.57513 -90.4543 moveto
0.06337 -84.26346 lineto
-6.94492 -79.2194 lineto
-15.45874 -84.51056 lineto
 closepath stroke
 0.00002 0.00018 0.00008 setrgbcolor
newpath -1.98563 -47.95485 moveto
-2.31326 -57.37364 lineto
5.65135 -59.90376 lineto
5.69215 -53.02191 lineto
 closepath fill
 0 0 0 setrgbcolor
newpath -1.98563 -47.95485 moveto
-2.31326 -57.37364 lineto
5.65135 -59.90376 lineto
5.69215 -53.02191 lineto
 closepath stroke
 0.00002 0.00018 0.00008 setrgbcolor
newpath 20.32164 -100.59093 moveto
25.91808 -93.4112 lineto
17.82735 -88.505 lineto
12.08656 -98.70209 lineto
 closepath fill
 0 0 0 setrgbcolor
newpath 20.32164 -100.59093 moveto
25.91808 -93.4112 lineto
17.82735 -88.505 lineto
12.08656 -98.70209 lineto
 closepath stroke
 0.00002 0.00018 0.00008 setrgbcolor
newpath 18.60791 -45.58911 moveto
7.13889 -53.11003 lineto
12.8215 -59.11275 lineto
23.11403 -58.69774 lineto
 closepath fill
 0 0 0 setrgbcolor
newpath 18.60791 -45.58911 moveto
7.13889 -53.11003 lineto
12.8215 -59.11275 lineto
23.11403 -58.69774 lineto
 closepath stroke
 0.00002 0.00018 0.00008 setrgbcolor
newpath 44.15201 -60.12117 moveto
33.10362 -62.32707 lineto
38.02977 -69.48936 lineto
45.07585 -70.45068 lineto
 closepath fill
 0 0 0 setrgbcolor
newpath 44.15201 -60.12117 moveto
33.10362 -62.32707 lineto
38.02977 -69.48936 lineto
45.07585 -70.45068 lineto
 closepath stroke
 0.00002 0.00018 0.00008 setrgbcolor
newpath 56.41914 -104.36658 moveto
49.81615 -110.85533 lineto
54.90825 -119.40732 lineto
59.92253 -115.88283 lineto
 closepath fill
 0 0 0 setrgbcolor
newpath 56.41914 -104.36658 moveto
49.81615 -110.85533 lineto
54.90825 -119.40732 lineto
59.92253 -115.88283 lineto
 closepath stroke
 0.00002 0.00018 0.00008 setrgbcolor
newpath 42.27953 -101.94202 moveto
52.4311 -101.12459 lineto
54.77081 -94.58582 lineto
47.43188 -93.64926 lineto
 closepath fill
 0 0 0 setrgbcolor
newpath 42.27953 -101.94202 moveto
52.4311 -101.12459 lineto
54.77081 -94.58582 lineto
47.43188 -93.64926 lineto
 closepath stroke
 0.00002 0.00018 0.00008 setrgbcolor
newpath 66.86256 -109.62375 moveto
63.60341 -118.35638 lineto
73.53052 -124.04793 lineto
73.23274 -114.55495 lineto
 closepath fill
 0 0 0 setrgbcolor
newpath 66.86256 -109.62375 moveto
63.60341 -118.35638 lineto
73.53052 -124.04793 lineto
73.23274 -114.55495 lineto
 closepath stroke
 0.00002 0.00018 0.00008 setrgbcolor
newpath 59.54651 -89.95813 moveto
62.09277 -97.61278 lineto
72.55006 -98.2385 lineto
74.69316 -88.57585 lineto
 closepath fill
 0 0 0 setrgbcolor
newpath 59.54651 -89.95813 moveto
62.09277 -97.61278 lineto
72.55006 -98.2385 lineto
74.69316 -88.57585 lineto
 closepath stroke
 0.00002 0.00018 0.00008 setrgbcolor
newpath 69.45255 -66.36385 moveto
75.44781 -72.00879 lineto
80.3108 -66.37917 lineto
74.82182 -60.91039 lineto
 closepath fill
 0 0 0 setrgbcolor
newpath 69.45255 -66.36385 moveto
75.44781 -72.00879 lineto
80.3108 -66.37917 lineto
74.82182 -60.91039 lineto
 closepath stroke
grestore
 0.1 0.2 0.8 setrgbcolor
newpath 50.89001 35.08012 moveto
50.89328 35.1007 51.31027 37.73734 51.38 39.61 curveto
51.44 41.49 51.95 43.17 53.26 44.38 curveto
54.58 45.59 54.62 46.31 61.16 46.73 curveto
67.7 47.16 69.59 46.8 71.26 48.17 curveto
72.93 49.54 75.69 52.47 78.49 52.8 curveto
81.28 53.14 87.81 55.58 88.96 55.56 curveto
90.12 55.54 91.67 54.52 93.03 54.8 curveto
94.39 55.07 94.48 54.64 95.33 53.31 curveto
96.18 51.98 95.56 51.16 96.85 49.7 curveto
98.14 48.24 98.93 48.2 99.9 47.53 curveto
100.86171 46.85582 101.73495 46.31923 101.74982 46.31012 curveto
101.75 46.31 lineto
101.32 44.63 98.19 43.63 91.89 37.74 curveto
85.58 31.85 86.98 29.32 87.51 27.18 curveto
88.03 25.04 87 22.19 86.63 19 curveto
86.26 15.82 84.32 15.88 82.87 15.89 curveto
81.43 15.9 78.27 15.62 76.11 15.6 curveto
73.95 15.58 71.55 12.74 69.38 11.35 curveto
67.2 9.95 63.38 10.01 59.91 8.49 curveto
59.48985 8.30544 59.14874 8.10936 58.8736 7.89995 curveto
58.87355 7.89992 lineto
58.91728 9.37628 58.99617 14.86243 57.95 19.15 curveto
56.72 24.13 53.89 29.77 53.43 30.47 curveto
52.96065 31.16904 50.89568 35.06926 50.89001 35.07999 curveto
 closepath fill
 0.00002 0.00018 0.00008 setrgbcolor
newpath -67.53 -98.44 moveto
-67.01 -98.85 -62.93 -101.63 -61.6 -102.22 curveto
-60.28 -102.81 -60.62 -106.79 -60.8 -107.45 curveto
-60.99 -108.11 -63.16 -113.03 -64.26 -115.96 curveto
-65.36 -118.89 -68.5 -117.8 -71.36 -118.42 curveto
-74.22 -119.05 -76.69 -118.36 -77.5 -118.11 curveto
-78.3 -117.86 -82.21 -115.72 -82.66 -115.3 curveto
-83.11 -114.89 -89.01 -113.49 -90.84 -112.77 curveto
-92.68 -112.06 -94.91 -108.62 -95.3 -107.99 curveto
-95.69 -107.36 -94.16 -105.99 -94.25 -103.98 curveto
-94.33 -101.97 -95.41 -102.01 -94.76 -100.33 curveto
-94.11 -98.64 -93.2 -96.51 -91.57 -94.14 curveto
-89.94 -91.76 -88.56 -92.06 -86.37 -91.1 curveto
-84.17 -90.15 -77.56 -93.18 -76.09 -93.69 curveto
-74.63 -94.21 -68.05 -98.03 -67.53 -98.44 curveto
 closepath fill
 0.1 0.2 0.8 setrgbcolor
newpath -123.00818 -98.69397 moveto
-122.86586 -96.72864 -121.27623 -92.08061 -120.43 -89.97 curveto
-119.59 -87.84 -118.03 -87.13 -116.17 -85.24 curveto
-116.02106 -85.09026 -115.8763 -84.90733 -115.73584 -84.69632 curveto
-115.73581 -84.69637 lineto
-114.16046 -84.17523 -111.7404 -83.22743 -110.4 -81.97 curveto
-108.39 -80.08 -101.26 -80.03 -100.1 -78.36 curveto
-98.2 -75.61 -95.04 -73.75 -89.31 -72.78 curveto
-83.59 -71.82 -77.05 -72.79 -71.94 -69.44 curveto
-68.6592 -67.29485 -64.8747 -63.80116 -64.15974 -63.13254 curveto
-64.15973 -63.1326 lineto
-63.60901 -64.61247 -62.93488 -66.17853 -62.15 -67.74 curveto
-59.31 -73.38 -57.76 -69.28 -56.9 -69.1 curveto
-56.47476 -69.00995 -56.23723 -68.71217 -56.23373 -67.97253 curveto
-56.23375 -67.97253 lineto
-56.01671 -67.44426 -55.2925 -65.83849 -54.45 -65.68 curveto
-53.45 -65.49 -48.63 -65.43 -47.91 -65.4 curveto
-47.27234 -65.37343 -42.16371 -64.07617 -41.00371 -63.77983 curveto
-41.00372 -63.77985 lineto
-41.22398 -63.5136 -41.22697 -63.04506 -40.91 -62.29 curveto
-39.34 -58.55 -36.95 -55.27 -34.75 -52.8 curveto
-32.55 -50.33 -31.7 -51.81 -29.86 -49.28 curveto
-28.02 -46.75 -22.81 -42.2 -20.32 -41.52 curveto
-17.82 -40.83 -14.75 -38.68 -13.2 -36.09 curveto
-11.65 -33.5 -9.83 -30.61 -9.29 -29.87 curveto
-8.74 -29.13 -7.82 -28.8 -6.56 -27.95 curveto
-5.3 -27.1 -4.11 -24.46 -3.77 -22.43 curveto
-3.42 -20.4 -2.57 -18.41 -2.24 -15.95 curveto
-1.92 -13.48 -1.68 -12.17 -1.55 -11.88 curveto
-1.42 -11.58 -0.92 -8.1 -2.79 -11.57 curveto
-4.66 -15.04 -5.01 -16.54 -4.85 -12.38 curveto
-4.81 -11.51 -2.91 -10.42 -2.86 -9.91 curveto
-2.81 -9.41 -3.81 -8.01 -2.69 -7.24 curveto
-1.57 -6.47 2.44 -2.46 3.04 -1.43 curveto
3.65 -0.39 7.36 3.65 7.55 4.38 curveto
7.74 5.1 9.03 8.45 12.08 7.99 curveto
15.11 7.53 16.59 6.51 17.17 6.2 curveto
17.55185 5.99289 18.67096 6.06644 18.43974 5.71033 curveto
18.4397 5.71033 lineto
22.37927 7.77534 25.16 9.38 25.16 9.38 curveto
28.18 10.52 lineto
28.18 10.52 30.33 10.71 32.73 11.12 curveto
35.13 11.54 36.7 11.2 37.18 15.87 curveto
37.39 17.86 38.34 19.91 40.82 20.98 curveto
43.28 22.05 46.08 23.68 47.84 26.2 curveto
49.61 28.72 50.16 29.32 50.98 30.51 curveto
51.79 31.7 50.89 35.08 50.89 35.08 curveto
50.89 35.08 lineto
50.89 35.08 52.96 31.17 53.43 30.47 curveto
53.89 29.77 56.72 24.13 57.95 19.15 curveto
59.17 14.15 58.86 7.52 58.86 7.52 curveto
58.85349 7.88454 lineto
58.85349 7.8845 lineto
56.89272 6.36972 58.34503 4.15869 58.31 0.56 curveto
58.27 -3.55 59.47 -3.06 59.47 -4.65 curveto
59.46 -6.23 59.91 -9.53 60.1 -10.96 curveto
60.63 -14.97 63.37 -15.14 64.95 -15 curveto
66.53 -14.86 68.14 -18.68 68.44 -19.03 curveto
68.74 -19.38 71.95 -20.18 75.42 -20.39 curveto
78.89 -20.6 80.66 -23.27 81.19 -23.89 curveto
81.72 -24.52 84.89 -27.77 85.74 -29.25 curveto
86.12436 -29.91145 86.6865 -30.37715 87.41568 -30.68015 curveto
87.41571 -30.68013 lineto
87.8082 -31.19328 88.55789 -32.13667 88.98 -32.43 curveto
89.57 -32.84 90.7 -35.53 91.75 -36.64 curveto
92.81 -37.75 93.04 -43.21 93.88 -45.91 curveto
94.57462 -48.15677 92.73216 -52.22728 92.19312 -53.34142 curveto
92.1931 -53.34143 lineto
90.99257 -53.79205 91.08275 -55.04967 90.58624 -56.14487 curveto
90.58623 -56.1448 lineto
89.80656 -55.42458 88.99614 -54.68076 88.92 -54.63 curveto
88.77 -54.52 85.38 -51.14 84.7 -50.34 curveto
84.02 -49.54 82.54 -46.11 82.19 -45.54 curveto
81.84 -44.98 79.25 -41.78 77.05 -39.85 curveto
74.84 -37.93 70.79 -39.07 69.95 -39.15 curveto
66.9 -39.42 67.98 -42.62 67.13 -43.88 curveto
66.28 -45.14 67.18 -50.87 66.37 -53.14 curveto
65.57 -55.41 60.4 -57.5 57.59 -56.83 curveto
54.79 -56.16 55.09 -54.81 54.26 -52.94 curveto
53.42 -51.06 52.38 -50.32 49.42 -47.67 curveto
46.46 -45.02 37.36 -47.6 34.75 -48.44 curveto
29.85 -50.02 29.41 -51.35 27.31 -56.54 curveto
24.87 -62.59 16.55 -65.64 15.08 -67.01 curveto
12.77 -69.17 2.77 -75.16 0.62 -75.99 curveto
-7.25 -79.03 -13.64 -82.12 -14.52 -82.55 curveto
-15.41 -82.98 -19.56 -86.15 -20.61 -88.43 curveto
-21.67 -90.71 -21.19 -91.77 -21.19 -91.77 curveto
-21.84 -92.63 lineto
-24.80086 -96.42534 lineto
-24.80083 -96.42534 lineto
-26.18741 -95.8383 -27.4861 -95.45392 -28.46 -95.4 curveto
-31.35 -95.23 -37.14 -96.41 -37.37 -96.07 curveto
-38.52 -94.31 -40.29 -95.32 -41.19 -95.94 curveto
-43.08 -97.25 -43.4 -98.76 -44.69 -100.06 curveto
-46.49 -101.86 -47.55 -108.9 -47.67 -109.55 curveto
-47.79 -110.21 -50.29 -114.06 -50.49 -114.29 curveto
-50.7 -114.51 -51.16 -120.51 -51.38 -122.11 curveto
-51.6 -123.7 -52.7 -126.78 -53.16 -127.66 curveto
-53.63 -128.54 -52.59 -132.68 -52.17 -133.96 curveto
-51.76 -135.24 -52.96 -137.38 -54.94 -138.33 curveto
-55.49307 -138.59537 -56.32625 -138.34421 -57.2691 -137.82674 curveto
-57.26917 -137.82674 lineto
-56.80429 -136.00047 -55.21228 -129.30806 -56.34 -127.44 curveto
-57.38 -125.73 -55.74 -123.16 -57.69 -123.03 curveto
-59.64 -122.89 -60.82 -123.27 -62.52 -122.94 curveto
-66.22 -122.24 -68.62 -123.46 -69.08 -122.87 curveto
-69.45654 -122.37885 -71.85677 -119.6161 -72.71523 -118.62988 curveto
-72.71524 -118.62987 lineto
-74.97746 -118.83778 -76.82137 -118.31946 -77.5 -118.11 curveto
-78.3 -117.86 -82.21 -115.72 -82.66 -115.3 curveto
-83.11 -114.89 -89.01 -113.49 -90.84 -112.77 curveto
-92.20908 -112.24171 -93.79407 -110.20201 -94.67638 -108.93304 curveto
-94.67636 -108.93301 lineto
-95.24 -109.36 lineto
-95.24 -109.36 -97.53 -109.74 -98.61 -108.06 curveto
-99.69 -106.38 -97.45 -104.98 -97.99 -102.41 curveto
-98.53 -99.84 -98.31 -98.39 -98.94 -97.12 curveto
-99.57 -95.85 -100.17 -95.3 -104.91 -92.19 curveto
-109.66 -89.07 -107.65 -92.16 -111.57 -91.61 curveto
-115.48 -91.05 -113.56 -92.27 -118.77 -95.08 curveto
-121.19939 -96.39494 -122.409 -97.68816 -123.00816 -98.69398 curveto
 closepath fill
newpath 76.49261 120.70563 moveto
76.98283 121.23126 77.35547 121.69368 77.55 122.02 curveto
80.17 126.46 82.1 126.76 83.98 126.62 curveto
85.86 126.48 89.25 126.49 91.23 127.29 curveto
93.21 128.1 99.24 128.35 100.61 130.07 curveto
101.97 131.78 99.83 136.81 99.36 137.66 curveto
98.89 138.5 98.39 141.79 98.72 142.53 curveto
99.05 143.26 101.44 142.93 104.29 141.97 curveto
107.15 141.01 110.61 142.6 111.67 143.08 curveto
112.73 143.56 116.3 144.36 119.91 145.88 curveto
123.51994 147.40997 125.20995 146.61003 127.68991 147.65996 curveto
127.69 147.66 lineto
139.39 74.58 lineto
139.38982 74.58 lineto
135.47993 74.89993 133.77998 72.61 132.49 72.34 curveto
131.21 72.06 128.4 71.87 126.79 70.87 curveto
125.18 69.86 124.5 67.09 121.89 65.76 curveto
119.72357 64.64774 116.7235 62.26085 115.24019 61.25291 curveto
115.24016 61.2529 lineto
115.05786 62.40085 114.72452 64.0647 112.04 65.27 curveto
109.1 66.58 108.95 70.03 108.43 72.1 curveto
107.91 74.17 104.18 75.59 102.2 76.23 curveto
100.23 76.87 100.41 77.74 100.58 78.9 curveto
100.74 80.06 101.11 80.21 100.01 80.32 curveto
95.38 80.77 93.04 83.26 91.53 85 curveto
91.0733 85.51979 90.71681 85.98001 90.41713 86.39394 curveto
90.4171 86.39398 lineto
89.95912 86.53741 89.00723 86.71051 87.05 86.75 curveto
83.59 86.82 83.48 89.41 82.81 90.03 curveto
82.13 90.65 80.8 94.85 80.39 95.98 curveto
79.98 97.12 81.52 99.92 83.62 101.45 curveto
85.71 102.98 84.94 104.25 83.61 104.91 curveto
82.29 105.58 81.2 107.4 80.82 107.89 curveto
80.44 108.38 80.28 110.25 80.67 111.34 curveto
81.06 112.44 80.89 112.94 80.76 114.3 curveto
80.63 115.67 78.82 117.61 77.78 118.36 curveto
76.97351 118.92839 76.61539 120.1634 76.49266 120.70567 curveto
 closepath fill
gsave newpath -115.7359 -84.69646 moveto
-114.11287 -82.2584 -113.06372 -76.07082 -112.76 -74 curveto
-112.42 -71.75 -111.23 -70.84 -111.76 -68.55 curveto
-111.86148 -68.11342 -111.95674 -67.7663 -112.048 -67.4774 curveto
-112.04799 -67.47742 lineto
-111.86359 -67.1305 -111.06563 -65.78261 -109.53 -65.21 curveto
-107.75 -64.56 -105.73 -64.69 -105.26 -62.29 curveto
-104.78 -59.89 -104.45 -55.99 -103.33 -55.15 curveto
-102.21 -54.31 -99.49 -52.25 -99.08 -51.72 curveto
-98.67 -51.2 -95.14 -47.81 -93.24 -48.38 curveto
-91.34 -48.94 -89.96 -49.17 -88.94 -49.56 curveto
-87.91 -49.95 -86.01 -48.93 -83.95 -48.12 curveto
-81.9 -47.32 -78.16 -48.74 -77.33 -49.57 curveto
-76.51 -50.4 -73.67 -52.58 -72.91 -53.49 curveto
-72.16 -54.39 -70.36 -55.9 -68.96 -56.71 curveto
-68.13972 -57.1754 -66.5038 -58.56137 -65.27887 -59.6393 curveto
-65.27888 -59.63918 lineto
-64.99794 -60.70694 -64.62239 -61.88936 -64.15973 -63.1326 curveto
-64.15974 -63.13254 lineto
-64.8747 -63.80116 -68.6592 -67.29485 -71.94 -69.44 curveto
-77.05 -72.79 -83.59 -71.82 -89.31 -72.78 curveto
-95.04 -73.75 -98.2 -75.61 -100.1 -78.36 curveto
-101.26 -80.03 -108.39 -80.08 -110.4 -81.97 curveto
-111.74043 -83.22746 -114.16058 -84.17526 -115.73592 -84.6964 curveto
 closepath clip
 0 0 0 setrgbcolor 0 0.5 dtransform truncate idtransform setlinewidth pop
 [] 0 setdash 1 setlinecap 1 setlinejoin 10 setmiterlimit
newpath -119.77737 -86.29372 moveto 0 0 rlineto stroke
newpath -118.53769 -75.11812 moveto 0 0 rlineto stroke
newpath -119.69241 -66.45694 moveto 0 0 rlineto stroke
newpath -115.37822 -57.96997 moveto 0 0 rlineto stroke
newpath -114.51047 -49.73781 moveto 0 0 rlineto stroke
newpath -107.57027 -87.38446 moveto 0 0 rlineto stroke
newpath -106.66237 -78.23027 moveto 0 0 rlineto stroke
newpath -104.40738 -67.56847 moveto 0 0 rlineto stroke
newpath -111.05426 -58.39774 moveto 0 0 rlineto stroke
newpath -111.22559 -43.87016 moveto 0 0 rlineto stroke
newpath -95.3254 -86.23389 moveto 0 0 rlineto stroke
newpath -97.37201 -78.50414 moveto 0 0 rlineto stroke
newpath -101.21443 -68.83694 moveto 0 0 rlineto stroke
newpath -99.11508 -56.93503 moveto 0 0 rlineto stroke
newpath -94.81288 -47.48181 moveto 0 0 rlineto stroke
newpath -88.63469 -89.6324 moveto 0 0 rlineto stroke
newpath -86.19682 -76.83252 moveto 0 0 rlineto stroke
newpath -88.72232 -68.27448 moveto 0 0 rlineto stroke
newpath -88.12941 -59.769 moveto 0 0 rlineto stroke
newpath -89.89264 -43.66551 moveto 0 0 rlineto stroke
newpath -78.06766 -84.76758 moveto 0 0 rlineto stroke
newpath -80.34053 -73.9709 moveto 0 0 rlineto stroke
newpath -78.61702 -64.39993 moveto 0 0 rlineto stroke
newpath -76.17316 -59.09488 moveto 0 0 rlineto stroke
newpath -79.57655 -45.39221 moveto 0 0 rlineto stroke
newpath -69.08812 -88.43137 moveto 0 0 rlineto stroke
newpath -65.05199 -79.22702 moveto 0 0 rlineto stroke
newpath -66.81804 -68.89873 moveto 0 0 rlineto stroke
newpath -70.89877 -56.79758 moveto 0 0 rlineto stroke
newpath -66.5645 -45.85464 moveto 0 0 rlineto stroke
grestore
newpath 36.5311 63.49072 moveto
40.1681 61.70544 38.02028 59.36554 42.14 60.12 curveto
46.29 60.87 45.54 61.42 47.13 61.41 curveto
48.72 61.41 49.14 61.57 49.14 61.57 curveto
49.62422 61.12852 lineto
49.62419 61.12852 lineto
50.51761 59.6712 51.07777 60.9127 55.43 61.04 curveto
60.9 61.2 58.52 59.59 64.95 57.7 curveto
71.22855 55.85164 70.82173 58.95753 71.04395 59.64716 curveto
71.04396 59.64716 lineto
73.02391 58.97478 74.669 58.66855 75.36 58.43 curveto
75.71669 58.3097 76.1148 58.1876 76.5363 58.07521 curveto
76.53632 58.07523 lineto
76.68074 57.78424 76.74326 57.06078 75.19 55.72 curveto
73.07 53.9 73.67 54.18 72.72 52.88 curveto
71.76 51.58 72.78 52.31 70.78 50.93 curveto
69.14873 49.79056 66.6439 49.12823 65.47437 49.03113 curveto
65.47433 49.03111 lineto
64.19873 49.23471 63.01083 49.58112 62.32 50.02 curveto
60.62 51.1 58.31 49.42 53.35 50.72 curveto
48.4 52.03 49.81 52.59 45.93 50.77 curveto
42.04 48.95 42.58 54.8 38.79 57.59 curveto
35.45836 60.04257 37.36594 59.65918 36.53108 63.49081 curveto
 closepath fill
newpath 36.53108 63.49081 moveto
36.41623 64.01797 36.24947 64.62491 36.01 65.33 curveto
34.08713 70.98206 32.59808 69.0137 31.02998 69.61896 curveto
31.03 69.61893 lineto
32.44193 70.66936 35.50078 73.34354 37.31093 75.02574 curveto
37.31093 75.02573 lineto
37.79117 74.04231 39.66708 71.09567 42.3 69.85 curveto
45.1 68.53 46.2 68 46.2 68 curveto
46.2 68 47.12 66.74 48.8 62.85 curveto
49.1433 62.0551 49.39473 61.5028 49.62419 61.12852 curveto
49.62418 61.12854 lineto
49.14 61.57 lineto
49.14 61.57 48.72 61.41 47.13 61.41 curveto
45.54 61.42 46.29 60.87 42.14 60.12 curveto
38.02028 59.36554 40.1681 61.70544 36.5311 63.49072 curveto
 closepath fill
newpath 41.06097 79.62132 moveto
42.73605 82.04034 44.62317 84.94574 44.94 85.75 curveto
46.5 89.71 50.08 91.8 50.7 92.62 curveto
51.31 93.44 52.14 95.86 53.66 97.58 curveto
55.17 99.3 54.15 102.93 53.95 104.15 curveto
53.76 105.37 54.14 106.46 55.32 107.6 curveto
56.49 108.73 60.49 109.98 61.7 111.69 curveto
61.87111 111.93045 62.05196 112.16377 62.24118 112.38916 curveto
62.24123 112.3892 lineto
62.2649 111.97649 62.33385 111.36525 62.53 110.86 curveto
62.85 110.01 62.83 107.12 63.21 105.05 curveto
63.59 102.98 64.42 101.93 66.16 100.06 curveto
67.9 98.19 69.31 98.82 73.47 97.7 curveto
77.55345 96.60062 77.63823 97.83298 80.64763 97.73683 curveto
80.64758 97.73683 lineto
80.34921 97.02597 80.24121 96.39368 80.39 95.98 curveto
80.61073 95.37164 81.09813 93.87344 81.6072 92.52312 curveto
81.60716 92.52316 lineto
81.10223 92.05283 79.87343 90.89835 79.34 90.31 curveto
78.65 89.56 78.61 86.97 78.43 84.51 curveto
78.25 82.05 80.7 80.42 81.02 79.57 curveto
81.34 78.72 82.03 77.74 83.28 75.49 curveto
84.53 73.24 86.29 74.25 90.26 72.48 curveto
94.18045 70.72221 91.87917 72.91396 97.00215 71.88074 curveto
97.00217 71.88072 lineto
97.05415 71.38301 97.21895 70.85034 97.56 70.27 curveto
98.8 68.16 98.4 69.15 98.73 68.08 curveto
99.02412 67.16306 99.27335 65.8046 101.32256 62.74232 curveto
101.32253 62.74223 lineto
95.96104 60.3578 96.43532 59.34018 92.11 59.51 curveto
87.78 59.69 82.93 58.4 81.3 57.82 curveto
79.67 57.25 77.05 57.86 75.36 58.43 curveto
73.68 59.01 66.36 59.99 62.3 65.66 curveto
58.24 71.32 57.42 66.75 54.37 69 curveto
51.32 71.25 50.93 70.36 50.33 72.57 curveto
49.73 74.78 49.95 74.57 47.93 76.43 curveto
46.07144 78.1329 41.77368 79.4167 41.06099 79.6214 curveto
 closepath fill
 0 0 0 setrgbcolor 0 0.5 dtransform truncate idtransform setlinewidth pop
 [] 0 setdash 1 setlinecap 1 setlinejoin 10 setmiterlimit
newpath 90.83 86.19 moveto
86.8626 85.88167 82.43959 85.62141 83.77155 88.34308 curveto stroke
newpath 83.77155 88.34308 moveto
80.21117 88.0989 78.13895 92.43892 80.62944 95.29214 curveto stroke
newpath 80.62944 95.29214 moveto
76.5749 96.08885 78.18483 103.69788 83.87096 101.64348 curveto stroke
newpath 83.87096 101.64348 moveto
83.49161 103.76563 80.14804 105.0782 81.2016 107.3531 curveto stroke
newpath 81.2016 107.3531 moveto
78.5144 107.11093 77.63673 111.33746 80.66103 114.76526 curveto stroke
newpath 80.66103 114.76526 moveto
76.43364 115.61932 74.3016 119.23534 76.44 120.96997 curveto stroke
newpath 76.44 120.96997 moveto
76.44 120.97 lineto stroke
newpath 115.29 60.94 moveto
112.78333 61.89116 110.37979 63.60323 110.88686 65.99883 curveto stroke
newpath 110.88686 65.99883 moveto
108.263 65.1438 105.92758 68.94914 108.30133 72.46883 curveto stroke
newpath 108.30133 72.46883 moveto
105.64807 72.6542 102.92766 73.68907 102.42693 76.1557 curveto stroke
newpath 102.42693 76.1557 moveto
100.73735 74.66219 99.67688 77.73682 98.75618 80.50014 curveto stroke
newpath 98.75618 80.50014 moveto
96.25523 77.68047 91.64166 80.15442 92.61313 83.82187 curveto stroke
newpath 92.61313 83.82187 moveto
89.1615 82.88641 86.40839 86.5449 88.22552 89.37924 curveto stroke
newpath 88.22552 89.37924 moveto
85.2874 89.51595 84.23578 93.91713 87.46062 96.31277 curveto stroke
newpath 87.46062 96.31277 moveto
85.21286 97.2851 84.85428 100.05324 84.54001 102.54 curveto stroke
newpath 84.54001 102.54 moveto
84.54 102.54 lineto stroke
newpath 120.92 88.56 moveto
116.70618 88.9028 113.99388 91.92169 115.8019 93.9188 curveto stroke
newpath 115.8019 93.9188 moveto
113.16588 94.48654 111.24396 96.67523 110.56474 99.30632 curveto stroke
newpath 110.56474 99.30632 moveto
107.62553 96.42055 103.44711 97.625 103.5157 100.43143 curveto stroke
newpath 103.5157 100.43143 moveto
99.85365 98.43488 96.05536 102.05641 97.71269 105.27028 curveto stroke
newpath 97.71269 105.27028 moveto
94.19601 105.10315 93.19612 111.76332 98.94514 112.5922 curveto stroke
newpath 98.94514 112.5922 moveto
97.0247 115.03226 98.77641 118.69487 102.2055 119.44214 curveto stroke
newpath 102.2055 119.44214 moveto
100.05797 121.80283 100.95967 125.59007 103.94574 126.80699 curveto stroke
newpath 103.94574 126.80699 moveto
101.36783 128.80856 101.49599 132.72841 104.21922 134.38148 curveto stroke
newpath 104.21922 134.38148 moveto
101.22534 136.02338 101.2611 140.34525 104.29 141.97 curveto stroke
newpath 104.29 141.97 moveto
104.29 141.97 lineto stroke
newpath 18.42 5.7 moveto
22.37 7.77 25.16 9.38 25.16 9.38 curveto
28.18 10.52 lineto
28.18 10.52 30.33 10.71 32.73 11.12 curveto
35.13 11.54 36.7 11.2 37.18 15.87 curveto
37.39 17.86 38.34 19.91 40.82 20.98 curveto
43.28 22.05 46.08 23.68 47.84 26.2 curveto
49.61 28.72 50.16 29.32 50.98 30.51 curveto
51.79 31.7 50.89 35.08 50.89 35.08 curveto stroke
newpath -56.3 -68.14 moveto
-56.3 -68.14 -55.46 -65.87 -54.45 -65.68 curveto
-53.45 -65.49 -48.63 -65.43 -47.91 -65.4 curveto
-47.19 -65.37 -40.77 -63.72 -40.77 -63.72 curveto stroke
 0 0.35 dtransform truncate idtransform setlinewidth pop
newpath -65.6 -59.45 moveto
-64.30922 -57.92238 lineto stroke
newpath -63.79727 -60.96823 moveto
-65.14738 -62.44371 lineto stroke
newpath -65.6922 -59.27768 moveto
-67.00444 -60.78693 lineto stroke
newpath -67.64047 -57.64923 moveto
-68.88258 -59.21674 lineto stroke
newpath -69.73611 -56.21922 moveto
-70.86574 -57.86961 lineto stroke
newpath -71.73698 -54.65793 moveto
-73.06033 -56.15749 lineto stroke
newpath -73.52939 -52.86186 moveto
-74.88496 -54.33237 lineto stroke
newpath -75.45184 -51.20288 moveto
-76.73601 -52.73608 lineto stroke
newpath -77.36604 -49.5353 moveto
-78.7297 -50.99829 lineto stroke
newpath -79.62346 -48.40395 moveto
-80.25085 -50.30296 lineto stroke
 0.35 0 dtransform exch truncate exch idtransform pop setlinewidth
newpath -82.10449 -47.89587 moveto
-82.24057 -49.8912 lineto stroke
 0 0.35 dtransform truncate idtransform setlinewidth pop
newpath -84.56761 -48.36978 moveto
-83.80072 -50.21689 lineto stroke
newpath -86.92145 -49.32181 moveto
-86.2636 -51.21048 lineto stroke
newpath -89.38364 -49.40628 moveto
-89.98024 -51.31519 lineto stroke
newpath -91.84013 -48.76376 moveto
-92.3361 -50.70126 lineto stroke
newpath -94.315 -48.3961 moveto
-93.79936 -50.32845 lineto stroke
newpath -96.56961 -49.5356 moveto
-95.42418 -51.17506 lineto stroke
newpath -98.5286 -51.14778 moveto
-97.15218 -52.59879 lineto stroke
newpath -100.3833 -52.87631 moveto
-99.12788 -54.43317 lineto stroke
newpath -102.38625 -54.4372 moveto
-101.17456 -56.02832 lineto stroke
newpath -104.0385 -56.28766 moveto
-102.16069 -56.97594 lineto stroke
newpath -104.65367 -58.74841 moveto
-102.68684 -59.11093 lineto stroke
newpath -105.07246 -61.25299 moveto
-103.09972 -61.58179 lineto stroke
newpath -105.84991 -63.63695 moveto
-104.32126 -64.92654 lineto stroke
newpath -108.06383 -64.78706 moveto
-107.5491 -66.71965 lineto stroke
newpath -110.42732 -65.67453 moveto
-109.2909 -67.32025 lineto stroke
newpath -112.09 -67.56 moveto
-110.28287 -68.41682 lineto stroke
 0 0.5 dtransform truncate idtransform setlinewidth pop
newpath -65.6 -59.45 moveto
-63.73 -61.03 lineto
-63.73 -61.03 -67.55 -57.51 -68.96 -56.71 curveto
-70.36 -55.9 -72.16 -54.39 -72.91 -53.49 curveto
-73.67 -52.58 -76.51 -50.4 -77.33 -49.57 curveto
-78.16 -48.74 -81.9 -47.32 -83.95 -48.12 curveto
-86.01 -48.93 -87.91 -49.95 -88.94 -49.56 curveto
-89.96 -49.17 -91.34 -48.94 -93.24 -48.38 curveto
-95.14 -47.81 -98.67 -51.2 -99.08 -51.72 curveto
-99.49 -52.25 -102.21 -54.31 -103.33 -55.15 curveto
-104.45 -55.99 -104.78 -59.89 -105.26 -62.29 curveto
-105.73 -64.69 -107.75 -64.56 -109.53 -65.21 curveto
-111.3 -65.87 -112.09 -67.56 -112.09 -67.56 curveto stroke
newpath 51.52 40.59 moveto
49.6102 36.20467 44.34901 36.87852 44.03029 40.0477 curveto stroke
newpath 44.03029 40.0477 moveto
41.15195 37.97612 37.19246 39.23758 36.65863 42.39915 curveto stroke
newpath 36.65863 42.39915 moveto
33.86874 40.09248 31.57687 46.83252 37.69272 49.79042 curveto stroke
newpath 37.69272 49.79042 moveto
35.42883 51.32837 31.23201 51.24281 31.77338 54.17973 curveto stroke
newpath 31.77338 54.17973 moveto
29.37062 53.3262 27.5438 55.90741 26.24391 58.42621 curveto stroke
newpath 26.24391 58.42621 moveto
24.77095 56.13211 22.74728 59.6743 22.51 64.13 curveto stroke
newpath 22.51 64.13 moveto
22.51 64.13 lineto stroke
newpath 101.75 46.31 moveto
97.66809 44.09995 94.18158 48.20862 96.15514 50.76804 curveto stroke
newpath 96.15514 50.76804 moveto
93.9266 51.06679 92.13728 52.72235 91.52258 54.89366 curveto stroke
newpath 91.52258 54.89366 moveto
89.5852 52.9009 86.48053 52.53426 84.51268 54.36786 curveto stroke
newpath 84.51268 54.36786 moveto
83.82346 51.37709 79.98294 50.38042 77.47923 52.57404 curveto stroke
newpath 77.47923 52.57404 moveto
76.89162 49.61252 74.21257 47.51186 71.57048 48.43112 curveto stroke
newpath 71.57048 48.43112 moveto
72.20026 45.13464 67.1006 43.04771 64.63559 46.91663 curveto stroke
newpath 64.63559 46.91663 moveto
63.21034 44.17853 59.38412 43.89201 57.39297 46.36203 curveto stroke
newpath 57.39297 46.36203 moveto
56.51053 44.07828 54.29202 42.67105 51.8577 42.2636 curveto stroke
newpath 51.8577 42.2636 moveto
53.9272 39.75327 53.5573 36.10533 50.89 35.08 curveto stroke
newpath 50.89 35.08 moveto
50.89 35.08 lineto stroke
newpath 92.07 -57.52 moveto
92.07 -57.52 89.07 -54.73 88.92 -54.63 curveto
88.77 -54.52 85.38 -51.14 84.7 -50.34 curveto
84.02 -49.54 82.54 -46.11 82.19 -45.54 curveto
81.84 -44.98 79.25 -41.78 77.05 -39.85 curveto
74.84 -37.93 70.79 -39.07 69.95 -39.15 curveto
66.9 -39.42 67.98 -42.62 67.13 -43.88 curveto
66.28 -45.14 67.18 -50.87 66.37 -53.14 curveto
65.57 -55.41 60.4 -57.5 57.59 -56.83 curveto
54.79 -56.16 55.09 -54.81 54.26 -52.94 curveto
53.42 -51.06 52.38 -50.32 49.42 -47.67 curveto
46.46 -45.02 37.36 -47.6 34.75 -48.44 curveto
29.85 -50.02 29.41 -51.35 27.31 -56.54 curveto
24.87 -62.59 16.55 -65.64 15.08 -67.01 curveto
12.77 -69.17 2.77 -75.16 0.62 -75.99 curveto
-7.25 -79.03 -13.64 -82.12 -14.52 -82.55 curveto
-15.41 -82.98 -19.56 -86.15 -20.61 -88.43 curveto
-21.67 -90.71 -21.19 -91.77 -21.19 -91.77 curveto
-21.84 -92.63 lineto
-25.53 -97.36 lineto
-27.61 -99.25 lineto
-27.61 -99.25 -34.18 -102.24 -32.91 -101.78 curveto stroke
 0.00002 0.00018 0.00008 setrgbcolor
newpath -67.53 -98.44 moveto
-67.01 -98.85 -62.93 -101.63 -61.6 -102.22 curveto
-60.28 -102.81 -60.62 -106.79 -60.8 -107.45 curveto
-60.99 -108.11 -63.16 -113.03 -64.26 -115.96 curveto
-65.36 -118.89 -68.5 -117.8 -71.36 -118.42 curveto
-74.22 -119.05 -76.69 -118.36 -77.5 -118.11 curveto
-78.3 -117.86 -82.21 -115.72 -82.66 -115.3 curveto
-83.11 -114.89 -89.01 -113.49 -90.84 -112.77 curveto
-92.68 -112.06 -94.91 -108.62 -95.3 -107.99 curveto
-95.69 -107.36 -94.16 -105.99 -94.25 -103.98 curveto
-94.33 -101.97 -95.41 -102.01 -94.76 -100.33 curveto
-94.11 -98.64 -93.2 -96.51 -91.57 -94.14 curveto
-89.94 -91.76 -88.56 -92.06 -86.37 -91.1 curveto
-84.17 -90.15 -77.56 -93.18 -76.09 -93.69 curveto
-74.63 -94.21 -68.05 -98.03 -67.53 -98.44 curveto closepath fill
 0 0 0 setrgbcolor
newpath -67.53 -98.44 moveto
-67.01 -98.85 -62.93 -101.63 -61.6 -102.22 curveto
-60.28 -102.81 -60.62 -106.79 -60.8 -107.45 curveto
-60.99 -108.11 -63.16 -113.03 -64.26 -115.96 curveto
-65.36 -118.89 -68.5 -117.8 -71.36 -118.42 curveto
-74.22 -119.05 -76.69 -118.36 -77.5 -118.11 curveto
-78.3 -117.86 -82.21 -115.72 -82.66 -115.3 curveto
-83.11 -114.89 -89.01 -113.49 -90.84 -112.77 curveto
-92.68 -112.06 -94.91 -108.62 -95.3 -107.99 curveto
-95.69 -107.36 -94.16 -105.99 -94.25 -103.98 curveto
-94.33 -101.97 -95.41 -102.01 -94.76 -100.33 curveto
-94.11 -98.64 -93.2 -96.51 -91.57 -94.14 curveto
-89.94 -91.76 -88.56 -92.06 -86.37 -91.1 curveto
-84.17 -90.15 -77.56 -93.18 -76.09 -93.69 curveto
-74.63 -94.21 -68.05 -98.03 -67.53 -98.44 curveto closepath stroke
newpath 111.36 58.36 moveto
108.42152 53.97784 103.04404 56.33308 103.78438 59.57417 curveto stroke
newpath 103.78438 59.57417 moveto
100.04189 58.42049 96.95137 62.8392 99.40071 66.13954 curveto stroke
newpath 99.40071 66.13954 moveto
94.18665 66.74109 93.8644 72.69208 97.1846 73.51593 curveto stroke
newpath 97.1846 73.51593 moveto
95.08942 75.69044 94.77249 79.0637 96.77 81.22 curveto stroke
newpath 96.77 81.22 moveto
96.77 81.22 lineto stroke
newpath 97.2 71.84 moveto
94.62706 68.91238 90.43916 69.69595 90.11308 72.54468 curveto stroke
newpath 90.11308 72.54468 moveto
86.27463 69.70123 82.27406 72.61479 83.46492 75.18607 curveto stroke
newpath 83.46492 75.18607 moveto
80.45192 74.91455 78.35898 78.24255 79.60631 81.34764 curveto stroke
newpath 79.60631 81.34764 moveto
76.06485 80.84273 74.34676 86.5203 78.72911 88.34193 curveto stroke
newpath 78.72911 88.34193 moveto
76.19128 90.28424 78.99683 93.46034 80.85 91.89 curveto stroke
newpath 80.85 91.89 moveto
80.85 91.89 lineto stroke
newpath 107.11 54.25 moveto
104.91083 54.32985 102.35905 51.70705 100.84283 53.78104 curveto stroke
newpath 100.84283 53.78104 moveto
99.4591 50.64825 94.92256 51.23215 94.41 54.5 curveto stroke
newpath 94.41 54.5 moveto
94.41 54.5 lineto stroke
newpath 104.71 59.01 moveto
106.85832 55.24478 101.45383 51.30984 98.2677 55.01161 curveto stroke
newpath 98.2677 55.01161 moveto
97.02142 51.44919 91.68074 51.44424 89.98 55.46 curveto stroke
newpath 89.98 55.46 moveto
89.98 55.46 lineto stroke
newpath 101.34 62.75 moveto
100.92212 58.57758 96.35033 56.95627 94.33339 59.56609 curveto stroke
newpath 94.33339 59.56609 moveto
93.11617 56.59863 88.91093 56.3292 86.62587 59.11543 curveto stroke
newpath 86.62587 59.11543 moveto
85.17038 55.25214 80.47679 54.68996 79.07736 57.61745 curveto stroke
newpath 79.07736 57.61745 moveto
77.07368 54.69672 72.39528 55.72728 71.5817 59.47057 curveto stroke
newpath 71.5817 59.47057 moveto
68.69267 56.8453 64.16428 59.27287 64.76564 63.02217 curveto stroke
newpath 64.76564 63.02217 moveto
62.11153 62.00931 59.91681 65.01143 59.3546 68.45967 curveto stroke
newpath 59.3546 68.45967 moveto
56.39497 66.04066 52.31877 67.35947 52.22906 70.3655 curveto stroke
newpath 52.22906 70.3655 moveto
49.88786 68.91902 47.0305 72.13548 47.93239 76.4278 curveto stroke
newpath 47.93239 76.4278 moveto
44.96767 75.4568 41.70236 76.77916 40.96 79.65 curveto stroke
newpath 40.96 79.65 moveto
40.96 79.65 lineto stroke
newpath 76.42 58.23 moveto
80.65396 59.90004 79.31761 51.25858 72.14934 51.94777 curveto stroke
newpath 72.14934 51.94777 moveto
74.53677 46.71107 66.42708 43.8073 64.92 49.05 curveto stroke
newpath 64.92 49.05 moveto
64.92 49.05 lineto stroke
newpath 73.43 49.71 moveto
70.83798 46.72766 66.73868 46.26662 65.65291 49.00363 curveto stroke
newpath 65.65291 49.00363 moveto
63.73207 46.57686 59.84656 47.29105 57.98204 50.21454 curveto stroke
newpath 57.98204 50.21454 moveto
56.25644 46.89566 51.1115 47.66588 50.25072 51.66779 curveto stroke
newpath 50.25072 51.66779 moveto
46.32849 48.119 41.90349 48.879 42.97945 51.3674 curveto stroke
newpath 42.97945 51.3674 moveto
40.00804 51.02269 38.05118 54.32713 38.5112 57.79787 curveto stroke
newpath 38.5112 57.79787 moveto
35.6601 56.6198 32.64111 61.18082 36.14319 64.92468 curveto stroke
newpath 36.14319 64.92468 moveto
33.56381 65.52438 31.18236 67.13354 30.89 69.68 curveto stroke
newpath 30.89 69.68 moveto
30.89 69.68 lineto stroke
newpath 71.06 59.69 moveto
74.01538 56.22809 66.88255 52.06873 65.35251 57.58574 curveto stroke
newpath 65.35251 57.58574 moveto
63.23465 55.43054 59.36278 57.08334 58.83615 60.69077 curveto stroke
newpath 58.83615 60.69077 moveto
56.5853 58.91278 53.43399 58.55594 51.6454 60.57207 curveto stroke
newpath 51.6454 60.57207 moveto
50.6219 57.4994 44.05649 60.38152 47.5324 65.60753 curveto stroke
newpath 47.5324 65.60753 moveto
44.78275 65.78192 42.20226 67.36795 42.1138 69.94154 curveto stroke
newpath 42.1138 69.94154 moveto
38.71465 67.82013 34.87949 71.9412 37.24 75.18 curveto stroke
newpath 37.24 75.18 moveto
37.24 75.18 lineto stroke
newpath 49.82 60.95 moveto
47.20184 60.1173 44.36732 58.17049 42.58597 60.20338 curveto stroke
newpath 42.58597 60.20338 moveto
41.71306 57.6353 36.7295 58.51216 36.45 63.53 curveto stroke
newpath 36.45 63.53 moveto
36.45 63.53 lineto stroke
newpath 80.82 97.73 moveto
78.79324 94.48601 74.43805 94.75471 73.63719 97.65569 curveto stroke
newpath 73.63719 97.65569 moveto
70.64503 94.6179 66.25081 96.53554 66.69519 99.55325 curveto stroke
newpath 66.69519 99.55325 moveto
62.79742 98.0082 59.87369 103.16101 63.11052 105.6695 curveto stroke
newpath 63.11052 105.6695 moveto
59.82513 107.01187 59.4127 111.32224 62.23 112.86 curveto stroke
newpath 62.23 112.86 moveto
62.23 112.86 lineto stroke
 0 0.35 dtransform truncate idtransform setlinewidth pop
newpath 87.16 -30.34 moveto
87.16 -30.34 88.39 -32.02 88.98 -32.43 curveto
89.57 -32.84 90.7 -35.53 91.75 -36.64 curveto
92.81 -37.75 93.04 -43.21 93.88 -45.91 curveto
94.69 -48.53 92.05 -53.63 92.05 -53.63 curveto stroke
 0 0.5 dtransform truncate idtransform setlinewidth pop
newpath 51.82495 33.33151 moveto
52.43849 32.1937 53.17316 30.85254 53.43 30.47 curveto
53.59377 30.22078 54.05797 29.34537 54.64342 28.09648 curveto stroke
newpath 53.26747 30.73087 moveto
54.98833 31.74995 lineto stroke
newpath 56.21173 24.45525 moveto
56.8744 22.77084 57.51312 20.9188 57.95 19.15 curveto
58.03282 18.79794 lineto stroke
newpath 57.22342 21.65875 moveto
59.12195 22.28764 lineto stroke
 0.5 0 dtransform exch truncate exch idtransform pop setlinewidth
newpath 58.64217 14.88235 moveto
58.87506 12.54114 58.90506 10.32054 58.89293 8.94221 curveto stroke
 0 0.5 dtransform truncate idtransform setlinewidth pop
newpath 58.84576 11.91556 moveto
60.84409 11.99652 lineto stroke
showpage
%%EOF
