%!PS
%%BoundingBox: -646 -368 638 370 
%%HiResBoundingBox: -645.12 -367.85 637.62 369.07 
%%Creator: MetaPost 1.209
%%CreationDate: 2014.08.12:0807
%%Pages: 1
%%BeginProlog
%%EndProlog
%%Page: 1 1
 0 0 0 setrgbcolor 0 1 dtransform truncate idtransform setlinewidth pop
 [] 0 setdash 1 setlinecap 1 setlinejoin 10 setmiterlimit
newpath 590.32 323.31 moveto
590.32 323.31 579.48 314.06 574.47 303.03 curveto
569.46 292.01 565.84 285.8 564.16 277.94 curveto
562.48 270.09 564.98 255.5 560.44 246.94 curveto
555.91 238.39 549.24 229.17 545.08 228.7 curveto
540.92 228.24 534.27 232.13 531.72 234.47 curveto
529.17 236.81 528.02 240.08 521.91 241.26 curveto
515.81 242.44 509.14 243.31 504.95 243.56 curveto
500.76 243.82 492.63 245.2 489.41 249.82 curveto
486.18 254.44 488.5 260.88 478.66 258.44 curveto
468.82 256 454.04 247.73 435.77 246.95 curveto
417.5 246.17 402.42 244.94 396.39 247.57 curveto
390.37 250.19 381.46 249.52 381.08 251.81 curveto stroke
newpath 358.45 248.54 moveto
346.36 248.02 331.94 248.27 322.92 243.56 curveto
313.89 238.85 282.66 247.89 282.66 247.89 curveto
282.66 247.89 249.25 260.59 234.61 259.1 curveto
219.97 257.61 220.15 260.21 208.97 251.95 curveto
207.05 250.52 203.7 247.11 203.7 247.11 curveto
203.7 247.11 203.76 272.77 199.53 277.2 curveto
195.31 281.63 184.64 281.75 177.72 281.74 curveto
170.8 281.73 158.74 274.01 156.26 271.31 curveto
153.78 268.61 138.87 256.99 106.77 282.74 curveto
101.99 286.57 92.92 283.01 86.73 292.84 curveto
80.55 302.66 75.77 306.49 75.77 306.49 curveto
75.77 306.49 56.13 300.75 47.89 291.17 curveto
39.65 281.6 27.51 262.34 27.51 262.34 curveto
27.51 262.34 -2.24 270.58 -5.57 274.18 curveto
-8.89 277.79 -18.64 290.06 -18.64 290.06 curveto
-18.64 290.06 -28.56 292.8 -36.16 288.44 curveto
-43.75 284.08 -34.29 291.98 -40.09 299.52 curveto
-45.89 307.05 -47.45 309.87 -59.95 312.21 curveto
-72.44 314.56 -82.52 321.05 -86.54 320.59 curveto
-90.56 320.13 -98.92 313.43 -99.73 312.24 curveto
-100.54 311.05 -136.76 302.01 -136.76 302.01 curveto
-136.76 302.01 -147.32 299.54 -152.11 303.66 curveto
-156.9 307.77 -159.76 313.99 -166.5 303.04 curveto
-173.24 292.09 -183.61 278.38 -187.82 275.89 curveto
-192.04 273.41 -193.48 273.35 -197.57 274.61 curveto
-201.66 275.88 -203.69 276.08 -207.02 273.05 curveto
-210.35 270.03 -222.03 266.93 -222.03 266.93 curveto
-222.03 266.93 -224.69 275.18 -229.42 277.86 curveto
-234.15 280.54 -242.83 281.32 -251.24 269.14 curveto
-259.66 256.96 -267.69 235.86 -274.76 232.68 curveto
-281.83 229.49 -300.26 228.99 -310.15 217.61 curveto
-320.04 206.24 -337.78 189.62 -343.5 175.25 curveto
-349.23 160.88 -352.36 153.25 -354.11 153.75 curveto
-355.86 154.26 -355.36 156.01 -361.93 154.57 curveto
-368.5 153.14 -373.89 151.18 -375.23 148.81 curveto
-376.57 146.45 -411.48 126.8 -411.48 126.8 curveto
-411.48 126.8 -415.01 121.75 -417.46 118.47 curveto
-419.91 115.19 -443.08 104.11 -443.59 102.65 curveto
-444.11 101.19 -455.33 87.16 -455.33 87.16 curveto
-455.33 87.16 -460.85 81.44 -463.82 83.62 curveto
-466.8 85.8 -477.57 81.59 -475.8 73.89 curveto
-474.03 66.18 -473.36 57.27 -470.31 53.36 curveto
-467.26 49.46 -458.95 43.76 -458.81 40.6 curveto
-458.67 37.43 -454.21 34.16 -460.48 25.82 curveto
-464.81 20.07 -461.55 17.13 -459.24 10.31 curveto
-456.93 3.49 -449.56 -13.78 -457.12 -19 curveto
-464.68 -24.23 -472.84 -28.9 -474.11 -32.99 curveto
-475.37 -37.08 -480 -36.7 -481.9 -32.75 curveto
-483.8 -28.79 -485.63 -19.65 -492.51 -27.43 curveto
-499.38 -35.22 -510.82 -50.7 -510.96 -54.17 curveto
-511.1 -57.63 -516.89 -70.57 -518.55 -72.37 curveto
-520.2 -74.17 -531.46 -66.87 -536.11 -72.83 curveto
-540.76 -78.79 -546.61 -83.37 -549.64 -86.67 curveto
-552.67 -89.97 -564.74 -111.24 -564.74 -111.24 curveto
-564.74 -111.24 -584.94 -137.76 -582 -139.07 curveto
-579.06 -140.39 -593.07 -136.37 -593.07 -136.37 curveto
-593.07 -136.37 -600.92 -134.69 -600.37 -140.72 curveto
-599.83 -146.75 -598.28 -155.91 -598.28 -155.91 curveto
-597.41 -161.13 lineto stroke
newpath -395.91 -320.94 moveto
-391.53 -322.33 -385.99 -320.37 -387.35 -315.53 curveto
-388.71 -310.68 -391.16 -310.79 -390.96 -305.3 curveto
-390.76 -299.82 -391.04 -298.65 -390.87 -297.37 curveto
-390.43 -294.18 -388.43 -293.66 -387.12 -293.89 curveto
-385.82 -294.13 -384.8 -294.23 -384.36 -291.18 curveto
-383.91 -288.14 -377.46 -270.56 -378.22 -266.13 curveto
-378.99 -261.69 -383.91 -251.24 -388.04 -248.96 curveto
-392.17 -246.69 -400.48 -244.6 -400.42 -242.58 curveto
-400.36 -240.56 -400.69 -239.7 -398.21 -237 curveto
-395.73 -234.3 -388.83 -227.23 -388.43 -226.49 curveto
-388.02 -225.76 -377.96 -221.87 -377.06 -209.29 curveto
-376.15 -196.71 -374.58 -203.13 -374.04 -195.61 curveto
-373.49 -188.09 -383.25 -178.99 -384.72 -178.34 curveto
-386.19 -177.68 -386.77 -174.39 -397.06 -176.41 curveto
-407.35 -178.44 -400.33 -177.42 -400.33 -177.42 curveto
-400.33 -177.42 -405.93 -172.62 -399.06 -163.38 curveto
-397.28 -161 -398.07 -155.99 -399.81 -152.46 curveto
-401.55 -148.93 -402.53 -142.92 -401.47 -140.71 curveto
-400.41 -138.51 -397.5 -132.47 -402.98 -122.33 curveto
-408.45 -112.19 -411.84 -113.92 -416.32 -110.36 curveto
-420.79 -106.81 -423.89 -105.21 -425.81 -104 curveto
-427.74 -102.78 -428.73 -103.11 -428.73 -103.11 curveto
-428.73 -103.11 -426.98 -93.53 -424.22 -87.21 curveto
-421.47 -80.89 -414.2 -68.91 -414.17 -66.17 curveto
-414.14 -63.43 -415.95 -58.17 -406.85 -45.24 curveto
-397.75 -32.32 -404.75 -40.54 -401.03 -36.35 curveto
-397.32 -32.15 -399.15 -26.47 -396.81 -23.92 curveto
-394.47 -21.37 -384.16 -16.46 -382.53 -14.08 curveto
-380.9 -11.7 -380.29 -9.23 -381.65 -4.39 curveto
-383.01 0.46 -386.5 4.63 -378 14.8 curveto
-369.5 24.96 -362.83 40.81 -362.77 42.98 curveto
-362.72 45.14 -362.23 53.96 -360.64 57.2 curveto
-359.05 60.43 -353.9 61.38 -349.86 64.58 curveto
-345.82 67.78 -341.27 76.04 -332.58 78.43 curveto
-323.89 80.82 -316.51 76.67 -313.15 78.98 curveto
-309.79 81.28 -302.91 88.93 -301.85 91.13 curveto
-300.79 93.34 -292.41 109.56 -287.41 113.95 curveto
-282.41 118.34 -283.67 125.16 -268.97 124.4 curveto
-265.94 124.24 -265.73 129.43 -254.59 131.79 curveto
-243.45 134.14 -219.99 138.31 -217.22 144.34 curveto
-214.45 150.37 -212.04 161.42 -206.72 161.79 curveto
-201.41 162.17 -186.94 164.37 -181.56 166.48 curveto
-176.17 168.58 -150.64 184.95 -138.56 185.61 curveto
-126.48 186.27 -124.37 184.06 -116.56 180.07 curveto
-108.75 176.08 -87.44 169.93 -81.38 169.76 curveto
-75.32 169.58 -70.79 171.51 -56.22 167.95 curveto
-41.66 164.39 -32.87 161.17 -29.49 159.58 curveto
-26.11 158 -17.71 157.06 -16.07 155.98 curveto
-14.44 154.89 -13.97 154.05 -9.87 138.95 curveto
-5.76 123.84 -4.51 121.45 -4.7 119.13 curveto
-4.89 116.82 -4.9 93.61 0.54 81.02 curveto
5.98 68.42 6.13 51.57 26.5 43.5 curveto
46.88 35.44 50.92 42.24 52.12 44.46 curveto
53.32 46.67 54.2 53.05 56.28 55.01 curveto
58.36 56.97 65.18 62.6 71.28 61.56 curveto
77.37 60.53 79.16 62.52 100.11 54.58 curveto
103.19 53.42 109.91 51.4 116.37 51.97 curveto
122.83 52.53 133.91 49.41 138.84 48.75 curveto
143.77 48.1 147.38 51.28 146.21 54.98 curveto
145.05 58.68 142.03 66.14 141.98 67.99 curveto
141.88 71.95 138.33 77.56 148.83 78.01 curveto
159.33 78.46 169.93 83.24 171.75 84.47 curveto
173.57 85.7 192.67 94.01 185.16 104.64 curveto
177.64 115.27 175.79 111.3 165.83 118.37 curveto
155.88 125.44 146.47 139.89 146.47 139.89 curveto
141.6 152.65 lineto
141.6 152.65 140.57 156.49 148.02 157.39 curveto
155.48 158.28 167.66 163.27 169.75 164.94 curveto
171.84 166.62 173.75 172.46 178.51 172.24 curveto
183.28 172.01 196.08 165.92 198.56 165.31 curveto
201.03 164.69 218.03 161.53 224.77 159.08 curveto
231.5 156.63 232.09 156.51 234.16 158.62 curveto
236.23 160.72 238.56 170.19 242.91 166.2 curveto
247.26 162.21 245.87 157.82 255.68 154.06 curveto
265.5 150.3 274.62 146.08 276.82 145.17 curveto
279.02 144.25 285.77 141.51 288.3 143.06 curveto
290.82 144.61 287.67 150.96 293.35 149.48 curveto
299.04 147.99 300.59 145.46 304.18 145.61 curveto
307.78 145.77 308.3 147.09 311.09 149.22 curveto
313.88 151.36 316.02 158.66 327.02 157.69 curveto
338.01 156.72 356.43 154.19 361.22 153.24 curveto
366.02 152.29 374.54 155.4 378.77 157.45 curveto
383.01 159.51 394.05 170.93 397.41 173.24 curveto
400.77 175.55 407 174.8 409.88 174.93 curveto
412.76 175.05 423.66 176.24 426.41 176.07 curveto
429.15 175.9 435.84 177.91 444.55 169.64 curveto
453.26 161.36 459.74 164.95 461.64 164.31 curveto
463.54 163.68 467.84 161.23 473.78 160.08 curveto
475.31 159.78 476.26 159.46 476.26 159.46 curveto
476.26 159.46 480.17 148.96 478.68 139.96 curveto
477.19 130.96 474.93 128.3 467.08 107.9 curveto
465.78 104.53 464.55 96.98 464.2 87.6 curveto
464.13 85.8 463.4 79.35 469.51 81.49 curveto
475.61 83.62 476.65 86.4 480.02 88.42 curveto
483.39 90.44 485.21 91.81 486.04 89.11 curveto
486.88 86.41 486.93 85.11 489.08 82.18 curveto
491.22 79.24 492.47 80.3 493.44 81.35 curveto
494.4 82.4 505.62 93.12 505.62 93.12 curveto
505.62 93.12 512.67 100.19 512.03 104.92 curveto
511.4 109.65 510.72 118.7 511.16 121.89 curveto
511.6 125.08 514.92 131.85 518.64 132.3 curveto
522.37 132.75 526.36 137.83 535.63 142.97 curveto
539.01 144.85 538.17 154.32 544.63 158.35 curveto
551.09 162.37 554.87 164.84 558.63 168.03 curveto
562.38 171.21 563.73 170.12 563.58 176.89 curveto
563.44 183.65 560.57 193.33 563.91 199.67 curveto
567.24 206.01 568.97 216.18 581.74 227.53 curveto
594.51 238.89 603.73 255.86 604.92 258.36 curveto
606.11 260.86 609.36 275.84 611.58 277.81 curveto
613.8 279.78 620.61 295.78 619.19 302.06 curveto
617.77 308.35 616.63 308.01 618.22 311.39 curveto stroke
newpath -592.04 -173.88 moveto
-585.63 -175.41 lineto
-585.63 -175.41 -578.69 -175.97 -574.59 -170.61 curveto
-570.5 -165.24 -569.17 -159.28 -570.83 -154.3 curveto
-572.48 -149.33 -573.28 -147.35 -573.28 -147.35 curveto
-556.93 -128.63 lineto
-542.54 -111.15 lineto
-542.54 -111.15 -538.56 -106.52 -532.29 -104.95 curveto
-526.01 -103.39 -511.15 -96.98 -507.85 -96.7 curveto
-504.54 -96.41 -504.42 -95.83 -503.23 -100.25 curveto
-502.03 -104.66 -497.36 -122.77 -489.26 -126.75 curveto
-481.17 -130.72 -472.73 -129.21 -468.66 -126.73 curveto
-464.58 -124.25 -461.93 -118.95 -461.93 -118.95 curveto
-454.1 -123.37 lineto
-454.1 -123.37 -451.16 -124.68 -450.59 -131.14 curveto
-450.03 -137.61 -447.72 -141.11 -443.69 -140.79 curveto
-439.67 -140.48 -441.27 -140.26 -441.27 -140.26 curveto
-441.27 -140.26 -436.29 -158.78 -436.26 -166.27 curveto
-436.23 -173.77 -436.65 -184.16 -435.1 -190.01 curveto
-433.56 -195.85 -434.13 -199.33 -432.66 -199.99 curveto
-431.19 -200.65 -424.38 -201.51 -421.88 -195.93 curveto
-419.38 -190.34 -418.55 -189.59 -414.69 -188.84 curveto
-410.83 -188.1 -409.9 -189.5 -407.93 -188.41 curveto
-405.96 -187.32 -405.18 -185.27 -403.02 -185.32 curveto
-400.85 -185.37 -399.62 -190.51 -399.26 -192.22 curveto
-398.9 -193.93 -394.7 -201.25 -394.7 -201.25 curveto
-394.7 -201.25 -390.93 -201.81 -394.02 -210.45 curveto
-397.1 -219.08 -395.32 -220.3 -399.91 -224.1 curveto
-404.51 -227.9 -409.31 -226.96 -410.28 -227.72 curveto
-411.26 -228.48 -418.61 -225.19 -422.66 -234.88 curveto
-426.71 -244.56 -432.04 -247.96 -431.08 -253.54 curveto
-430.12 -259.12 -431.23 -263.5 -433.47 -265.03 curveto
-435.71 -266.57 -438.21 -265.38 -440.17 -280.31 curveto
-442.12 -295.24 -441.92 -300.13 -442.52 -302.89 curveto
-443.12 -305.66 -444.87 -308.47 -444.8 -316.97 curveto
-444.72 -325.47 -441.13 -346.86 -432.86 -356.96 curveto
-432.4 -357.52 -415.6 -348.86 -414.06 -338.14 curveto
-413.73 -335.82 -410.65 -333.53 -410.65 -333.53 curveto
-406.75 -337.25 lineto
-406.75 -337.25 -403.66 -338.71 -403.91 -332.81 curveto
-404.16 -326.91 -401.31 -326.07 -401.31 -326.07 curveto stroke
newpath -569.57018 -117.9748 moveto
-558.29887 -109.30264 lineto
-565.87206 -121.3399 lineto
 closepath fill
newpath -566.14018 -120.8548 moveto
-554.86888 -112.18265 lineto
-562.44206 -124.21991 lineto
 closepath fill
newpath -561.83018 -123.8448 moveto
-550.55888 -115.17265 lineto
-558.13206 -127.20992 lineto
 closepath fill
newpath -560.8366 -110.73598 moveto
-550.23077 -101.26144 lineto
-556.90187 -113.82115 lineto
 closepath fill
newpath -555.9966 -116.00597 moveto
-545.39078 -106.53143 lineto
-552.06187 -119.09114 lineto
 closepath fill
 [6 6 ] 0 setdash
newpath -641.2 -116.24 moveto
-642.3 -117.44 -641.72 -124.33 -641.72 -124.33 curveto
-640.79 -134.31 lineto stroke
newpath -443.75873 -112.38982 moveto
-436.63177 -124.69653 lineto
-447.5777 -115.61714 lineto
 closepath fill
newpath -436.67886 -126.40768 moveto
-424.2196 -133.26431 lineto
-438.28195 -131.1437 lineto
 closepath fill
newpath -431.53886 -115.23769 moveto
-419.0796 -122.09431 lineto
-433.14195 -119.97371 lineto
 closepath fill
newpath -421.35886 -124.01768 moveto
-408.8996 -130.87431 lineto
-422.96194 -128.75371 lineto
 closepath fill
newpath -422.28886 -132.70769 moveto
-409.8296 -139.56432 lineto
-423.89195 -137.44371 lineto
 closepath fill
newpath -423.62886 -141.84769 moveto
-411.1696 -148.70432 lineto
-425.23195 -146.58371 lineto
 closepath fill
newpath -431.61456 -145.12953 moveto
-427.20216 -158.64908 lineto
-436.02109 -147.4923 lineto
 closepath fill
newpath -422.42458 -144.44954 moveto
-418.01218 -157.96909 lineto
-426.8311 -146.8123 lineto
 closepath fill
newpath -410.40457 -149.11954 moveto
-405.99217 -162.63908 lineto
-414.8111 -151.4823 lineto
 closepath fill
newpath -423.18457 -153.55954 moveto
-418.77217 -167.07909 lineto
-427.5911 -155.9223 lineto
 closepath fill
 [] 0 setdash
newpath 478.48 199.54 moveto
478.48 199.54 478.77 198.49 483.39 198.39 curveto
488.01 198.3 488.78 197.04 491.12 199.73 curveto
493.45 202.43 496.14 203.55 496.35 205.43 curveto
496.56 207.31 497.17 206.48 493.74 209.07 curveto
490.32 211.66 490.42 212.67 486.18 214.08 curveto
481.94 215.48 478.49 215.19 475.04 215.05 curveto
471.59 214.9 470.16 214.55 469.06 213.35 curveto
467.96 212.15 467.59 210.69 469.56 208.33 curveto
471.54 205.96 472.17 204.55 473.84 202.6 curveto
475.51 200.65 478.48 199.54 478.48 199.54 curveto closepath stroke
 [6 6 ] 0 setdash
newpath 563.15 271.13 moveto
557.59 276.37 lineto
551.63 277.7 lineto stroke
newpath 565.03 281.01 moveto
560.08 282.38 lineto
555.25 283.91 lineto stroke
 [] 0 setdash
newpath 60.2 205.8 moveto
60.2 205.8 65.27 208.61 70.58 205.66 curveto
75.9 202.72 78.57 200.82 79.07 195.94 curveto
79.57 191.06 83.41 188.92 76.12 183.99 curveto
68.84 179.07 67.87 181.62 61.82 181.36 curveto
55.78 181.1 55.44 182.24 49.38 182.56 curveto
43.31 182.88 38.79 180.67 37.37 186.95 curveto
35.95 193.23 38.85 199.41 39.96 200.61 curveto
41.06 201.81 43.55 204.22 47.26 204.95 curveto
50.98 205.69 53.86 205.81 56.47 205.35 curveto
59.09 204.88 60.2 205.8 60.2 205.8 curveto closepath stroke
newpath 185.47 228.74 moveto
185.47 228.74 188.18 229.44 189.28 227.18 curveto
190.39 224.92 191.33 223.09 191.14 220.77 curveto
190.95 218.46 191.38 218.62 190.31 216.56 curveto
189.25 214.49 189.24 214.64 187.55 213.7 curveto
185.86 212.76 183.88 211.96 182.28 212.18 curveto
180.69 212.4 178.63 213.32 178 214.73 curveto
177.36 216.15 177.24 215.56 176.83 218.29 curveto
176.43 221.01 177.38 222.49 178.32 223.97 curveto
179.27 225.45 179.05 227.03 180.2 227.22 curveto
181.34 227.41 182.61 228.19 182.61 228.19 curveto
 closepath stroke
newpath 210.72691 184.85887 moveto
207.69127 170.96516 lineto
205.73058 185.05083 lineto
 closepath fill
newpath 226.7769 183.67886 moveto
223.74126 169.78516 lineto
221.78056 183.87082 lineto
 closepath fill
newpath 241.4969 183.29886 moveto
238.46126 169.40515 lineto
236.50056 183.49081 lineto
 closepath fill
newpath 257.5469 182.10887 moveto
254.51126 168.21516 lineto
252.55057 182.30083 lineto
 closepath fill
newpath 278.0569 174.33887 moveto
275.02126 160.44516 lineto
273.06056 174.53082 lineto
 closepath fill
newpath 293.61691 174.56886 moveto
290.58127 160.67516 lineto
288.62057 174.76082 lineto
 closepath fill
newpath 308.4469 174.91887 moveto
305.41125 161.02516 lineto
303.45056 175.11082 lineto
 closepath fill
newpath 322.6269 176.95886 moveto
319.59126 163.06516 lineto
317.63057 177.15082 lineto
 closepath fill
newpath 336.92691 176.12886 moveto
333.89127 162.23515 lineto
331.93057 176.32082 lineto
 closepath fill
newpath 359.81967 180.21147 moveto
361.89113 166.1418 lineto
355.07806 178.62492 lineto
 closepath fill
newpath 377.40967 183.41147 moveto
379.48112 169.3418 lineto
372.66806 181.82492 lineto
 closepath fill
newpath 378.76025 201.70235 moveto
383.5133 215.10597 lineto
383.69312 200.8857 lineto
 closepath fill
newpath 402.74026 207.19235 moveto
407.49332 220.59598 lineto
407.67313 206.3757 lineto
 closepath fill
newpath 427.13026 203.05235 moveto
431.88332 216.45598 lineto
432.06313 202.2357 lineto
 closepath fill
newpath 458.08997 219.9682 moveto
466.37357 231.52809 lineto
462.6029 217.81564 lineto
 closepath fill
newpath 327.50691 194.17886 moveto
324.47127 180.28516 lineto
322.51057 194.37082 lineto
 closepath fill
newpath 312.6969 193.54886 moveto
309.66125 179.65515 lineto
307.70056 193.74081 lineto
 closepath fill
newpath 299.7169 193.56886 moveto
296.68126 179.67516 lineto
294.72057 193.76082 lineto
 closepath fill
newpath 287.3869 192.02887 moveto
284.35126 178.13516 lineto
282.39056 192.22083 lineto
 closepath fill
newpath 271.1069 192.05887 moveto
268.07126 178.16516 lineto
266.11057 192.25082 lineto
 closepath fill
newpath 253.1069 194.88887 moveto
250.07126 180.99516 lineto
248.11057 195.08083 lineto
 closepath fill
newpath 239.5269 195.60887 moveto
236.49126 181.71516 lineto
234.53056 195.80083 lineto
 closepath fill
newpath 228.4669 198.01886 moveto
225.43126 184.12515 lineto
223.47057 198.21082 lineto
 closepath fill
newpath 212.4369 202.08887 moveto
209.40126 188.19516 lineto
207.44057 202.28082 lineto
 closepath fill
newpath 200.06691 201.55887 moveto
197.03127 187.66516 lineto
195.07057 201.75082 lineto
 closepath fill
newpath 86.9666 168.48532 moveto
100.53903 172.73221 lineto
89.27534 164.05026 lineto
 closepath fill
newpath 92.4666 154.30533 moveto
106.03903 158.55222 lineto
94.77534 149.87027 lineto
 closepath fill
newpath 104.0766 132.46532 moveto
117.64903 136.7122 lineto
106.38535 128.03026 lineto
 closepath fill
newpath 111.10634 119.1625 moveto
124.42493 114.17642 lineto
110.20378 114.24466 lineto
 closepath fill
 0 0.5 dtransform truncate idtransform setlinewidth pop
newpath -437.17142 75.94408 moveto
-438.47298 74.91986 -437.1919 72.37042 -438.83069 71.58449 curveto
-440.95703 70.56473 -442.25262 75.6778 -444.52766 73.97263 curveto
-446.9966 72.12216 -442.064 69.58913 -443.42207 67.71669 curveto
-444.94603 65.61554 -447.23944 68.84616 -449.16286 68.5438 curveto
-451.5051 68.17558 -451.21564 64.8924 -452.88858 63.57591 curveto stroke
newpath -452.25032 68.5163 moveto
-452.80948 67.07858 -452.08412 65.00943 -452.88858 63.57591 curveto
-451.3061 64.02072 -450.35583 65.99669 -448.94383 66.6179 curveto
 closepath stroke
newpath -452.25032 68.5163 moveto
-452.80948 67.07858 -452.08412 65.00943 -452.88858 63.57591 curveto
-451.3061 64.02072 -450.35583 65.99669 -448.94383 66.6179 curveto
 closepath fill
newpath -465.01141 58.71408 moveto
-466.31297 57.68987 -465.03189 55.14043 -466.67068 54.35449 curveto
-468.79703 53.33473 -470.09262 58.4478 -472.36766 56.74263 curveto
-474.8366 54.89217 -469.90399 52.35913 -471.26207 50.4867 curveto
-472.78603 48.38554 -475.07944 51.61617 -477.00285 51.3138 curveto
-479.3451 50.94559 -479.05563 47.6624 -480.72858 46.34592 curveto stroke
newpath -480.09032 51.2863 moveto
-480.64948 49.84859 -479.92412 47.77943 -480.72858 46.34592 curveto
-479.1461 46.79073 -478.19583 48.7667 -476.78383 49.38791 curveto
 closepath stroke
newpath -480.09032 51.2863 moveto
-480.64948 49.84859 -479.92412 47.77943 -480.72858 46.34592 curveto
-479.1461 46.79073 -478.19583 48.7667 -476.78383 49.38791 curveto
 closepath fill
 0 1 dtransform truncate idtransform setlinewidth pop
 [6 6 ] 0 setdash
newpath -460.67 43.69 moveto
-460.67 43.69 -461.36 46.25 -466.49 41.56 curveto
-471.62 36.88 -475.55 37.72 -475.55 37.72 curveto stroke
newpath -475.8 73.89 moveto
-477.02 68.64 -474.66 70.76 -479.49 65.8 curveto
-484.32 60.84 -486.98 58.99 -486.98 58.99 curveto stroke
newpath -401.31 -326.07 moveto
-395.12 -342.96 lineto
-388.46 -357.08 lineto
-388.46 -357.08 -391.78 -353.48 -387.53 -358.49 curveto
-383.28 -363.49 -379.08 -367.35 -379.08 -367.35 curveto stroke
newpath -387.35 -315.53 moveto
-387.35 -315.53 -386.44 -323.27 -383.69 -326.9 curveto
-380.94 -330.53 -377.71 -338.75 -376.24 -339.55 curveto
-374.76 -340.36 -370.12 -347.65 -369.2 -349.06 curveto
-368.27 -350.46 -364.65 -354.34 -364.65 -354.34 curveto stroke
newpath 618.22 311.39 moveto
624.71 321.33 lineto
632.41 340.1 lineto
637.12 354.58 lineto stroke
newpath 590.32 323.31 moveto
595.03 341.39 lineto
595.03 341.39 598.71 349.62 600.13 353.57 curveto
601.54 357.52 607.12 368.57 607.12 368.57 curveto stroke
 0.5 0 dtransform exch truncate exch idtransform pop setlinewidth [] 0 setdash
newpath -75.02 240.80994 moveto
-75.02 237.81006 lineto stroke
 0 0.5 dtransform truncate idtransform setlinewidth pop
newpath -76.51994 235.31006 moveto
-75.02 237.81006 lineto
-73.52007 235.31006 lineto stroke
newpath -76.51994 243.30994 moveto
-75.02 240.80994 lineto
-73.52007 243.30994 lineto stroke
 0 1 dtransform truncate idtransform setlinewidth pop
newpath -640.79 -134.31 moveto
-641.08 -136.05 -642.09 -147.62 -642.21 -149.86 curveto
-642.34 -152.1 -643.52 -161.38 -643.87 -163.41 curveto
-644.22 -165.44 -644.55 -177.78 -644.62 -179.73 curveto stroke
newpath -617.14 -185.26 moveto
-613.4 -183.29 -607.91 -181.91 -604.04 -181.38 curveto
-600.17 -180.86 -595.49 -180.94 -594.48 -179.17 curveto
-593.48 -177.4 -592.36 -176.49 -592.11 -175.54 curveto
-591.87 -174.59 -592.04 -173.88 -592.04 -173.88 curveto
-592.04 -173.88 -589.97 -171.84 -592.13 -168.33 curveto
-594.3 -164.82 -593.65 -163.14 -597.41 -161.13 curveto
-601.17 -159.13 -604.8 -156.98 -605.75 -156.52 curveto
-606.71 -156.05 -616.1 -153.86 -619.07 -153.41 curveto
-622.05 -152.96 -626.43 -153.22 -627.94 -149.97 curveto
-629.45 -146.72 -629.74 -145 -631.08 -142.25 curveto
-632.42 -139.5 -632.6 -138.78 -632.77 -136.56 curveto stroke
 [6 6 ] 0 setdash
newpath -632.77 -136.56 moveto
-632.77 -136.56 -630.91 -127.61 -631.54 -126.49 curveto
-632.16 -125.36 -632.64 -121.06 -632.23 -117.01 curveto stroke
showpage
%%EOF
