%!PS
%%BoundingBox: -548 -395 547 393 
%%HiResBoundingBox: -547.71501 -394.15501 546.58624 392.68994 
%%Creator: MetaPost 1.209
%%CreationDate: 2015.12.07:2306
%%Pages: 1
%%BeginProlog
%%EndProlog
%%Page: 1 1
 0 0 0 setrgbcolor 0 0.49 dtransform truncate idtransform setlinewidth pop
 [] 0 setdash 1 setlinecap 1 setlinejoin 10 setmiterlimit
newpath -166.26 69.93 moveto
-166.26 69.93 -148.35 92.91 -140.76 95.58 curveto
-133.17 98.25 -116.81 110.84 -104.85 118.96 curveto
-92.89 127.07 -86.33 131.63 -77.51 146.83 curveto
-68.68 162.04 -50.22 176.39 -45.49 178.48 curveto
-40.76 180.57 -35.24 180.53 -28.26 186.78 curveto
-21.27 193.04 3.61 215.78 7.08 219.51 curveto
10.55 223.23 30.75 242.69 37.86 245.35 curveto
44.97 248 69.53 253.2 75 254.6 curveto
80.48 256 96.75 257.78 103.98 263.8 curveto
111.21 269.82 141.55 287.47 146.68 291.74 curveto
151.82 296.01 178.31 314 183.63 319.48 curveto
188.96 324.95 205.3 338.02 218.66 340.66 curveto
232.01 343.3 247.26 340 250.67 338.68 curveto
254.07 337.36 264.57 339.42 270.77 340.6 curveto
276.97 341.78 283.22 348.24 286.29 349.79 curveto
289.35 351.34 300.74 361.84 307.05 366.86 curveto
313.35 371.89 333.41 381.73 337.69 383.09 curveto
341.96 384.44 358.28 391.5 366.19 392.03 curveto
374.1 392.55 376.48 393.11 380.67 390.14 curveto
384.86 387.16 384.41 386.19 394.04 385.57 curveto
403.67 384.95 419.67 387.68 423.39 384.21 curveto
427.12 380.74 427.68 371.63 428.67 364.22 curveto
429.65 356.81 432.98 350.92 437.2 346.99 curveto
441.42 343.05 451.13 333.31 460.29 332.43 curveto
469.44 331.56 486.79 330.02 490.63 330.16 curveto
494.46 330.29 497.63 328.97 500.13 333.14 curveto
502.62 337.31 502.91 342.6 502.91 342.6 curveto stroke
newpath 506.08 341.27 moveto
505.92 339.11 502.38 330.58 505.87 326.86 curveto
509.37 323.14 514.25 320.91 515.6 316.64 curveto
516.95 312.37 520.17 302.88 522.01 298.62 curveto
523.84 294.37 527.59 283.46 529.6 280.89 curveto
531.61 278.32 534.19 273.37 538.61 264.16 curveto
543.02 254.95 545.33 230.78 545.26 225.98 curveto
545.19 221.18 548.01 209.75 544.81 198.59 curveto
541.61 187.43 526.69 154.95 523.98 150.29 curveto
521.26 145.63 504.07 129.4 499.88 125.89 curveto
495.68 122.38 482.19 110.13 477.49 107.08 curveto
472.8 104.03 462.52 95.97 460.19 93.97 curveto
457.86 91.96 452.47 81.44 448.75 77.95 curveto
445.04 74.45 441.87 75.54 435.54 71.23 curveto stroke
newpath 371.19 77.58 moveto
374.6 82.74 381 91.85 382.71 97.92 curveto
384.41 103.98 385.69 108.59 387.98 118.28 curveto
390.28 127.97 390.43 130.61 390.38 138.54 curveto
390.34 146.46 395.76 156.02 397.69 162.57 curveto
399.61 169.13 406.35 175.61 411.5 185.88 curveto
416.66 196.16 400.84 195.11 395.51 196.36 curveto
390.18 197.61 376.49 197.61 367.43 195.61 curveto
358.38 193.61 357.5 191.41 352.25 190.27 curveto
347.01 189.12 332.54 190.77 327.21 192.03 curveto
321.88 193.28 301.55 191.12 294.22 187.98 curveto
286.89 184.84 258.81 184.8 250.03 181.85 curveto
241.25 178.89 218.28 183.59 210.33 184.27 curveto
202.38 184.94 199.58 182.68 190.25 181.63 curveto
180.92 180.57 151.44 179.04 143.52 178.99 curveto
135.59 178.95 101.31 183.73 89.46 186.18 curveto
77.6 188.64 76.66 181.4 72.22 177.88 curveto
67.78 174.36 58.27 171.62 52.86 168.54 curveto
47.44 165.47 28.43 146.29 23.76 142.76 curveto
19.08 139.23 10.89 126.45 5.88 118.59 curveto
0.88 110.72 -7.28 103.95 -13.42 94.12 curveto
-19.55 84.29 -28 71.98 -34.9 63.57 curveto
-41.81 55.16 -48.17 45.09 -48.17 45.09 curveto stroke
newpath -48.17 45.09 moveto
-49.58 44.31 -62.53 30.16 -67.11 24 curveto
-71.69 17.83 -91.79 -17.24 -93.38 -19.69 curveto
-94.98 -22.15 -108.48 -61.06 -111.16 -66.92 curveto
-113.83 -72.78 -113.24 -89.57 -111.52 -97.43 curveto
-109.81 -105.3 -101.06 -115.07 -99.57 -116.46 curveto stroke
newpath -172.99 -132.02 moveto
-177.48 -120.41 -201.04 -119.8 -211.3 -121.6 curveto
-221.57 -123.4 -222.66 -126.32 -225.88 -130.52 curveto
-229.09 -134.72 -266.63 -159.58 -271.94 -165.54 curveto
-277.24 -171.49 -306.32 -197.52 -311.47 -201.3 curveto
-316.62 -205.09 -334.46 -223.26 -341.07 -226.38 curveto
-347.68 -229.5 -351.47 -231.08 -353.87 -230.93 curveto
-356.28 -230.77 -363.96 -231.05 -367.73 -232.87 curveto
-371.51 -234.68 -372.48 -241.2 -375.45 -245.39 curveto
-378.42 -249.58 -404.41 -281.5 -412.64 -299.81 curveto
-420.86 -318.11 -437.33 -327.59 -441.98 -332.08 curveto
-446.62 -336.57 -466.07 -356.73 -470.13 -363.84 curveto
-474.2 -370.95 -481.25 -368.56 -494.56 -379.12 curveto
-507.87 -389.69 -521.46 -392.34 -525.01 -393.91 curveto stroke
newpath -547.47 -310.42 moveto
-525.77 -299.31 -502.75 -291.76 -494.58 -284.98 curveto
-486.42 -278.2 -457.73 -247.87 -451.35 -238.28 curveto
-444.97 -228.68 -425.75 -195.57 -422.32 -190.88 curveto
-418.88 -186.19 -388.85 -153.17 -382.63 -145.98 curveto
-376.4 -138.8 -374.78 -137.06 -362.97 -131.59 curveto
-351.16 -126.12 -338.99 -110.55 -337.21 -106.64 curveto
-335.43 -102.74 -310.85 -78.06 -302.04 -68.86 curveto
-293.23 -59.65 -247.26 -14.56 -241.02 -7.62 curveto
-234.79 -0.68 -216.71 10.76 -205.55 27.23 curveto
-194.38 43.71 -174.49 64.83 -166.26 69.93 curveto stroke
showpage
%%EOF
