%!PS
%%BoundingBox: -1113 -773 1351 520 
%%HiResBoundingBox: -1112.50812 -772.32184 1350.59 519.8227 
%%Creator: MetaPost 1.209
%%CreationDate: 2015.12.07:2306
%%Pages: 1
%%BeginProlog
%%EndProlog
%%Page: 1 1
 0 0 0 setrgbcolor 0 0.7 dtransform truncate idtransform setlinewidth pop
 [] 0 setdash 1 setlinecap 1 setlinejoin 10 setmiterlimit
newpath 972.4 68.8 moveto
957.34 128.01 lineto stroke
newpath 956.84589 124.27286 moveto
957.34 128.01 lineto
959.55966 124.9631 lineto stroke
 0 1.4 dtransform truncate idtransform setlinewidth pop
newpath -574.63 -342.39 moveto
-574.63 -342.39 -560.94 -325.04 -557.56 -320.98 curveto
-554.08 -316.8 -538.11 -293.28 -533.98 -287.8 curveto
-529.84 -282.3 -510.05 -263 -500.54 -250.9 curveto
-491 -238.76 -480.48 -230.94 -471.39 -218.2 curveto
-462.36 -205.54 -436.78 -175.76 -431.75 -165.02 curveto
-426.73 -154.29 -421.85 -150.75 -418.55 -142.89 curveto
-415.25 -135.05 -403.67 -120.93 -399.66 -115.63 curveto
-395.63 -110.31 -389.77 -103.35 -379.75 -91.09 curveto
-369.71 -78.79 -348.5 -50.43 -342.59 -38.6 curveto
-336.59 -26.61 -327.2 -11.8 -323.7 -5.75 curveto
-320.21 0.3 -316.38 7.77 -310.54 13.98 curveto
-304.72 20.17 -300.27 19.47 -292.26 30.35 curveto
-284.32 41.12 -272.22 55.34 -267.39 63.66 curveto
-262.56 71.96 -235.82 106.16 -230.05 113.91 curveto
-224.3 121.63 -226.85 124.42 -216.92 128.38 curveto
-206.98 132.34 -203.57 128.47 -198.77 135.38 curveto
-193.96 142.31 -185.51 156.25 -179.71 161.55 curveto
-173.89 166.85 -151.95 172.76 -146.51 182.37 curveto
-141.08 191.98 -139.26 188.43 -138.2 199.32 curveto
-137.14 210.25 -142.47 211.28 -138.2 222.65 curveto
-133.88 234.16 -126.59 243.4 -121.62 258.23 curveto
-116.71 272.87 -113.22 273.88 -111.97 284.32 curveto
-110.72 294.7 -108.38 315.25 -104.07 323.25 curveto
-99.78 331.24 -96.56 345.8 -92.56 350.69 curveto
-88.54 355.58 -79.08 373.53 -76.88 379.39 curveto
-74.68 385.23 -55.99 416.69 -52.72 430.38 curveto
-49.45 444.05 -39.9 470.58 -38.28 482.3 curveto
-36.68 493.94 -33.44 502.14 -26.15 509.77 curveto
-18.9 517.35 -16.37 521.88 -6.21 517.26 curveto
4.12 512.57 3.95 511.31 11.48 509.67 curveto
19 508.02 39.17 509 44.72 509.16 curveto
50.27 509.32 62.86 501.89 68.97 503.25 curveto
75.11 504.62 100.24 503.23 107.44 500.14 curveto
114.67 497.04 124.92 493.96 130.5 495.17 curveto
136.07 496.38 151.13 492.98 158.53 477.67 curveto
166.01 462.19 175.87 433.9 176.46 427.03 curveto
177.05 420.14 180.84 397.19 174.16 388.52 curveto
167.44 379.81 149.39 362.29 138.74 355 curveto
128.37 347.89 121.47 347.42 121.88 325.39 curveto
122.29 303.5 122.54 307.75 125.2 298.7 curveto
127.87 289.63 131.23 282.21 130.43 277.4 curveto
129.65 272.62 134.22 252.89 134.09 239.58 curveto
133.96 226.18 129.29 234.77 134.42 216.28 curveto
139.56 197.78 144.28 198.46 144.8 183.44 curveto
145.33 168.41 148.62 144.28 149.16 137.29 curveto
149.7 130.3 150.71 125.08 154.05 115.57 curveto
157.39 106.06 155.15 106.47 152.56 99.27 curveto
149.96 92.06 151.1 89.3 151.68 80.36 curveto
152.26 71.43 154.34 63.93 152.16 50.45 curveto
149.96 36.96 149.6 32.37 147.64 20.51 curveto
145.64 8.44 142.97 3.01 144.73 -0.89 curveto
146.48 -4.78 147.05 -7.16 157.19 -4.85 curveto
167.15 -2.58 164.66 -2.17 169.02 0.8 curveto
173.33 3.74 185.64 8.12 187.84 2.19 curveto
190.02 -3.71 187.34 -13.06 188.71 -21.19 curveto
190.11 -29.44 190.76 -32.75 191.5 -37.76 curveto
192.24 -42.78 190.53 -47.21 198.5 -47.29 curveto
206.47 -47.38 208.96 -44.11 214.48 -38.77 curveto
220 -33.42 249.42 -13.61 255.62 -2.51 curveto
261.75 8.46 261.43 7.87 271.92 21.01 curveto
282.51 34.26 290.56 38.07 298.18 42.99 curveto
305.8 47.92 306.92 52.39 308.92 57.9 curveto
310.93 63.42 316.78 69.49 321.39 72.79 curveto
326.01 76.1 325.81 75.58 334.36 78.76 curveto
342.95 81.95 351.26 86.17 354.71 82.59 curveto
358.15 79.02 357.53 81.16 358.94 74.21 curveto
360.34 67.29 361.51 64 362.08 58.22 curveto
362.64 52.45 360.99 46.94 360.9 44.27 curveto
360.81 41.61 361.66 39.54 361.66 39.54 curveto
361.66 39.54 362.3 41.05 363.68 47 curveto
365.06 52.97 364.92 46.42 367.62 55.92 curveto
370.32 65.46 370.86 69.64 372.98 76.43 curveto
375.1 83.22 378.57 84.31 380.95 86.73 curveto
383.34 89.16 395.57 92.75 400.48 95.58 curveto
405.37 98.39 423.47 103.52 427.27 103.05 curveto
431.07 102.57 461.45 107.68 467.28 108.41 curveto
473.1 109.14 486.62 106.84 493.17 106.64 curveto
499.72 106.44 514.15 107.33 520.75 114.5 curveto
527.32 121.64 546.32 126.93 553.26 137.12 curveto
560.19 147.3 567.5 168.73 569.08 176.06 curveto
570.67 183.43 573.94 191.18 576.56 195.01 curveto
579.18 198.85 588.28 221.5 590.39 197.21 curveto
592.5 173.01 594.49 169.75 591.67 165.67 curveto
588.88 161.61 590.47 162.44 592.13 153.87 curveto
593.77 145.33 594.95 148.52 597.73 149.67 curveto
600.51 150.82 601.64 154.52 602.93 159.7 curveto
604.22 164.89 606.48 170.4 611.69 175.18 curveto
616.91 179.96 617.38 183.64 623.27 178.75 curveto
629.16 173.86 630.09 174.42 635.49 169.99 curveto
640.88 165.56 644.82 161.27 652.26 158.97 curveto
659.71 156.66 672.02 158.93 677.64 159.92 curveto
683.31 160.92 688.66 159.74 687.47 150.16 curveto
686.28 140.64 683.56 140.85 687.74 133.62 curveto stroke
newpath 248.55014 -114.12807 moveto
234.50233 -100.01897 lineto
252.56519 -108.394 lineto
 closepath fill
newpath 262.36014 -90.15807 moveto
248.31233 -76.04897 lineto
266.37518 -84.424 lineto
 closepath fill
newpath 276.0904 -65.27525 moveto
265.16656 -48.62956 lineto
281.17645 -60.46562 lineto
 closepath fill
 [12 12 ] 0 setdash
newpath 1.46 -195.63 moveto
7.81 -194.78 40.02 -187.03 40.02 -187.03 curveto stroke
newpath 43.34 -135.98 moveto
-3.92 -143.91 lineto stroke
 0 0.7 dtransform truncate idtransform setlinewidth pop [] 0 setdash
newpath -102.92157 360.445 moveto
-103.18631 359.31628 -101.37212 358.48106 -101.9254 357.33545 curveto
-102.64328 355.84895 -105.58499 358.08028 -106.08492 356.15393 curveto
-106.62744 354.0634 -102.82281 354.83182 -102.74803 353.2144 curveto
-102.66414 351.39941 -105.32962 352.16519 -106.24979 351.1598 curveto
-107.37033 349.93549 -105.77817 348.2658 -106.11844 346.815 curveto stroke
newpath -107.05945 351.7066 moveto
-107.43867 351.44145 -107.76729 351.151 -107.9025 350.7788 curveto
-108.46921 349.21886 -106.35927 348.28557 -106.11844 346.815 curveto
-105.24886 348.02513 -106.08086 350.17702 -104.57709 350.87932 curveto
-104.21825 351.04688 -103.7805 351.0199 -103.32487 350.93922 curveto
 closepath stroke
newpath -107.05945 351.7066 moveto
-107.43867 351.44145 -107.76729 351.151 -107.9025 350.7788 curveto
-108.46921 349.21886 -106.35927 348.28557 -106.11844 346.815 curveto
-105.24886 348.02513 -106.08086 350.17702 -104.57709 350.87932 curveto
-104.21825 351.04688 -103.7805 351.0199 -103.32487 350.93922 curveto
 closepath fill
newpath -390.49117 -92.84554 moveto
-391.23793 -93.73236 -389.99792 -95.298 -391.00966 -96.06937 curveto
-392.3224 -97.07022 -393.9363 -93.74937 -395.25368 -95.24112 curveto
-396.68335 -96.86002 -392.94269 -97.89609 -393.60779 -99.37234 curveto
-394.35411 -101.0289 -396.38475 -99.14001 -397.66025 -99.62032 curveto
-399.21346 -100.20518 -398.54898 -102.4146 -399.50883 -103.55446 curveto stroke
newpath -398.1349 -98.76636 moveto
-398.59306 -98.83124 -399.01755 -98.9416 -399.30652 -99.21237 curveto
-400.51767 -100.34712 -399.05827 -102.13403 -399.50883 -103.55446 curveto
-398.18584 -102.86868 -397.95421 -100.5732 -396.29541 -100.62724 curveto
-395.89958 -100.64015 -395.52142 -100.86226 -395.1516 -101.14037 curveto
 closepath stroke
newpath -398.1349 -98.76636 moveto
-398.59306 -98.83124 -399.01755 -98.9416 -399.30652 -99.21237 curveto
-400.51767 -100.34712 -399.05827 -102.13403 -399.50883 -103.55446 curveto
-398.18584 -102.86868 -397.95421 -100.5732 -396.29541 -100.62724 curveto
-395.89958 -100.64015 -395.52142 -100.86226 -395.1516 -101.14037 curveto
 closepath fill
 0 1.4 dtransform truncate idtransform setlinewidth pop
newpath 898.17 130.82 moveto
897.4 132.12 897.62 132.86 898.17 134.8 curveto
898.72 136.75 900.6 139.35 903.17 143.3 curveto
905.74 147.25 905.28 146.26 909.14 147.84 curveto
913 149.43 916.43 148.83 921.6 150.6 curveto
926.76 152.38 927.45 153.5 929.08 155.52 curveto
930.71 157.53 933.2 159.22 933.8 162.18 curveto
934.41 165.14 938.52 162.62 938.85 160.68 curveto
939.18 158.73 937.61 155.37 936.23 153.24 curveto
934.85 151.12 926.79 144.86 925.36 143.71 curveto
923.94 142.57 912.64 137.32 910.22 136.39 curveto
907.8 135.46 903.3 130.5 900.77 129.34 curveto
898.24 128.18 898.94 129.52 898.17 130.82 curveto closepath stroke
 0 0.7 dtransform truncate idtransform setlinewidth pop
newpath 947.3 165.87991 moveto
947.3 158.18008 lineto
945.20009 154.68008 lineto stroke
newpath 947.3 158.18008 moveto
949.39992 154.68008 lineto stroke
newpath 145.66289 483.95038 moveto
143.46944 464.16158 lineto
138.67827 483.48648 lineto
 closepath fill
 0.7 0 dtransform exch truncate exch idtransform pop setlinewidth
newpath 126.43996 490.93994 moveto
126.43996 488.00006 lineto stroke
 0 0.7 dtransform truncate idtransform setlinewidth pop
newpath 124.97002 485.55008 moveto
126.43996 488.00006 lineto
127.9099 485.55008 lineto stroke
newpath 124.97002 493.38992 moveto
126.43996 490.93994 lineto
127.9099 493.38992 lineto stroke
 0.7 0 dtransform exch truncate exch idtransform pop setlinewidth
newpath 130.64 490.93994 moveto
130.64 488.00006 lineto stroke
 0 0.7 dtransform truncate idtransform setlinewidth pop
newpath 129.17006 485.55008 moveto
130.64 488.00006 lineto
132.10994 485.55008 lineto stroke
newpath 129.17006 493.38992 moveto
130.64 490.93994 lineto
132.10994 493.38992 lineto stroke
 0.7 0 dtransform exch truncate exch idtransform pop setlinewidth
newpath 134.84004 490.93994 moveto
134.84004 488.00006 lineto stroke
 0 0.7 dtransform truncate idtransform setlinewidth pop
newpath 133.3701 485.55008 moveto
134.84004 488.00006 lineto
136.30998 485.55008 lineto stroke
newpath 133.3701 493.38992 moveto
134.84004 490.93994 lineto
136.30998 493.38992 lineto stroke
 0.7 0 dtransform exch truncate exch idtransform pop setlinewidth
newpath 35.21996 482.70995 moveto
35.21996 479.77007 lineto stroke
 0 0.7 dtransform truncate idtransform setlinewidth pop
newpath 33.75002 477.32008 moveto
35.21996 479.77007 lineto
36.6899 477.32008 lineto stroke
newpath 33.75002 485.15993 moveto
35.21996 482.70995 lineto
36.6899 485.15993 lineto stroke
 0.7 0 dtransform exch truncate exch idtransform pop setlinewidth
newpath 39.42 482.70995 moveto
39.42 479.77007 lineto stroke
 0 0.7 dtransform truncate idtransform setlinewidth pop
newpath 37.95006 477.32008 moveto
39.42 479.77007 lineto
40.88994 477.32008 lineto stroke
newpath 37.95006 485.15993 moveto
39.42 482.70995 lineto
40.88994 485.15993 lineto stroke
 0.7 0 dtransform exch truncate exch idtransform pop setlinewidth
newpath 43.62004 482.70995 moveto
43.62004 479.77007 lineto stroke
 0 0.7 dtransform truncate idtransform setlinewidth pop
newpath 42.1501 477.32008 moveto
43.62004 479.77007 lineto
45.08998 477.32008 lineto stroke
newpath 42.1501 485.15993 moveto
43.62004 482.70995 lineto
45.08998 485.15993 lineto stroke
 0.7 0 dtransform exch truncate exch idtransform pop setlinewidth
newpath 45.25996 483.90994 moveto
45.25996 480.97006 lineto stroke
 0 0.7 dtransform truncate idtransform setlinewidth pop
newpath 43.79002 478.52008 moveto
45.25996 480.97006 lineto
46.7299 478.52008 lineto stroke
newpath 43.79002 486.35992 moveto
45.25996 483.90994 lineto
46.7299 486.35992 lineto stroke
 0.7 0 dtransform exch truncate exch idtransform pop setlinewidth
newpath 49.46 483.90994 moveto
49.46 480.97006 lineto stroke
 0 0.7 dtransform truncate idtransform setlinewidth pop
newpath 47.99007 478.52008 moveto
49.46 480.97006 lineto
50.92995 478.52008 lineto stroke
newpath 47.99007 486.35992 moveto
49.46 483.90994 lineto
50.92995 486.35992 lineto stroke
 0.7 0 dtransform exch truncate exch idtransform pop setlinewidth
newpath 53.66005 483.90994 moveto
53.66005 480.97006 lineto stroke
 0 0.7 dtransform truncate idtransform setlinewidth pop
newpath 52.19011 478.52008 moveto
53.66005 480.97006 lineto
55.12999 478.52008 lineto stroke
newpath 52.19011 486.35992 moveto
53.66005 483.90994 lineto
55.12999 486.35992 lineto stroke
newpath 56.22212 500.2057 moveto
37.40538 493.69905 lineto
52.80714 506.31618 lineto
 closepath fill
newpath 169.38742 434.38263 moveto
149.63342 431.8957 lineto
167.30576 441.06595 lineto
 closepath fill
newpath 173.87659 395.3543 moveto
156.81483 405.61598 lineto
176.37375 401.89372 lineto
 closepath fill
 0 1.4 dtransform truncate idtransform setlinewidth pop
newpath -1092.22 -580.35 moveto
-1094.2 -583.7 -1094.19 -589.04 -1093.63 -592.1 curveto
-1093.09 -595.09 -1090.85 -597.42 -1092.73 -599.69 curveto
-1094.62 -601.97 -1093.68 -604.9 -1096.18 -606.89 curveto
-1098.68 -608.88 -1103.67 -618.16 -1104.7 -620.58 curveto
-1105.74 -622.99 -1103.72 -629.42 -1107.41 -632.46 curveto
-1111.11 -635.51 -1112.58 -640.72 -1111.42 -647.87 curveto
-1110.26 -654.99 -1098.48 -673.21 -1096.59 -677.62 curveto
-1094.72 -681.97 -1081.5 -710.6 -1080.56 -713.87 curveto
-1079.63 -717.14 -1076.65 -729.33 -1078.46 -731.56 curveto
-1080.27 -733.79 -1080.77 -737.38 -1083.26 -743.94 curveto
-1085.76 -750.51 -1084.03 -769.73 -1075.66 -771.41 curveto
-1067.29 -773.08 -1048.11 -764.4 -1043.87 -762.04 curveto
-1039.62 -759.67 -1021.78 -755.94 -1017.93 -754.82 curveto
-1014.08 -753.69 -1001.16 -747.69 -991.81 -748.56 curveto
-982.47 -749.42 -975.13 -749.87 -972.05 -747.39 curveto
-968.98 -744.92 -967.19 -740.44 -959.99 -739.11 curveto
-952.83 -737.78 -926.21 -732.64 -919.41 -729.45 curveto
-912.58 -726.25 -893.61 -718.59 -885.02 -710.47 curveto
-876.36 -702.29 -870.01 -698.86 -867.5 -699.39 curveto
-865.01 -699.92 -854.56 -701.45 -847.77 -708.75 curveto
-840.97 -716.04 -829.77 -721.23 -828.05 -722.11 curveto
-826.32 -722.99 -816.37 -730.93 -812.61 -727.43 curveto
-808.85 -723.94 -806.76 -721.47 -806.48 -715.03 curveto
-806.21 -708.6 -806.68 -695.04 -805.82 -692.37 curveto stroke
newpath -805.82 -692.37 moveto
-805.82 -692.37 -806.91 -689.85 -805.99 -685.56 curveto
-805.38 -682.72 -802.83 -682.06 -797.76 -678.53 curveto
-792.68 -675 -788.07 -673.02 -785.61 -669.93 curveto
-783.16 -666.83 -772.69 -656.15 -768.06 -652.44 curveto
-763.42 -648.73 -761.3 -644.38 -756.25 -642.15 curveto
-751.19 -639.91 -745.4 -637.55 -742.28 -633.33 curveto
-739.17 -629.1 -725.77 -616.35 -723.54 -613.53 curveto
-721.3 -610.71 -711.08 -600.48 -709.35 -597.39 curveto
-707.63 -594.3 -697.28 -582.93 -693.52 -580.15 curveto
-689.76 -577.37 -688.32 -582.03 -683.66 -576.59 curveto
-679 -571.14 -675.9 -564.93 -673.11 -560.53 curveto
-670.33 -556.14 -649.68 -535.55 -648.15 -533.36 curveto
-646.63 -531.18 -638.48 -517.85 -637.12 -513.99 curveto
-635.75 -510.12 -634.24 -502.05 -633.46 -499.15 curveto
-632.68 -496.25 -634.01 -496.15 -629.63 -491.13 curveto
-625.23 -486.09 -617.61 -478.57 -615.84 -474.55 curveto
-614.07 -470.53 -610.13 -464.53 -606.68 -460.71 curveto
-603.22 -456.9 -595.2 -454.19 -593.22 -449.31 curveto
-591.24 -444.43 -577.93 -428.31 -575.5 -422.7 curveto
-573.08 -417.1 -558.37 -393.62 -556.47 -390.82 curveto
-554.58 -388.03 -542.35 -368.72 -541.23 -363.29 curveto
-540.11 -357.85 -535.83 -354.72 -532.59 -353.9 curveto
-529.35 -353.07 -512.62 -353.47 -506.1 -349.83 curveto
-499.6 -346.19 -493.2 -343.76 -489.15 -342.88 curveto
-485.11 -342.01 -474.74 -338.23 -471.27 -334.59 curveto
-467.81 -330.97 -460.79 -329.28 -458.62 -320.65 curveto
-456.45 -312.03 -454.86 -309.22 -451.19 -305.04 curveto
-447.53 -300.87 -436.73 -290.9 -432.47 -285.48 curveto
-428.19 -280.01 -426.04 -275.9 -424.87 -271.8 curveto
-423.71 -267.71 -417.12 -254.06 -415.87 -250.3 curveto
-414.61 -246.52 -415.19 -245.71 -410.18 -240.95 curveto
-405.17 -236.2 -391.81 -219.06 -390.62 -214.53 curveto
-389.43 -210 -387 -203.66 -384.64 -201.63 curveto
-382.28 -199.6 -373.01 -192.26 -368.12 -183.07 curveto
-363.21 -173.82 -361 -175.12 -355.61 -167.91 curveto
-350.19 -160.67 -347.1 -155.26 -344.54 -152.55 curveto
-341.98 -149.86 -340.05 -146.06 -337.64 -146.19 curveto
-335.24 -146.32 -327.86 -138.55 -325.29 -134.71 curveto
-322.73 -130.87 -317.75 -115.72 -316.12 -114.42 curveto
-314.5 -113.12 -304.65 -97.26 -302.87 -93.33 curveto
-301.09 -89.4 -298.09 -86.49 -296.01 -80.28 curveto
-293.94 -74.07 -286.05 -63.51 -283.36 -57.75 curveto
-280.68 -51.99 -279.98 -49.52 -277.08 -45.47 curveto
-274.18 -41.42 -273.12 -39.92 -270.74 -36.36 curveto
-268.37 -32.79 -263.2 -32.29 -262.55 -30.51 curveto
-261.9 -28.72 -254.6 -20.56 -253.69 -18.05 curveto
-252.79 -15.54 -254 -11.29 -249.09 -7.18 curveto
-244.18 -3.07 -241.79 -3.6 -235.75 2.29 curveto
-229.71 8.19 -226.76 10.29 -220.74 14.98 curveto
-214.7 19.67 -213.59 25.54 -207.51 31.06 curveto
-201.42 36.59 -201.21 34.91 -198.26 40.49 curveto
-195.31 46.08 -193.78 48.22 -188.29 50.66 curveto
-182.76 53.12 -180.72 54.55 -177.34 59.82 curveto stroke
newpath -177.34 59.82 moveto
-177.34 59.82 -176.19 66.03 -167.82 68.52 curveto
-159.4 71.02 -156.38 65.56 -153.29 69.01 curveto
-150.21 72.46 -147.91 74.21 -146.66 79.09 curveto
-145.41 83.98 -144.18 90.34 -142.19 92.85 curveto
-140.21 95.36 -129.81 102.61 -127.46 107.62 curveto
-125.12 112.64 -125.27 124.8 -122.48 128.64 curveto
-119.69 132.47 -117.36 134.79 -112.75 135.46 curveto
-108.13 136.13 -106.57 130.01 -105.88 126.82 curveto
-105.19 123.62 -98.16 95.21 -96.63 92.4 curveto
-95.1 89.57 -89.59 65.09 -90.81 56.31 curveto
-92.02 47.56 -87.54 42.8 -85.68 36.47 curveto
-83.82 30.16 -84.91 18.68 -70.48 17.64 curveto
-55.64 16.56 -42.39 21.67 -39.23 29.33 curveto
-36.15 36.82 -35.78 61.99 -37.32 71.87 curveto
-38.88 81.85 -46.52 111.41 -49.09 122.13 curveto
-51.65 132.84 -53.48 170.54 -53.14 183.79 curveto
-52.8 197.04 -47.83 216.2 -41.81 225.43 curveto
-35.73 234.75 -26.23 254.35 -27.52 262.63 curveto
-28.81 270.94 -23.87 276.66 -21.1 281.82 curveto
-18.33 287 -11.26 292.96 -11.46 298.89 curveto
-11.66 304.82 -7.16 312.22 -3.92 321.21 curveto
-0.7 330.11 5.3 334.53 13.88 338.26 curveto
23.14 342.29 58.78 354.05 63.25 353.8 curveto
67.49 353.56 71.46 353.81 73 350.18 curveto
74.56 346.52 71.55 337.17 70.15 334.35 curveto
68.76 331.54 63.21 321.92 67.22 314.65 curveto
71.25 307.35 68.81 306.44 66.15 302.19 curveto
63.49 297.94 62.16 293.91 62.47 289.4 curveto
62.79 284.87 64.5 281.73 63.63 276.99 curveto
62.75 272.2 55.85 266.73 58.23 257.9 curveto
60.63 248.99 61.28 231.45 69.73 219.03 curveto
78.01 206.87 84.03 191.83 82.36 186.95 curveto
80.69 182.06 77.46 181.09 78.3 172.69 curveto
79.13 164.28 71.82 153.73 76.53 141.5 curveto
81.21 129.33 88.25 109.15 89.36 102.01 curveto
90.46 94.88 91.12 68.12 89.19 61.24 curveto
87.29 54.5 89.1 41.69 86.68 33.02 curveto
84.23 24.21 80.47 9.32 77.4 1.12 curveto
74.32 -7.12 76.45 -12.56 75.83 -28.66 curveto
75.2 -44.76 71.26 -55.7 71.32 -64.1 curveto
71.38 -72.5 67.59 -80.8 65.76 -89.99 curveto
63.93 -99.18 63.91 -105.19 63.89 -111.2 curveto
63.87 -117.21 67.2 -122.62 59.2 -127.47 curveto
51.19 -132.33 51.77 -135.19 43.34 -135.98 curveto stroke
newpath 40.02 -187.03 moveto
40.02 -187.03 49.85 -183.05 59.7 -181.74 curveto
69.52 -180.42 73.16 -181.26 91.1 -179.16 curveto
109.03 -177.07 154.13 -171.75 163.91 -171.2 curveto
173.76 -170.65 205.7 -161.91 212.11 -158.21 curveto
218.47 -154.54 239.87 -132.37 243.4 -123.63 curveto
246.92 -114.92 267.35 -81.88 271.3 -74.18 curveto
275.24 -66.5 280.81 -57.52 287.4 -52.86 curveto
294.01 -48.19 296.89 -50.47 303.04 -49.62 curveto
309.22 -48.77 328.45 -41.47 334.53 -36.74 curveto
340.59 -32.03 345.64 -28.56 353.42 -25.86 curveto
361.16 -23.16 360.75 -23.94 365.83 -26.35 curveto
370.91 -28.77 372.84 -33.4 378.86 -44.11 curveto
384.76 -54.62 387.83 -62.35 388.27 -66.34 curveto
388.72 -70.34 385.63 -75.9 384.27 -82.74 curveto
382.92 -89.6 376.51 -107.31 379.46 -113.57 curveto
382.42 -119.87 385.11 -130.58 388.69 -134.19 curveto
392.27 -137.81 402.05 -143.43 409.54 -132.66 curveto
417.01 -121.92 431.08 -108.57 434.34 -102.03 curveto
437.6 -95.5 446.18 -85 449.31 -76.79 curveto
452.44 -68.59 453.53 -55.18 457 -48.66 curveto
460.45 -42.21 463.58 -29.6 466.8 -24.32 curveto
470.05 -18.98 472.61 -14.57 478.92 -13.8 curveto
485.2 -13.03 502.41 -13.66 506.73 -7.39 curveto
511.05 -1.12 521.82 5.25 528.35 4.85 curveto
534.88 4.45 569.99 9.08 579.44 18.45 curveto
588.89 27.82 599.92 32.4 605.78 31.03 curveto
611.71 29.63 629.71 23.25 633 21.88 curveto
636.27 20.52 643.26 15.84 649.58 10.87 curveto
655.84 5.95 659.85 2.37 662.27 -0.44 curveto
664.7 -3.25 679.51 -16.14 690.19 -19.19 curveto
700.89 -22.24 718.72 -31.92 728.15 -31.75 curveto
737.58 -31.59 740.37 -29.95 745.02 -30.85 curveto
749.67 -31.75 753.52 -31.49 758.25 -33.85 curveto
762.99 -36.21 763.78 -33.49 766.32 -39.4 curveto
768.86 -45.31 770.56 -49.58 770.56 -49.58 curveto stroke
newpath 687.74 133.62 moveto
687.74 133.62 689.18 126.9 692.78 125.41 curveto
696.4 123.91 696.45 119.97 708.14 121.69 curveto
720.42 123.5 736.62 127.69 741.42 133.99 curveto
746.18 140.24 760.13 151.81 763.56 158.73 curveto
766.97 165.64 772.27 169.99 779.13 177.29 curveto
785.98 184.57 792.87 195.7 796.93 204.04 curveto
800.99 212.38 799.62 220 803.36 229.52 curveto
807.1 239.02 814.74 244.85 820.52 247.97 curveto
826.28 251.07 841.08 250.2 845.44 246.52 curveto
849.79 242.86 860.38 231.28 869.11 227.04 curveto
877.82 222.8 885.58 217.56 890.87 218.45 curveto
896.14 219.33 895.43 219.3 900.95 224.49 curveto
906.45 229.65 914.67 236.77 927.3 240.69 curveto
939.98 244.62 957.26 245.22 964.54 244.46 curveto
971.83 243.69 978.49 249.43 986.13 239.02 curveto
993.76 228.62 991.46 225.51 1000.49 216.17 curveto
1009.48 206.88 1017.52 197.81 1022.54 192.44 curveto
1027.57 187.06 1032.6 181.68 1041.19 177.06 curveto
1049.78 172.43 1065.92 160.91 1075.59 158.09 curveto
1085.29 155.25 1098.57 154.67 1102.09 153.48 curveto
1105.62 152.3 1106.93 147.77 1112.74 149.14 curveto
1118.54 150.5 1124.08 152.32 1129.95 152.93 curveto
1135.82 153.53 1153.15 154.37 1162.11 164.08 curveto
1171.11 173.83 1193.11 196.52 1196 204.01 curveto
1198.89 211.49 1209.38 224 1217.15 231.96 curveto
1224.9 239.9 1236.73 250.02 1240.13 248.33 curveto
1243.52 246.65 1241.12 241.82 1245.45 244.72 curveto
1249.79 247.62 1256.53 250.04 1257.97 255.82 curveto
1259.4 261.61 1260.84 264.98 1259.87 268.11 curveto
1258.89 271.25 1253.31 276.55 1258.36 285.47 curveto
1263.4 294.39 1267.73 298.98 1274.99 293.92 curveto
1282.24 288.87 1289.48 282.38 1290.93 281.17 curveto
1292.38 279.97 1296.24 276.85 1299.12 283.12 curveto
1301.99 289.39 1302.95 294.93 1307.28 294.94 curveto
1311.62 294.95 1316.9 298.82 1316.39 307.26 curveto stroke
newpath 1172.14 94.18 moveto
1175.5 105.93 1174.15 106.59 1179.25 111.18 curveto
1184.35 115.77 1198.12 127.38 1202.08 139.37 curveto
1206.06 151.42 1209.5 161.04 1220.08 169.01 curveto
1230.67 176.99 1240.29 182.31 1243.89 188.34 curveto
1247.49 194.37 1256.62 208.84 1259.74 213.43 curveto
1262.86 218.01 1270.56 223.81 1273.94 217.8 curveto
1277.32 211.79 1278.04 200.75 1279.24 195.97 curveto
1280.44 191.2 1284.99 185.31 1294.36 188.77 curveto
1303.72 192.23 1329.35 189.95 1328.42 199.54 curveto
1327.48 209.19 1323.66 211.5 1325.13 221.02 curveto
1326.59 230.58 1329.72 239.69 1335.25 243.57 curveto
1340.77 247.45 1342.69 246.75 1349.89 248.73 curveto stroke
 [12 12 ] 0 setdash
newpath 983.44 154.3 moveto
985.07 150.57 1001.69 103.43 1001.96 98.42 curveto
1002.23 93.41 1014.69 45.81 1023.99 36.92 curveto
1033.3 28.03 1062.14 -5.83 1065.61 -7.52 curveto
1069.08 -9.21 1093.8 -29.58 1106.67 -20.5 curveto
1119.47 -11.46 1138.83 9.3 1142.07 16.5 curveto
1145.31 23.69 1168.77 82.43 1172.14 94.18 curveto stroke
 [] 0 setdash
newpath 961.22 156.14 moveto
963.08 157.17 962.04 157.03 962.99 158.06 curveto
965.36 160.61 967.94 165.85 969.49 167.4 curveto
971.03 168.95 973.42 174.92 975.19 171.06 curveto
976.95 167.2 981.82 158.04 983.44 154.3 curveto stroke
 [12 12 ] 0 setdash
newpath 884.55 115.28 moveto
885.74 115.79 902.12 109.03 921.55 126.79 curveto
941.05 144.61 947.36 146.15 949.75 148.2 curveto
952.14 150.25 959.14 155.01 961.22 156.14 curveto stroke
 [] 0 setdash
newpath 797.91 -35.85 moveto
797.93 -32.21 797.28 -18.42 800.63 -10.82 curveto
803.95 -3.28 812.02 9.91 816.99 12.13 curveto
821.96 14.35 833.61 20 839.04 23.9 curveto
844.49 27.81 856.75 39.55 863.22 54.88 curveto
869.76 70.35 881.44 101.41 883.22 105.6 curveto
885 109.76 883.35 114.76 884.55 115.28 curveto stroke
 0 0.7 dtransform truncate idtransform setlinewidth pop
newpath 858.42 -7.81 moveto
801.71 19.98 lineto stroke
newpath 804.23683 17.18257 moveto
801.71 19.98 lineto
805.46904 19.69707 lineto stroke
newpath -1065.04659 -746.33252 moveto
-1049.1615 -734.32944 lineto
-1059.91045 -751.08862 lineto
 closepath fill
newpath -894.33044 -732.67497 moveto
-895.38373 -733.15942 -894.92839 -735.10405 -896.17224 -735.3712 curveto
-897.7862 -735.71785 -897.83253 -732.0259 -899.65968 -732.81474 curveto
-901.64258 -733.67082 -898.6991 -736.20099 -899.92946 -737.25356 curveto
-901.31012 -738.43468 -902.3432 -735.86096 -903.7018 -735.75246 curveto
-905.35622 -735.62032 -905.69572 -737.90236 -907.04956 -738.52504 curveto
 stroke
newpath -903.76768 -734.77766 moveto
-904.20987 -734.6413 -904.64093 -734.56041 -905.01768 -734.68236 curveto
-906.59674 -735.19342 -906.03708 -737.43164 -907.04956 -738.52504 curveto
-905.56049 -738.46786 -904.37354 -736.48947 -902.89561 -737.24467 curveto
-902.54297 -737.42488 -902.29536 -737.78687 -902.07913 -738.19597 curveto
 closepath stroke
newpath -903.76768 -734.77766 moveto
-904.20987 -734.6413 -904.64093 -734.56041 -905.01768 -734.68236 curveto
-906.59674 -735.19342 -906.03708 -737.43164 -907.04956 -738.52504 curveto
-905.56049 -738.46786 -904.37354 -736.48947 -902.89561 -737.24467 curveto
-902.54297 -737.42488 -902.29536 -737.78687 -902.07913 -738.19597 curveto
 closepath fill
 0 1.4 dtransform truncate idtransform setlinewidth pop
newpath -1041.79 -566.13 moveto
-1041.21 -571.03 -1039.34 -576.95 -1038.99 -584.68 curveto
-1038.63 -592.51 -1038.33 -610.35 -1039.76 -618.19 curveto
-1041.61 -628.32 -1042.31 -633.07 -1037.78 -639.68 curveto
-1033.29 -646.23 -1022.85 -652.38 -1022.85 -652.38 curveto
-1022.85 -652.38 -1008.25 -658.66 -1005.98 -662.68 curveto
-1003.76 -666.61 -1000.36 -673.48 -996.89 -674.22 curveto
-993.49 -674.95 -990.09 -676.03 -987.94 -676.62 curveto
-985.79 -677.21 -979.53 -683.21 -976.03 -680.88 curveto
-972.5 -678.54 -969.52 -679.59 -968.09 -674.86 curveto
-966.64 -670.1 -967.56 -668.05 -965.76 -666.24 curveto
-963.96 -664.43 -962.07 -662 -960.17 -665.01 curveto
-958.27 -668.02 -957.47 -672.71 -955.94 -672.86 curveto
-954.4 -673.01 -948.88 -678.34 -947.15 -676.4 curveto
-945.43 -674.46 -938.48 -665.59 -935.84 -657.41 curveto
-933.22 -649.27 -929.86 -639.73 -930.97 -634.59 curveto
-932.07 -629.41 -932.62 -620.92 -932.97 -613.03 curveto
-933.32 -605.13 -935.64 -603.68 -932.03 -600.95 curveto
-928.42 -598.22 -930.92 -597.6 -920.05 -597.67 curveto
-909.31 -597.74 -901.01 -599.89 -899.28 -601.25 curveto
-897.56 -602.62 -877.54 -604.04 -875.53 -604.46 curveto
-873.53 -604.88 -842.98 -607.61 -840.53 -608.32 curveto
-838.07 -609.02 -827.49 -608.89 -823.77 -612.25 curveto
-820.05 -615.6 -809.87 -623.04 -807.33 -623.72 curveto
-804.81 -624.4 -791.53 -630.42 -784.66 -627.22 curveto
-777.79 -624.03 -767.07 -615.25 -766.22 -614.65 curveto
-765.37 -614.05 -761.92 -614.78 -748.66 -600.27 curveto
-735.36 -585.74 -730.09 -578.98 -729.93 -576.54 curveto
-729.77 -574.1 -731.77 -568.31 -725.9 -560.46 curveto
-720.04 -552.62 -704.13 -536.24 -701.58 -531.84 curveto
-699.04 -527.45 -694.11 -521.46 -691.65 -513.59 curveto
-689.19 -505.7 -690.55 -504.64 -684.37 -499.94 curveto
-678.18 -495.25 -668.77 -488.9 -666.31 -484.35 curveto
-663.85 -479.78 -661.99 -474.62 -660.45 -470.33 curveto
-658.92 -466.04 -651.92 -459.03 -650.84 -457.09 curveto
-649.76 -455.14 -640.25 -446.73 -639.47 -442.26 curveto
-638.68 -437.77 -637.62 -435.95 -636.6 -432.18 curveto
-635.57 -428.42 -632.3 -416.87 -629.14 -412.7 curveto
-625.98 -408.53 -612.87 -395.71 -611.01 -391.93 curveto
-609.16 -388.16 -593.33 -367.19 -590.26 -362.47 curveto
-587.19 -357.75 -577.57 -346.61 -574.63 -342.39 curveto stroke
 0 0.49 dtransform truncate idtransform setlinewidth pop
newpath 895.37004 130.82 moveto
900.96996 130.82 lineto stroke
 0.49 0 dtransform exch truncate exch idtransform pop setlinewidth
newpath 898.17 128.02005 moveto
898.17 133.61996 lineto stroke
 0.00002 0.00018 0.0003 setrgbcolor
newpath 899.29002 130.82 moveto
899.29002 131.11707 899.172 131.40193 898.96196 131.61197 curveto
898.75192 131.822 898.46706 131.94003 898.17 131.94003 curveto
897.87294 131.94003 897.58807 131.822 897.37804 131.61197 curveto
897.168 131.40193 897.04997 131.11707 897.04997 130.82 curveto
897.04997 130.52295 897.168 130.23808 897.37804 130.02805 curveto
897.58807 129.81801 897.87294 129.69998 898.17 129.69998 curveto
898.46706 129.69998 898.75192 129.81801 898.96196 130.02805 curveto
899.172 130.23808 899.29002 130.52295 899.29002 130.82 curveto closepath fill
 0 0 0 setrgbcolor 0 0.7 dtransform truncate idtransform setlinewidth pop
newpath 898.17 130.82 moveto 0 0 rlineto stroke
showpage
%%EOF
