%!PS
%%BoundingBox: -383 -795 373 798 
%%HiResBoundingBox: -382.77138 -794.76884 372.66501 797.99501 
%%Creator: MetaPost 1.209
%%CreationDate: 2015.12.07:2306
%%Pages: 1
%%BeginProlog
%%EndProlog
%%Page: 1 1
 0 0 0 setrgbcolor 0 0.49 dtransform truncate idtransform setlinewidth pop
 [] 0 setdash 1 setlinecap 1 setlinejoin 10 setmiterlimit
newpath 59.33 684.73 moveto
59.56 675.57 58.39 671.56 62.24 667.62 curveto
66.1 663.68 69.58 658.79 69.45 653.08 curveto
69.32 647.36 68.68 639.97 69.8 634.78 curveto
70.94 629.55 71.94 613.25 71.25 608.68 curveto
70.55 604.1 67.95 577.43 68.17 573.34 curveto
68.39 569.25 69.28 551.68 70.09 545.22 curveto
70.89 538.78 74.24 526.55 74.47 522.97 curveto
74.7 519.4 74.9 508.88 75.28 506.75 curveto
75.66 504.62 78.2 506.71 79.87 499.64 curveto
81.54 492.57 77.59 482.5 80.08 481.23 curveto
82.58 479.96 85.45 472.74 86.34 466.33 curveto
87.24 459.93 89.92 440.95 89.27 436.36 curveto
88.61 431.76 86.74 423.98 89.15 420.07 curveto
91.56 416.16 91.36 415.67 90.8 409.65 curveto
90.24 403.63 89.94 400.74 92.17 395.88 curveto
94.4 391.02 98.08 385.81 97.92 381.03 curveto
97.77 376.26 100.09 377.38 104.57 371.74 curveto
109.06 366.08 103.14 354.91 98.59 345.74 curveto
94.05 336.58 92.72 323.75 91.96 318.16 curveto
91.21 312.58 87.1 300.72 87.94 293.11 curveto
88.79 285.49 90.44 276.47 90.83 270.5 curveto
91.23 264.54 88.11 256.91 88.77 250.49 curveto
89.43 244.07 85.78 244.79 90.25 238.85 curveto
94.73 232.92 98.98 219.32 97.57 211.34 curveto
96.15 203.36 95.52 190.44 82.75 183.84 curveto
70 177.25 71.3 175.66 68.04 163.28 curveto
64.78 150.9 66.6 141.31 66.87 137.3 curveto
67.15 133.3 66.42 115.02 68.27 110.67 curveto
70.13 106.31 72.88 100.12 79.71 104.73 curveto
86.55 109.35 98.67 113.33 102.81 113.62 curveto
106.95 113.91 108.57 112.35 109.63 111.47 curveto
110.7 110.59 111.23 110.15 114.14 115.56 curveto
117.05 120.97 115.31 113.51 118.1 112.49 curveto
120.88 111.48 123.18 112.81 119.64 104.02 curveto
116.09 95.21 108.02 84.89 108.66 77.71 curveto
109.31 70.52 106.56 56.6 105.95 55.12 curveto stroke
newpath 105.95 55.12 moveto
105.95 55.12 105.99 51.5 103.94 49.93 curveto
101.88 48.36 100.01 44.39 100.01 44.39 curveto
100.01 44.39 97.64 40.19 97.79 37.1 curveto
97.94 34.02 95.94 30.59 98.9 29.78 curveto
101.88 28.95 107.7 29.59 109.67 24.7 curveto
111.63 19.83 110.45 9.79 109.6 7.14 curveto
108.75 4.51 106.66 2.28 107.47 -3.54 curveto
108.28 -9.36 106.59 -13.43 105 -15.15 curveto
103.41 -16.87 103.5 -21.81 103.81 -26.04 curveto
104.11 -30.28 101.07 -37.8 98.31 -45.11 curveto
95.53 -52.46 81.66 -78.35 82.45 -91.45 curveto
83.24 -104.55 81.09 -114.69 79.24 -120.03 curveto
77.38 -125.37 84.75 -140.13 87.44 -144.45 curveto
90.12 -148.77 91.39 -152.93 100.79 -149.4 curveto
110.21 -145.86 131.49 -133.16 133.67 -133.24 curveto
135.84 -133.31 136.77 -129.46 144.98 -133.1 curveto
153.2 -136.74 180.4 -149.51 186.49 -150.5 curveto
192.57 -151.49 240.04 -165.92 244.27 -164.37 curveto
248.49 -162.83 286.29 -169.78 296.3 -188.85 curveto
306.35 -207.99 311 -223.03 312.99 -229.39 curveto
314.99 -235.75 322.9 -262.69 321.19 -273.69 curveto
319.48 -284.66 318.16 -316.74 320.43 -322.62 curveto
322.7 -328.51 324.49 -345.07 326.18 -350.53 curveto
327.87 -355.99 333.34 -366.3 334.04 -371.84 curveto
334.74 -377.38 339.48 -413.13 337.4 -418.89 curveto
335.33 -424.64 330.04 -454.11 329.44 -461.55 curveto
328.85 -468.97 322.62 -496.17 323.07 -499.94 curveto
323.51 -503.72 320.64 -520.95 322.3 -520.87 curveto stroke
newpath 372.42 -631.8 moveto
372.42 -631.8 369.95 -647.06 369.68 -651.64 curveto
369.4 -656.22 360.49 -666.97 355.73 -673.2 curveto
350.96 -679.43 333.36 -673.53 329.5 -673.23 curveto
325.64 -672.93 310.11 -680.14 306.94 -684.13 curveto
303.76 -688.13 301.31 -692.32 296.46 -696.4 curveto
291.61 -700.47 291.22 -692.31 292.08 -690.11 curveto
292.94 -687.91 295.37 -673.14 293.71 -673.7 curveto
292.06 -674.26 282.43 -689.36 280.67 -692.81 curveto
278.91 -696.25 267.83 -710.95 266.97 -713.15 curveto
266.12 -715.35 255.55 -720.65 253.19 -721.49 curveto
250.83 -722.32 242.21 -733.29 240.4 -735.78 curveto
238.6 -738.27 224.09 -751.68 221.3 -753.73 curveto
218.51 -755.79 220.84 -769.62 220.36 -774.68 curveto
219.87 -779.75 217.34 -787.08 213.7 -791.57 curveto
210.07 -796.07 200.84 -794.09 200.84 -794.09 curveto
200.84 -794.09 197.97 -784.13 197.44 -783.2 curveto
196.92 -782.26 189.84 -784.99 182.38 -784.85 curveto
174.92 -784.72 171.31 -789.69 171.31 -789.69 curveto
171.31 -789.69 167.81 -781.68 166.87 -776.92 curveto
165.92 -772.15 160.99 -769.5 155.56 -766.38 curveto
150.13 -763.27 145.7 -766.11 140.8 -769.21 curveto
135.9 -772.31 125.79 -776.85 124.8 -776.18 curveto
123.8 -775.5 126.51 -771.77 120.73 -766.26 curveto
114.95 -760.75 102.54 -731.23 101.76 -730.06 curveto
100.99 -728.89 100.67 -727.22 90.86 -722.36 curveto
81.05 -717.51 75.45 -705.03 70.95 -700.91 curveto
66.45 -696.8 58.76 -681.09 58.37 -677.75 curveto
57.97 -674.41 52.87 -663.16 50.59 -660.39 curveto
48.3 -657.62 43.71 -641.77 39.65 -631.41 curveto
35.58 -621.05 38.52 -589.51 38.69 -587.82 curveto
38.86 -586.14 36.07 -581.98 35.96 -579.35 curveto
35.86 -576.73 34.68 -577.03 31.52 -575.52 curveto
28.36 -574.02 23.23 -570.96 20.28 -568.99 curveto
17.34 -567.01 13.42 -558.21 10.03 -551.31 curveto
6.65 -544.42 6.22 -539.74 7.1 -532.15 curveto
7.98 -524.58 14.14 -516.69 20.69 -512.3 curveto
27.25 -507.91 29.34 -505.91 30.68 -503.48 curveto
32.02 -501.06 39.39 -485.84 40.32 -478.38 curveto
41.5 -469.02 37.08 -468.15 34.68 -457.93 curveto
33.12 -451.28 35.38 -441.11 35.5 -436.74 curveto
35.62 -432.39 38.8 -427.48 42.09 -420.28 curveto
45.32 -413.22 45.87 -411.88 49.82 -404.92 curveto
53.72 -398.04 61.67 -394.99 61.67 -394.99 curveto stroke
newpath 61.67 -394.99 moveto
61.62 -392.48 67.87 -377.19 75.97 -369.98 curveto
84.08 -362.76 91.9 -340.17 92.09 -334.69 curveto
92.28 -329.19 93.86 -302.18 95.27 -295.33 curveto
96.68 -288.48 90.67 -279.26 92.17 -258.66 curveto
93.66 -238.14 89.87 -232.2 85.4 -220.74 curveto
80.92 -209.24 65.81 -201.17 62.49 -198.76 curveto
59.16 -196.34 43.64 -188.51 41.63 -187.21 curveto
39.62 -185.9 27.27 -181.21 25.5 -176.03 curveto
23.72 -170.85 25.49 -164.24 27.64 -160.02 curveto
29.78 -155.81 39.46 -138.67 42.89 -132 curveto
46.31 -125.33 48.37 -114.98 46.63 -105.07 curveto
44.89 -95.19 45.18 -80.24 45.5 -77.83 curveto
45.81 -75.43 55.72 -34.77 56.7 -28.47 curveto
57.67 -22.17 63.28 0.93 64.67 1.94 curveto
66.05 2.95 74.97 21.39 74.82 24.7 curveto
74.68 28 68.64 30.77 66.41 35.44 curveto
64.21 40.04 58.11 40.33 59.45 43.97 curveto
60.8 47.61 57.55 55.23 56.25 61.04 curveto
54.95 66.9 45.82 84.62 43.85 90.23 curveto
41.89 95.85 38.33 100.14 39.67 106.99 curveto
41 113.85 39.97 111.84 34.02 114.02 curveto stroke
newpath 34.02 114.02 moveto
34.34 109.96 lineto
34.93 105.67 lineto stroke
 0.49 0 dtransform exch truncate exch idtransform pop setlinewidth
newpath 35.31 104.01 moveto
35.48 102.09 lineto stroke
newpath 31.57 102.52 moveto
31.7 103.98 lineto stroke
newpath 31.43 107.32 moveto
31.43 107.32 31.55 111.9 31.61 114.07 curveto stroke
 0 0.49 dtransform truncate idtransform setlinewidth pop
newpath 31.61 114.07 moveto
31.61 114.07 29.15 114.83 26.32 117.26 curveto
23.5 119.69 27.54 128.22 27.12 134.67 curveto
26.71 141.11 27.32 153.59 27.75 157.93 curveto
28.17 162.27 27.98 179.49 31.27 180.43 curveto
34.56 181.36 35.48 192.92 35.33 198.9 curveto
35.19 204.87 40.79 214.58 42.6 219.96 curveto
44.4 225.35 44.86 248.09 45 256.92 curveto
45.14 265.72 57.38 276.31 58.06 286.1 curveto
58.74 295.92 48.39 295.9 45.2 299.5 curveto
42.02 303.1 47.16 316.4 49.14 321.58 curveto
51.12 326.77 54.22 345.3 55.3 356.67 curveto stroke
newpath 55.3 356.67 moveto
55.3 356.67 52.39 360.54 51.16 360.94 curveto
49.93 361.33 48.69 361.96 47.29 361.37 curveto
45.9 360.79 44.81 359.27 43.96 357.76 curveto
43.11 356.26 41.63 353.51 39.42 350.95 curveto stroke
newpath 28.09 368.63 moveto
28.09 368.63 30.58 370.74 31.68 372.27 curveto
32.78 373.79 34.78 376.11 35.89 377.63 curveto stroke
newpath 35.89 377.63 moveto
37.51 383.58 29.94 391.62 28.96 395.63 curveto
27.98 399.64 24.42 413.54 26.31 424.69 curveto
28.2 435.85 37.7 440.82 39.86 444.32 curveto
42.02 447.82 38.17 458.83 36.83 460.9 curveto
35.5 462.97 36.69 470.23 39.35 473.52 curveto
42.01 476.81 39.55 477.84 38.02 479.18 curveto
36.5 480.51 35.04 484.48 33.82 484.87 curveto
32.6 485.26 30.52 480.34 30.52 480.34 curveto
30.52 480.34 29.93 493.18 29.46 500.73 curveto
28.99 508.24 29.21 504.73 32.03 505.67 curveto
34.84 506.61 34.94 512.75 36.98 518.78 curveto
39 524.77 37.68 531.01 33.96 536.81 curveto
30.14 542.76 17.6 546.62 14.97 547.95 curveto
12.34 549.29 -0.57 555.31 -7.21 555.16 curveto
-14.08 555.01 -43.03 559.01 -50.85 560.24 curveto
-58.3 561.4 -57.24 563.89 -63.72 563.19 curveto
-69.89 562.52 -79.39 552.13 -84.4 549.78 curveto
-89.4 547.43 -92.56 553.81 -97.23 555.79 curveto
-101.9 557.77 -100.44 551.57 -107.2 551.52 curveto
-113.93 551.47 -111.4 554.49 -118.85 554.92 curveto
-126.36 555.35 -129.84 551.72 -136.3 549 curveto
-143.19 546.1 -140.92 537.88 -139.77 525.57 curveto
-138.62 513.25 -145.18 517.9 -148.49 505.32 curveto
-151.78 492.8 -167.14 478.86 -169.69 476.54 curveto
-172.24 474.22 -179.07 466.09 -184.8 463.83 curveto
-190.54 461.58 -189.61 462.1 -194.82 467.41 curveto
-200.01 472.7 -198.61 482.77 -195.64 490.75 curveto
-192.66 498.73 -194.86 499.58 -199.61 503.91 curveto
-204.32 508.19 -225.87 504.75 -232.01 505.93 curveto
-238.19 507.13 -242.84 506.54 -247.53 506.46 curveto
-252.22 506.39 -261.29 498.29 -268.5 490.27 curveto
-275.68 482.29 -281.31 483.19 -287.48 480.49 curveto
-293.63 477.79 -304.72 481.84 -308.81 481.64 curveto
-312.89 481.45 -316.29 482.01 -320.83 481.31 curveto
-325.36 480.61 -327.31 481.24 -328.1 482.4 curveto
-328.88 483.57 -326.55 489.7 -324.49 491.73 curveto
-322.43 493.76 -321.27 504.4 -319.04 507.88 curveto
-316.8 511.36 -318.05 512.26 -319.74 512.42 curveto
-321.43 512.58 -329.12 507.64 -333.37 506.23 curveto
-337.63 504.82 -344.37 505.21 -344.37 505.21 curveto stroke
newpath -380.34 561.84 moveto
-380.34 561.84 -383.09 568.88 -381.49 570.62 curveto
-379.89 572.36 -387.85 577.5 -375.3 576.63 curveto
-362.76 575.76 -360.78 579.18 -358.86 579.27 curveto
-356.95 579.35 -353.45 581.18 -352.08 582.43 curveto
-350.71 583.69 -343.57 584.25 -342.66 585.24 curveto
-341.76 586.24 -342.52 587.16 -337.45 590.52 curveto
-332.38 593.88 -322.86 603.3 -317.55 602.4 curveto
-312.24 601.49 -306.98 597.21 -300.01 597.43 curveto
-293 597.65 -279.03 596.45 -276.9 597.81 curveto
-274.78 599.17 -273.62 600.23 -267.88 598.17 curveto
-262.15 596.1 -250.92 595.85 -242.74 603.44 curveto
-233.63 611.88 -220.65 631.45 -215.94 632.53 curveto
-211.23 633.6 -201.62 637.64 -188.21 631.18 curveto
-174.77 624.72 -172.23 622.02 -165.04 620.88 curveto
-157.85 619.75 -145.77 622.11 -140.28 623.32 curveto
-134.73 624.54 -120.99 625.72 -116.29 626.57 curveto
-111.62 627.41 -97.57 629.32 -92.56 633.87 curveto
-87.6 638.37 -84.42 641.73 -78.87 642.03 curveto
-73.33 642.33 -70.55 640.83 -65.11 645.47 curveto
-59.61 650.16 -55.01 659.95 -49.81 661.52 curveto
-44.6 663.09 -35.46 663.27 -31.33 662.44 curveto
-27.21 661.62 -16.57 664.04 -10.89 661.87 curveto
-5.19 659.69 5.91 654.81 9.24 658.78 curveto
12.6 662.78 19.24 672.66 23.82 673.84 curveto
28.4 675.02 30.77 676.43 35.18 680.36 curveto
39.59 684.29 42.62 686.93 44.24 688.49 curveto stroke
newpath 44.24 688.49 moveto
44.67 689.46 47.37 697.2 48.21 699.39 curveto
49.05 701.59 50.43 703.13 51.36 707.93 curveto
52.29 712.74 50.21 710.65 55.18 717.51 curveto
60.15 724.37 61.73 726.65 62.95 730.57 curveto
64.18 734.49 61.63 736.17 66.65 742.1 curveto
71.67 748.03 76.54 752.27 78.05 759.57 curveto
79.55 766.89 78.76 767.79 81.87 772.84 curveto
84.98 777.9 85.83 779.89 88.77 783.72 curveto
91.71 787.56 92.03 790.23 94.64 791.39 curveto
97.25 792.55 102.3 797.75 102.3 797.75 curveto stroke
newpath 102.3 797.75 moveto
102.3 797.75 98.26 780.14 97.01 776.68 curveto
95.76 773.23 93.66 771.62 90.75 767.32 curveto
87.85 763.01 86.95 761.74 85.86 759.5 curveto
84.78 757.26 83.33 753.07 81.62 749.11 curveto
79.91 745.15 76.97 741.33 77.05 736.1 curveto
77.13 730.89 78.1 730.98 76.31 724.43 curveto
74.53 717.9 70.57 710.95 69.51 708.27 curveto
68.46 705.6 65.65 699.96 63.55 694.63 curveto
61.46 689.33 60.68 689.94 59.33 684.73 curveto stroke
newpath 77.44 -37.28 moveto
77.44 -37.28 78.36 -30.51 78.01 -29.1 curveto
77.66 -27.69 78.9 -22.35 81.14 -20.57 curveto
83.37 -18.78 84.36 -16.13 85.13 -13.5 curveto
85.89 -10.87 85.24 -8.32 85.09 -5.98 curveto
84.94 -3.65 86.33 -2.88 87.64 -0.48 curveto
88.94 1.92 90.79 3.4 91.88 5.56 curveto
92.98 7.72 95.55 9.48 95.55 9.48 curveto stroke
newpath 35.59 98 moveto
 closepath stroke
newpath 31.77 100.13 moveto
 closepath stroke
newpath 82.5 225.18 moveto
81.11 224.37 77.92 221.77 75.99 218.29 curveto
74.06 214.82 71.91 211.09 71.57 208.91 curveto
71.23 206.73 70.46 203.81 70.58 201.9 curveto
70.71 200 72.8 197.26 72.8 197.26 curveto
72.8 197.26 76.74 199.2 77.58 201.16 curveto
78.41 203.13 79.43 205.83 80.01 208.02 curveto
80.59 210.21 82.01 214.14 82.05 217.25 curveto
82.09 220.37 83.88 225.99 82.5 225.18 curveto closepath stroke
showpage
%%EOF
