%!PS
%%BoundingBox: -220 -82 -46 37 
%%HiResBoundingBox: -219.22 -81.59995 -46.46 36.3118 
%%Creator: MetaPost 1.209
%%CreationDate: 2015.12.07:2306
%%Pages: 1
%%BeginProlog
%%EndProlog
%%Page: 1 1
 0.1 0.2 0.8 setrgbcolor
newpath -209.55 -75.81 moveto
-219.22 -14.6 lineto
-219.21973 -14.59987 lineto
-217.12964 -13.72993 -213.20992 -13.02997 -211.35 -12.47 curveto
-209.49 -11.91 -204.19 -8.46 -203.58 -7.48 curveto
-201.8 -4.65 -199.92 -4.75 -199.06 -4.78 curveto
-198.21 -4.8 -192.71 -2.98 -191.58 -2.55 curveto
-190.45 -2.12 -189.35 -2.01 -185.96 0.34 curveto
-182.33 2.86 -176.11 4.07 -172.38 6.62 curveto
-167.81 9.75 -157.55 10.37 -154.8 10.23 curveto
-152.05 10.09 -149.81 10.58 -142.87 13.76 curveto
-135.65 17.07 -129.34 17.21 -121.78 17.18 curveto
-114.2 17.14 -110.48 19.23 -105.71 21.69 curveto
-100.95 24.14 -98.54 24 -94.91 23.66 curveto
-91.28 23.33 -88.31 23.01 -85.95 24.77 curveto
-83.58 26.54 -76.3 28.76 -73.43 29.16 curveto
-70.56 29.57 -62.57 29.9 -59.95 29.45 curveto
-57.33 29 -56.07 31.3 -56.07 31.3 curveto
-56.07 31.3 -51.29 36.27 -49.42 36.31 curveto
-47.5501 36.36 -47.31003 35.3501 -46.46014 35.22 curveto
-46.46 35.22 lineto
-50.82 -9.11 lineto
-50.8201 -9.11 lineto
-53.1 -9.40002 -53.16002 -10.54001 -53.96 -11.59 curveto
-54.75 -12.64 -59.53 -14.89 -60.3 -15.34 curveto
-61.06 -15.8 -64.69 -17.91 -69.89 -19.51 curveto
-75.07 -21.1 -76.63 -23.79 -77.2 -24.23 curveto
-77.77 -24.67 -82.24 -27.4 -83.5 -29.08 curveto
-84.77 -30.76 -83.43 -31.29 -84.76 -31.78 curveto
-86.1 -32.27 -87.5 -32.65 -88.59 -33.32 curveto
-89.67 -33.98 -93.64 -36.22 -94.75 -36.65 curveto
-95.86 -37.09 -96.86 -35.1 -97.67 -34.38 curveto
-98.49 -33.65 -98.89 -33.98 -101.08 -34.26 curveto
-103.29 -34.55 -108.53 -33.86 -109.59 -33.41 curveto
-110.66 -32.97 -114.38 -31.77 -116.86 -31.11 curveto
-119.35 -30.44 -119.57 -30.82 -121.05 -31.06 curveto
-122.53 -31.3 -125.54 -31.05 -127.51 -30.22 curveto
-129.49 -29.39 -130.72 -30.26 -132.39 -30.97 curveto
-134.07 -31.69 -134.98 -34.6 -136.19 -35.95 curveto
-137.4 -37.31 -146.6 -39.95 -147.76 -40.27 curveto
-148.91 -40.59 -158.51 -42.74 -159.87 -43.39 curveto
-161.23 -44.04 -168.93 -47.44 -171.52 -48.38 curveto
-174.1 -49.31 -172.98 -51.07 -172.45 -51.9 curveto
-171.92 -52.72 -171.08 -55.85 -171.69 -56.79 curveto
-172.3 -57.73 -180.09 -62.17 -182.16 -63.33 curveto
-184.22 -64.49 -190.04 -68.35 -191.19 -68.87 curveto
-192.33 -69.39 -194.95 -71.22 -196.39 -71.93 curveto
-197.82 -72.63 -199.32 -73.22 -200.63 -74.05 curveto
-201.94 -74.87 -202.23 -76.7 -203.54 -77.53 curveto
-204.83998 -78.34999 -206.16997 -76.99004 -209.54987 -75.81004 curveto
 closepath fill
 0.00002 0.00018 0.00017 setrgbcolor
newpath -153.56 -10.78 moveto
-152.51 -10.96 -150.59 -11.39 -150.81 -11.89 curveto
-151.02 -12.39 -151.09 -13.31 -151.36 -14 curveto
-151.62 -14.68 -152.72 -15.6 -153 -16.11 curveto
-153.28 -16.61 -154.96 -17.08 -155.27 -16.98 curveto
-155.58 -16.88 -157.16 -15.81 -157.33 -15.03 curveto
-157.5 -14.25 -158.45 -13.51 -158.47 -13.15 curveto
-158.5 -12.78 -159.02 -12.14 -157.16 -11.6 curveto
-155.31 -11.07 -155.32 -10.82 -154.76 -10.97 curveto
-154.21 -11.12 -154.6 -10.6 -153.56 -10.78 curveto closepath fill
 0 0 0 setrgbcolor 0 0.7 dtransform truncate idtransform setlinewidth pop
 [] 0 setdash 1 setlinejoin 10 setmiterlimit
newpath -153.56 -10.78 moveto
-152.51 -10.96 -150.59 -11.39 -150.81 -11.89 curveto
-151.02 -12.39 -151.09 -13.31 -151.36 -14 curveto
-151.62 -14.68 -152.72 -15.6 -153 -16.11 curveto
-153.28 -16.61 -154.96 -17.08 -155.27 -16.98 curveto
-155.58 -16.88 -157.16 -15.81 -157.33 -15.03 curveto
-157.5 -14.25 -158.45 -13.51 -158.47 -13.15 curveto
-158.5 -12.78 -159.02 -12.14 -157.16 -11.6 curveto
-155.31 -11.07 -155.32 -10.82 -154.76 -10.97 curveto
-154.21 -11.12 -154.6 -10.6 -153.56 -10.78 curveto closepath stroke
 0.00002 0.00018 0.00017 setrgbcolor
newpath -156.68 1.83 moveto
-155.82 0.6 -155.83 -0.19 -154.63 -0.91 curveto
-153.43 -1.63 -152.26 -2.78 -152.22 -3.57 curveto
-152.17 -4.36 -151.27 -6.13 -151.5 -6.33 curveto
-151.74 -6.52 -153.49 -7.73 -154.43 -8.33 curveto
-155.37 -8.94 -156.59 -8.95 -157.63 -8.77 curveto
-158.68 -8.59 -160.06 -7.94 -161.09 -8.06 curveto
-162.12 -8.18 -163.51 -8.32 -164.3 -7.46 curveto
-165.08 -6.59 -165.1 -5.13 -165.34 -4.29 curveto
-165.57 -3.45 -165.1 -2.14 -165.52 -1.25 curveto
-165.93 -0.36 -166.34 1.38 -165.57 1.79 curveto
-164.81 2.2 -162.61 3.25 -161.9 3.47 curveto
-161.18 3.7 -158.94 2.92 -158.45 2.82 curveto
-157.95 2.73 -157.55 3.06 -156.68 1.83 curveto closepath fill
 0 0 0 setrgbcolor
newpath -156.68 1.83 moveto
-155.82 0.6 -155.83 -0.19 -154.63 -0.91 curveto
-153.43 -1.63 -152.26 -2.78 -152.22 -3.57 curveto
-152.17 -4.36 -151.27 -6.13 -151.5 -6.33 curveto
-151.74 -6.52 -153.49 -7.73 -154.43 -8.33 curveto
-155.37 -8.94 -156.59 -8.95 -157.63 -8.77 curveto
-158.68 -8.59 -160.06 -7.94 -161.09 -8.06 curveto
-162.12 -8.18 -163.51 -8.32 -164.3 -7.46 curveto
-165.08 -6.59 -165.1 -5.13 -165.34 -4.29 curveto
-165.57 -3.45 -165.1 -2.14 -165.52 -1.25 curveto
-165.93 -0.36 -166.34 1.38 -165.57 1.79 curveto
-164.81 2.2 -162.61 3.25 -161.9 3.47 curveto
-161.18 3.7 -158.94 2.92 -158.45 2.82 curveto
-157.95 2.73 -157.55 3.06 -156.68 1.83 curveto closepath stroke
 1 setlinecap
newpath -201.56 -75.35 moveto
-192.96077 -92.93494 -207.63187 -65.73906 -201.88995 -64.38168 curveto stroke
newpath -201.88995 -64.38168 moveto
-206.55034 -59.43626 -206.34866 -52.88278 -202.03 -52.49 curveto stroke
newpath -202.03 -52.49 moveto
-202.03 -52.49 lineto stroke
 0.00002 0.00018 0.00017 setrgbcolor
newpath -202.74 -44.26 moveto
-202.74 -44.26 -201.63 -44.9 -201.71 -46.36 curveto
-201.79 -47.81 -201.83 -48.78 -202.49 -48.92 curveto
-203.16 -49.06 -203.85 -50.41 -204.59 -49.89 curveto
-205.33 -49.36 -206.02 -48.47 -206.28 -47.99 curveto
-206.53 -47.52 -208 -44.71 -207.48 -43.78 curveto
-206.96 -42.86 -205.61 -41 -204.93 -41.47 curveto
-204.25 -41.94 -204.34 -43.21 -203.85 -43.44 curveto
-203.36 -43.67 -202.74 -44.26 -202.74 -44.26 curveto closepath fill
 0 0 0 setrgbcolor
newpath -202.74 -44.26 moveto
-202.74 -44.26 -201.63 -44.9 -201.71 -46.36 curveto
-201.79 -47.81 -201.83 -48.78 -202.49 -48.92 curveto
-203.16 -49.06 -203.85 -50.41 -204.59 -49.89 curveto
-205.33 -49.36 -206.02 -48.47 -206.28 -47.99 curveto
-206.53 -47.52 -208 -44.71 -207.48 -43.78 curveto
-206.96 -42.86 -205.61 -41 -204.93 -41.47 curveto
-204.25 -41.94 -204.34 -43.21 -203.85 -43.44 curveto
-203.36 -43.67 -202.74 -44.26 -202.74 -44.26 curveto closepath stroke
newpath -204.68 -41.71 moveto
-211.02466 -42.25464 -211.2538 -31.3195 -203.54782 -32.21886 curveto stroke
newpath -203.54782 -32.21886 moveto
-204.74289 -29.44969 -208.37111 -27.68372 -207.7832 -24.54889 curveto stroke
newpath -207.7832 -24.54889 moveto
-211.13719 -25.72859 -212.5288 -20.73781 -211.33 -15.45 curveto stroke
newpath -211.33 -15.45 moveto
-211.33 -15.45 lineto stroke
 0.00002 0.00018 0.00017 setrgbcolor
newpath -140 10.34 moveto
-138.98 9.61 -139.2 9.17 -138.92 8.51 curveto
-138.64 7.86 -139.11 7.46 -139.7 7.18 curveto
-140.29 6.9 -141.68 6.57 -142.01 7.16 curveto
-142.35 7.75 -142.84 7.78 -142.6 8.77 curveto
-142.35 9.77 -143.07 10.7 -142.23 10.93 curveto
-141.39 11.17 -141.07 10.88 -140.75 10.72 curveto
-140.44 10.56 -141.02 11.07 -140 10.34 curveto closepath fill
 0 0 0 setrgbcolor
newpath -140 10.34 moveto
-138.98 9.61 -139.2 9.17 -138.92 8.51 curveto
-138.64 7.86 -139.11 7.46 -139.7 7.18 curveto
-140.29 6.9 -141.68 6.57 -142.01 7.16 curveto
-142.35 7.75 -142.84 7.78 -142.6 8.77 curveto
-142.35 9.77 -143.07 10.7 -142.23 10.93 curveto
-141.39 11.17 -141.07 10.88 -140.75 10.72 curveto
-140.44 10.56 -141.02 11.07 -140 10.34 curveto closepath stroke
 0.00002 0.00018 0.00017 setrgbcolor
newpath -96.27 -12.18 moveto
-94.73 -12.21 -94.29 -12.54 -92.96 -12.93 curveto
-91.64 -13.32 -91.48 -13.9 -90.7 -14.15 curveto
-89.91 -14.4 -89.19 -14.6 -89.17 -14.95 curveto
-89.15 -15.3 -91.3 -16.91 -93.12 -17.2 curveto
-94.93 -17.49 -97.63 -17.89 -98.55 -17.48 curveto
-99.46 -17.06 -101.84 -15.02 -101.13 -14.03 curveto
-100.42 -13.04 -99.76 -13.17 -98.78 -12.7 curveto
-97.8 -12.22 -97.81 -12.16 -96.27 -12.18 curveto closepath fill
 0 0 0 setrgbcolor
newpath -96.27 -12.18 moveto
-94.73 -12.21 -94.29 -12.54 -92.96 -12.93 curveto
-91.64 -13.32 -91.48 -13.9 -90.7 -14.15 curveto
-89.91 -14.4 -89.19 -14.6 -89.17 -14.95 curveto
-89.15 -15.3 -91.3 -16.91 -93.12 -17.2 curveto
-94.93 -17.49 -97.63 -17.89 -98.55 -17.48 curveto
-99.46 -17.06 -101.84 -15.02 -101.13 -14.03 curveto
-100.42 -13.04 -99.76 -13.17 -98.78 -12.7 curveto
-97.8 -12.22 -97.81 -12.16 -96.27 -12.18 curveto closepath stroke
newpath -83.63 -29.98 moveto
-89.22554 -28.88402 -91.12558 -24.32169 -88.3831 -23.35783 curveto stroke
newpath -88.3831 -23.35783 moveto
-90.71606 -21.35573 -94.87694 -20.17339 -93.4 -17.45 curveto stroke
newpath -93.4 -17.45 moveto
-93.4 -17.45 lineto stroke
newpath -99.64 -34.46 moveto
-104.12013 -34.0535 -105.08311 -27.63771 -100.54343 -25.77736 curveto stroke
newpath -100.54343 -25.77736 moveto
-104.92116 -22.39185 -102.24385 -16.64638 -98.55 -17.48 curveto stroke
newpath -98.55 -17.48 moveto
-98.55 -17.48 lineto stroke
newpath -98.18 -12.78 moveto
-102.66212 -12.3985 -98.16385 -5.82054 -90.72076 -7.70251 curveto stroke
newpath -90.72076 -7.70251 moveto
-92.30347 -2.11304 -83.06102 1.07736 -80.77591 -5.91786 curveto stroke
newpath -80.77591 -5.91786 moveto
-79.0542 -3.9996 -76.31987 -3.03172 -75.2598 -0.64635 curveto stroke
newpath -75.2598 -0.64635 moveto
-78.98566 -1.04053 -80.80861 3.22415 -81.70004 7.3167 curveto stroke
newpath -81.70004 7.3167 moveto
-86.16753 3.25327 -91.45596 1.3508 -91.23685 5.13431 curveto stroke
newpath -91.23685 5.13431 moveto
-95.17998 3.15234 -99.74606 7.28175 -98.48 12.32 curveto stroke
newpath -98.48 12.32 moveto
-98.48 12.32 lineto stroke
newpath -93.44 -12.96 moveto
-97.39343 -8.02986 -88.2366 -0.13101 -82.52466 -8.14554 curveto stroke
newpath -82.52466 -8.14554 moveto
-80.7767 -4.314 -75.79227 -4.30215 -72.14 -2.43 curveto stroke
newpath -72.14 -2.43 moveto
-72.14 -2.43 lineto stroke
newpath -120.59 -31.38 moveto
-124.76001 -28.29195 -123.27725 -21.86609 -118.42635 -21.11137 curveto stroke
newpath -118.42635 -21.11137 moveto
-120.87718 -18.06792 -121.77798 -13.8943 -119.49847 -10.89464 curveto stroke
newpath -119.49847 -10.89464 moveto
-126.7839 -9.97017 -127.0166 -2.25264 -122.99007 -1.48999 curveto stroke
newpath -122.99007 -1.48999 moveto
-127.46802 3.71143 -121.11063 10.1469 -116.61441 6.69875 curveto stroke
newpath -116.61441 6.69875 moveto
-116.01854 11.23407 -109.95912 12.84573 -106.32005 9.0543 curveto stroke
newpath -106.32005 9.0543 moveto
-105.06314 13.3878 -100.1501 15.44739 -96.54 13.04 curveto stroke
newpath -96.54 13.04 moveto
-96.54 13.04 lineto stroke
newpath -71.67 0.51 moveto
-77.83543 -3.41216 -82.48352 3.57596 -79.10982 6.4389 curveto stroke
newpath -79.10982 6.4389 moveto
-82.35588 7.60004 -88.0453 4.44603 -88.5408 8.75839 curveto stroke
newpath -88.5408 8.75839 moveto
-91.43839 6.60997 -93.68211 11.07053 -96.54 13.04 curveto stroke
newpath -96.54 13.04 moveto
-96.54 13.04 lineto stroke
 0.00002 0.00018 0.00017 setrgbcolor
newpath -71.95 1.15 moveto
-71.95 1.15 -71.23 2.57 -70.65 1.7 curveto
-70.06 0.84 -70.21 0.17 -70.3 -0.49 curveto
-70.39 -1.15 -69.72 -1.23 -70.76 -2.12 curveto
-71.81 -3.01 -71.95 -2.66 -72.3 -1.61 curveto
-72.65 -0.55 -71.95 1.15 -71.95 1.15 curveto closepath fill
 0 0 0 setrgbcolor
newpath -71.95 1.15 moveto
-71.95 1.15 -71.23 2.57 -70.65 1.7 curveto
-70.06 0.84 -70.21 0.17 -70.3 -0.49 curveto
-70.39 -1.15 -69.72 -1.23 -70.76 -2.12 curveto
-71.81 -3.01 -71.95 -2.66 -72.3 -1.61 curveto
-72.65 -0.55 -71.95 1.15 -71.95 1.15 curveto closepath stroke
showpage
%%EOF
