%!PS
%%BoundingBox: -1 -1 141 141 
%%HiResBoundingBox: -0.24501 -0.24501 140.24501 140.24501 
%%Creator: MetaPost 1.209
%%CreationDate: 2015.12.07:2306
%%Pages: 1
%%BeginProlog
%%EndProlog
%%Page: 1 1
gsave newpath 0 0 moveto
46.66595 0 93.33405 0 140 0 curveto
140 46.66595 140 93.33405 140 140 curveto
93.33405 140 46.66595 140 0 140 curveto
0 93.33405 0 46.66595 0 0 curveto closepath clip
 1 1 1 setrgbcolor
newpath 0 0 moveto
326.66168 0 653.33832 0 980 0 curveto
980 326.66168 980 653.33832 980 980 curveto
653.33832 980 326.66168 980 0 980 curveto
0 653.33832 0 326.66168 0 0 curveto closepath fill
newpath 24.61813 55.38968 moveto
47.69626 47.69626 70.77663 40.00508 93.85464 32.31166 curveto
109.2416 45.13246 124.62619 57.95572 140.01314 70.77663 curveto
136.42352 87.18715 132.83145 103.60002 129.24184 120.01054 curveto
105.64963 124.11435 82.05977 128.21591 58.46756 132.31972 curveto
49.23627 116.42093 40.00273 100.52214 30.77155 84.62346 curveto
28.71959 74.87808 26.67009 65.13506 24.61813 55.38968 curveto closepath fill
 0.8 0.8 0.8 setrgbcolor 0 2.45004
 dtransform truncate idtransform setlinewidth pop [] 0 setdash 1 setlinejoin
 10 setmiterlimit
newpath 24.61813 55.38968 moveto
47.69626 47.69626 70.77663 40.00508 93.85464 32.31166 curveto
109.2416 45.13246 124.62619 57.95572 140.01314 70.77663 curveto
136.42352 87.18715 132.83145 103.60002 129.24184 120.01054 curveto
105.64963 124.11435 82.05977 128.21591 58.46756 132.31972 curveto
49.23627 116.42093 40.00273 100.52214 30.77155 84.62346 curveto
28.71959 74.87808 26.67009 65.13506 24.61813 55.38968 curveto closepath stroke
 0 0 0 setrgbcolor 0 1.71507 dtransform truncate idtransform setlinewidth pop
 1 setlinecap
newpath 24.61813 55.38968 moveto
37.95323 68.72467 51.28587 82.05742 64.62086 95.39241 curveto
62.56902 107.70148 60.51941 120.01054 58.46756 132.31972 curveto
60.51941 120.01054 62.56902 107.70148 64.62086 95.39241 curveto
73.85216 91.8028 83.0857 88.21307 92.31688 84.62346 curveto
92.82872 67.18701 93.34291 49.74811 93.85464 32.31166 curveto
93.34291 49.74811 92.82872 67.18701 92.31688 84.62346 curveto
104.62605 96.41833 116.93277 108.21567 129.24184 120.01054 curveto stroke
grestore
 0 0 0 setrgbcolor 0 0.49 dtransform truncate idtransform setlinewidth pop
 [] 0 setdash 1 setlinejoin 10 setmiterlimit
newpath 0 0 moveto
46.66595 0 93.33405 0 140 0 curveto
140 46.66595 140 93.33405 140 140 curveto
93.33405 140 46.66595 140 0 140 curveto
0 93.33405 0 46.66595 0 0 curveto closepath stroke
showpage
%%EOF
