%!PS
%%BoundingBox: -1 -1 141 141 
%%HiResBoundingBox: -0.24501 -0.24501 140.24501 140.24501 
%%Creator: MetaPost 1.209
%%CreationDate: 2015.12.07:2306
%%Pages: 1
%%BeginProlog
%%EndProlog
%%Page: 1 1
gsave newpath 0 0 moveto
46.66595 0 93.33405 0 140 0 curveto
140 46.66595 140 93.33405 140 140 curveto
93.33405 140 46.66595 140 0 140 curveto
0 93.33405 0 46.66595 0 0 curveto closepath clip
 1 1 1 setrgbcolor
newpath 0 0 moveto
326.66168 0 653.33832 0 980 0 curveto
980 326.66168 980 653.33832 980 980 curveto
653.33832 980 326.66168 980 0 980 curveto
0 653.33832 0 326.66168 0 0 curveto closepath fill
 0 0 0 setrgbcolor 0 1.71507 dtransform truncate idtransform setlinewidth pop
 [] 0 setdash 1 setlinecap 1 setlinejoin 10 setmiterlimit
newpath 15.38695 46.1585 moveto
23.12117 51.48251 33.37946 52.37631 40.0037 46.1585 curveto
47.79196 38.8481 59.65701 38.0781 64.62054 46.1585 curveto
70.48514 55.70584 84.20946 55.64325 89.2375 46.1585 curveto
93.83852 37.4791 106.52164 37.74356 113.85435 46.1585 curveto
119.93631 53.13799 129.76596 46.1585 138.4711 46.1585 curveto
138.47302 46.1585 lineto stroke
newpath 113.88084 32.77095 moveto
114.6235 33.9838 115.24931 35.31071 115.72847 36.73718 curveto
118.67636 45.51292 130.42883 42.8264 138.4712 46.15775 curveto
138.47302 46.1585 lineto
138.4712 46.15924 lineto
130.42883 49.49059 124.01843 59.70049 115.72847 55.5798 curveto
114.38094 54.90999 113.00018 54.41428 111.6173 54.08177 curveto
 closepath stroke
newpath 113.88084 32.77095 moveto
114.6235 33.9838 115.24931 35.31071 115.72847 36.73718 curveto
118.67636 45.51292 130.42883 42.8264 138.4712 46.15775 curveto
138.47302 46.1585 lineto
138.4712 46.15924 lineto
130.42883 49.49059 124.01843 59.70049 115.72847 55.5798 curveto
114.38094 54.90999 113.00018 54.41428 111.6173 54.08177 curveto
 closepath fill
 0 2.45004 dtransform truncate idtransform setlinewidth pop
newpath 52.43004 107.70148 moveto
56.48781 107.70148 57.88394 114.55098 62.22989 113.58124 curveto
67.8689 112.323 62.61665 100.51563 69.58034 100.35178 curveto
77.13757 100.17393 71.47827 112.52423 76.93004 114.07172 curveto
83.04767 115.80815 82.56851 106.1134 86.72989 103.78139 curveto
91.79735 100.94159 96.21443 107.70148 101.43004 107.70148 curveto stroke
newpath 85.51384 100.58537 moveto
86.72028 99.50508 87.97264 98.61748 89.34912 98.45416 curveto
95.11758 97.76982 96.61145 105.70549 101.43004 107.70148 curveto
96.61145 109.69746 89.94363 105.1426 86.34879 109.70547 curveto
85.49098 110.7942 85.23303 112.3073 85.14384 113.92442 curveto
 closepath stroke
newpath 85.51384 100.58537 moveto
86.72028 99.50508 87.97264 98.61748 89.34912 98.45416 curveto
95.11758 97.76982 96.61145 105.70549 101.43004 107.70148 curveto
96.61145 109.69746 89.94363 105.1426 86.34879 109.70547 curveto
85.49098 110.7942 85.23303 112.3073 85.14384 113.92442 curveto
 closepath fill
grestore
 0 0 0 setrgbcolor 0 0.49 dtransform truncate idtransform setlinewidth pop
 [] 0 setdash 1 setlinejoin 10 setmiterlimit
newpath 0 0 moveto
46.66595 0 93.33405 0 140 0 curveto
140 46.66595 140 93.33405 140 140 curveto
93.33405 140 46.66595 140 0 140 curveto
0 93.33405 0 46.66595 0 0 curveto closepath stroke
showpage
%%EOF
