%!PS
%%BoundingBox: -612 -317 624 319 
%%HiResBoundingBox: -611.32 -316.62 623.95 318.52 
%%Creator: MetaPost 1.209
%%CreationDate: 2015.12.07:2306
%%Pages: 1
%%BeginProlog
%%EndProlog
%%Page: 1 1
 0 0 0 setrgbcolor 0 1.4 dtransform truncate idtransform setlinewidth pop
 [] 0 setdash 1 setlinecap 1 setlinejoin 10 setmiterlimit
newpath 584.32 280.06 moveto
584.32 280.06 575.3 272.33 571.14 263.14 curveto
566.99 253.94 563.97 248.75 562.59 242.2 curveto
561.21 235.65 563.34 223.51 559.58 216.36 curveto
555.82 209.22 550.29 201.51 546.82 201.11 curveto
543.35 200.72 537.8 203.95 535.67 205.89 curveto
533.54 207.84 532.58 210.56 527.49 211.53 curveto
522.4 212.51 516.85 213.22 513.35 213.42 curveto
509.86 213.63 503.08 214.77 500.38 218.62 curveto
497.68 222.47 499.61 227.84 491.4 225.79 curveto
483.19 223.74 470.88 216.8 455.66 216.11 curveto
440.48 215.43 428.01 214.45 423.07 216.7 curveto
418.12 218.95 410.82 218.51 410.49 220.43 curveto stroke
newpath 391.79 218.01 moveto
381.63 217.67 369.35 217.88 361.67 213.83 curveto
353.92 209.75 327.04 216.21 327.04 216.21 curveto
327.04 216.21 298.49 225.79 286.07 224.18 curveto
273.67 222.57 273.78 224.77 264.42 217.57 curveto
262.8 216.33 260.02 213.38 260.02 213.38 curveto
260.02 213.38 259.69 234.95 256.04 238.58 curveto
252.4 242.21 243.37 242.08 237.54 241.93 curveto
231.71 241.79 221.69 235.07 219.65 232.75 curveto
217.62 230.44 205.23 220.39 177.96 241.07 curveto
173.96 244.11 166.57 241.17 161.31 249.41 curveto
156.03 257.7 151.86 260.88 151.86 260.88 curveto
151.86 260.88 135.2 255.97 128.13 247.99 curveto
120.87 239.79 108.58 222.73 108.58 222.73 curveto
108.58 222.73 79 225.77 75.85 228.28 curveto
72.71 230.79 63.65 239.56 63.65 239.56 curveto
63.65 239.56 54.99 241.05 48.59 237.19 curveto
42.31 233.4 50.09 240.1 45.18 246.07 curveto
40.23 252.07 38.93 254.34 28.56 256.06 curveto
18.2 257.77 9.79 263.06 6.45 262.67 curveto
3.07 262.28 -4.03 256.66 -4.72 255.65 curveto
-5.41 254.64 -35.89 246.75 -35.89 246.75 curveto
-35.89 246.75 -44.76 244.66 -48.8 248.09 curveto
-52.85 251.53 -55.26 256.71 -60.93 247.53 curveto
-66.6 238.35 -75.41 226.81 -78.98 224.66 curveto
-82.55 222.51 -83.75 222.43 -87.18 223.41 curveto
-90.6 224.38 -92.29 224.52 -95.07 221.91 curveto
-97.86 219.31 -107.57 216.6 -107.57 216.6 curveto
-107.57 216.6 -109.78 223.56 -113.74 225.83 curveto
-117.71 228.1 -125.02 228.77 -132.14 218.54 curveto
-139.26 208.32 -146.18 190.7 -152.24 188.07 curveto
-158.32 185.44 -174.13 185.01 -182.76 175.4 curveto
-191.42 165.78 -206.61 151.54 -211.45 139.29 curveto
-216.27 127.08 -218.83 120.59 -220.31 120.99 curveto
-221.78 121.4 -221.37 122.88 -226.89 121.61 curveto
-232.4 120.33 -236.92 118.63 -238.03 116.62 curveto
-239.14 114.62 -268.35 97.76 -268.35 97.76 curveto
-268.35 97.76 -271.28 93.47 -273.32 90.69 curveto
-275.36 87.92 -294.53 78.47 -294.96 77.24 curveto
-295.38 76.01 -304.77 64.3 -304.77 64.3 curveto
-304.77 64.3 -309.45 59.55 -311.94 61.4 curveto
-314.44 63.25 -323.55 59.79 -322.11 53.31 curveto
-320.67 46.82 -320.2 39.33 -317.66 36.03 curveto
-315.14 32.74 -308.25 27.97 -308.22 25.34 curveto
-308.18 22.71 -304.56 19.95 -310.03 13.01 curveto
-313.82 8.2 -311.18 5.7 -309.4 -0.08 curveto
-307.62 -5.88 -301.61 -20.57 -308.01 -24.91 curveto
-314.39 -29.24 -321.26 -33.09 -322.37 -36.49 curveto
-323.48 -39.91 -327.43 -39.55 -329.04 -36.24 curveto
-330.65 -32.92 -332.15 -25.27 -338.31 -31.9 curveto
-344.72 -38.8 -355.6 -52.9 -355.77 -55.91 curveto
-355.95 -58.9 -360.72 -69.92 -362.09 -71.44 curveto
-363.46 -72.95 -372.94 -66.9 -376.82 -71.89 curveto
-380.71 -76.9 -385.64 -80.75 -388.18 -83.53 curveto
-390.73 -86.32 -400.83 -104.3 -400.83 -104.3 curveto
-400.83 -104.3 -418.08 -126.64 -415.61 -127.77 curveto stroke
newpath -258.38 -277.29 moveto
-254.72 -278.44 -250.12 -276.79 -251.26 -272.76 curveto
-252.41 -268.73 -254.44 -268.83 -254.29 -264.26 curveto
-254.14 -259.69 -254.37 -258.72 -254.23 -257.65 curveto
-253.87 -255 -252.2 -254.56 -251.11 -254.75 curveto
-250.02 -254.94 -249.18 -255.02 -248.81 -252.49 curveto
-248.44 -249.95 -243.08 -235.29 -243.72 -231.59 curveto
-244.37 -227.89 -248.48 -219.19 -251.93 -217.3 curveto
-255.38 -215.42 -262.31 -213.69 -262.27 -212.01 curveto
-262.22 -210.32 -262.49 -209.61 -260.43 -207.35 curveto
-258.37 -205.1 -252.65 -199.19 -252.32 -198.57 curveto
-251.99 -197.96 -243.62 -194.7 -242.89 -184.23 curveto
-242.16 -173.75 -240.84 -179.09 -240.41 -172.83 curveto
-239.98 -166.57 -248.13 -159.01 -249.36 -158.47 curveto
-250.59 -157.92 -251.07 -155.19 -259.64 -156.89 curveto
-268.2 -158.59 -262.36 -157.73 -262.36 -157.73 curveto
-262.36 -157.73 -267.03 -153.74 -261.32 -146.05 curveto
-259.85 -144.06 -260.51 -139.9 -261.96 -136.96 curveto
-263.41 -134.03 -264.22 -129.02 -263.34 -127.18 curveto
-262.46 -125.34 -260.03 -120.33 -264.57 -111.89 curveto
-269.11 -103.44 -271.94 -104.88 -275.66 -101.91 curveto
-279.39 -98.94 -281.97 -97.59 -283.58 -96.57 curveto
-285.18 -95.56 -286.02 -95.83 -286.02 -95.83 curveto
-286.02 -95.83 -284.47 -87.87 -282.06 -82.64 curveto
-279.65 -77.39 -273.31 -67.42 -273.2 -65.13 curveto
-273.09 -62.84 -274.39 -58.43 -266.47 -47.59 curveto
-258.58 -36.8 -264.6 -43.65 -261.41 -40.16 curveto
-258.22 -36.67 -259.61 -31.87 -257.6 -29.76 curveto
-255.59 -27.64 -246.84 -23.63 -245.42 -21.65 curveto
-244 -19.66 -243.43 -17.58 -244.47 -13.5 curveto
-245.51 -9.41 -248.36 -5.88 -240.9 2.71 curveto
-233.31 11.47 -227.18 25.27 -227.1 27.14 curveto
-227.01 29.01 -226.5 36.59 -225.15 39.38 curveto
-223.8 42.15 -219.46 43 -216.06 45.76 curveto
-212.66 48.52 -208.86 55.58 -201.56 57.68 curveto
-194.26 59.78 -188.04 56.34 -185.23 58.32 curveto
-182.42 60.3 -176.7 66.82 -175.83 68.7 curveto
-174.95 70.57 -168.03 84.31 -163.87 88.05 curveto
-159.71 91.79 -160.8 97.52 -148.45 96.96 curveto
-145.9 96.84 -145.74 101.22 -136.39 103.24 curveto
-127.08 105.25 -107.49 108.64 -105.13 113.67 curveto
-102.77 118.71 -100.64 127.98 -96.14 128.26 curveto
-91.61 128.54 -79.13 130.37 -74.39 132.16 curveto
-69.61 133.98 -46.79 148.17 -36.05 149 curveto
-25.21 149.84 -23.3 148.1 -16.32 145.04 curveto
-9.42 142.02 9.06 137.76 14.27 137.86 curveto
19.47 137.96 23.31 139.69 35.87 137.42 curveto
48.42 135.16 56.01 132.98 58.94 131.86 curveto
61.85 130.74 69.01 130.36 70.42 129.56 curveto
71.83 128.76 72.3 128.11 76.04 116.07 curveto
79.79 103.97 80.83 102.04 80.69 100.14 curveto
80.56 98.23 80.78 78.96 85.51 68.54 curveto
90.26 58.07 90.47 43.83 107.78 37.41 curveto
125.07 31 128.39 36.81 129.38 38.72 curveto
130.38 40.63 131.06 46.08 132.79 47.79 curveto
134.51 49.49 140.17 54.37 145.29 53.55 curveto
150.41 52.73 151.89 54.44 169.62 47.64 curveto
172.26 46.63 178.02 44.82 183.56 45.2 curveto
189.15 45.59 198.93 42.78 203.31 42.21 curveto
207.7 41.63 210.88 44.31 209.78 47.41 curveto
208.69 50.51 205.87 56.76 205.8 58.3 curveto
205.65 61.6 202.36 66.21 211.87 66.63 curveto
221.47 67.05 231.17 71.51 232.83 72.64 curveto
234.5 73.76 251.81 82 245.19 90.7 curveto
238.55 99.43 236.86 95.91 227.74 101.18 curveto
218.48 106.52 209.41 118.03 209.41 118.03 curveto
204.71 128.75 lineto
204.71 128.75 203.8 131.79 210.86 133.2 curveto
218.45 134.71 230.61 141.89 232.53 143.61 curveto
234.37 145.26 235.99 150.42 240.01 150.32 curveto
244.02 150.22 254.93 145.17 257.04 144.67 curveto
259.16 144.17 273.7 141.81 279.46 139.92 curveto
285.2 138.04 285.69 137.95 287.4 139.79 curveto
289.1 141.62 290.86 149.64 294.6 146.39 curveto
298.34 143.13 297.26 139.41 305.59 136.47 curveto
313.91 133.54 321.66 130.22 323.53 129.5 curveto
325.39 128.79 331.09 126.69 333.19 128.05 curveto
335.28 129.42 332.53 134.63 337.33 133.54 curveto
342.11 132.46 343.44 130.41 346.44 130.64 curveto
349.43 130.87 349.85 131.98 352.16 133.83 curveto
354.47 135.69 356.19 141.86 365.37 141.3 curveto
374.53 140.73 389.95 138.64 393.94 137.87 curveto
397.93 137.09 404.94 139.71 408.44 141.43 curveto
411.94 143.15 421.07 152.68 423.87 154.61 curveto
426.66 156.54 431.86 155.94 434.25 156.05 curveto
436.65 156.16 445.74 157.17 448.03 157.04 curveto
450.32 156.9 455.89 158.59 463.17 151.71 curveto
470.45 144.84 475.83 147.84 477.42 147.31 curveto
479 146.79 482.58 144.76 487.54 143.81 curveto
488.81 143.57 489.6 143.3 489.6 143.3 curveto
489.6 143.3 492.87 134.56 491.65 127.06 curveto
490.43 119.56 488.55 117.34 482.09 100.32 curveto
481.02 97.51 480.04 91.19 479.8 83.36 curveto
479.75 81.85 479.18 76.46 484.24 78.27 curveto
489.3 80.07 490.14 82.4 492.93 84.09 curveto
495.73 85.79 497.23 86.94 497.94 84.68 curveto
498.65 82.43 498.7 81.35 500.5 78.9 curveto
502.3 76.46 503.33 77.35 504.13 78.23 curveto
504.93 79.1 514.22 88.07 514.22 88.07 curveto
514.22 88.07 520.06 93.98 519.52 97.92 curveto
518.98 101.86 518.39 109.4 518.75 112.06 curveto
519.11 114.72 521.86 120.37 524.96 120.75 curveto
528.07 121.12 531.38 125.37 539.1 129.67 curveto
541.91 131.24 541.2 139.13 546.57 142.5 curveto
551.94 145.86 555.08 147.93 558.2 150.59 curveto
561.32 153.25 562.45 152.34 562.31 157.98 curveto
562.17 163.62 559.76 171.67 562.53 176.96 curveto
565.29 182.25 566.74 190.71 577.39 200.24 curveto
588.01 209.75 595.63 223.91 596.61 225.99 curveto
597.59 228.08 600.26 240.56 602.1 242.21 curveto
603.95 243.85 609.59 257.19 608.4 262.41 curveto
607.2 267.64 606.26 267.36 607.57 270.18 curveto stroke
newpath -408.29 -134.85 moveto
-394.25 -119.04 lineto
-382.14 -104.14 lineto
-382.14 -104.14 -378.81 -100.21 -373.52 -98.86 curveto
-368.23 -97.51 -355.61 -92 -352.77 -91.68 curveto
-349.99 -91.36 -349.89 -90.87 -348.82 -94.53 curveto
-347.75 -98.19 -343.52 -113.26 -336.66 -116.37 curveto
-329.84 -119.47 -322.78 -117.99 -319.39 -115.86 curveto
-315.99 -113.73 -313.79 -109.33 -313.79 -109.33 curveto
-307.25 -112.8 lineto
-307.25 -112.8 -304.8 -113.88 -304.31 -119.27 curveto
-303.83 -124.66 -301.89 -127.58 -298.53 -127.31 curveto
-295.19 -127.04 -296.51 -126.86 -296.51 -126.86 curveto
-296.51 -126.86 -292.33 -142.28 -292.29 -148.51 curveto
-292.26 -154.73 -292.61 -163.39 -291.31 -168.25 curveto
-290.02 -173.11 -290.49 -176.02 -289.27 -176.56 curveto
-288.04 -177.11 -282.37 -177.82 -280.29 -173.17 curveto
-278.22 -168.52 -277.52 -167.89 -274.31 -167.26 curveto
-271.09 -166.64 -270.32 -167.81 -268.68 -166.89 curveto
-267.04 -165.98 -266.39 -164.27 -264.59 -164.31 curveto
-262.79 -164.35 -261.74 -168.64 -261.43 -170.07 curveto
-261.12 -171.5 -257.59 -177.58 -257.59 -177.58 curveto
-257.59 -177.58 -254.45 -178.03 -257 -185.23 curveto
-259.56 -192.42 -258.07 -193.44 -261.88 -196.61 curveto
-265.71 -199.78 -269.73 -198.99 -270.55 -199.63 curveto
-271.36 -200.27 -277.5 -197.54 -280.85 -205.64 curveto
-284.2 -213.73 -288.63 -216.58 -287.82 -221.23 curveto
-287.01 -225.88 -287.92 -229.52 -289.79 -230.81 curveto
-291.65 -232.09 -293.74 -231.11 -295.33 -243.55 curveto
-296.93 -255.99 -296.75 -260.07 -297.24 -262.37 curveto
-297.74 -264.68 -299.19 -267.03 -299.11 -274.11 curveto
-299.03 -281.19 -295.98 -299 -289.06 -307.4 curveto
-288.68 -307.86 -274.71 -300.6 -273.45 -291.67 curveto
-273.18 -289.73 -270.62 -287.81 -270.62 -287.81 curveto
-267.36 -290.91 lineto
-267.36 -290.91 -264.79 -292.11 -265.01 -287.2 curveto
-265.23 -282.28 -262.87 -281.58 -262.87 -281.58 curveto stroke
newpath -408.51375 -112.03468 moveto
-392.88356 -99.70157 lineto
-403.27913 -116.68217 lineto
 closepath fill
newpath -405.60374 -114.45468 moveto
-389.97356 -102.12157 lineto
-400.36913 -119.10217 lineto
 closepath fill
newpath -401.95375 -116.97469 moveto
-386.32356 -104.64157 lineto
-396.71913 -121.62218 lineto
 closepath fill
newpath -401.01273 -106.14944 moveto
-386.32774 -92.70474 lineto
-395.45178 -110.4011 lineto
 closepath fill
newpath -396.91272 -110.56944 moveto
-382.22774 -97.12474 lineto
-391.35178 -114.82109 lineto
 closepath fill
newpath -300.2109 -99.69101 moveto
-290.02359 -116.7974 lineto
-305.50192 -104.2742 lineto
 closepath fill
newpath -296.08868 -112.76292 moveto
-278.52975 -122.14839 lineto
-298.25183 -119.42027 lineto
 closepath fill
newpath -291.78868 -103.45293 moveto
-274.22975 -112.8384 lineto
-293.95183 -110.11028 lineto
 closepath fill
newpath -283.30869 -110.77293 moveto
-265.74976 -120.1584 lineto
-285.47183 -117.43028 lineto
 closepath fill
newpath -284.07867 -118.00293 moveto
-266.51974 -127.3884 lineto
-286.24182 -124.66028 lineto
 closepath fill
newpath -285.17868 -125.62292 moveto
-267.61975 -135.00839 lineto
-287.34183 -132.28027 lineto
 closepath fill
newpath -289.20198 -126.74908 moveto
-282.79391 -145.59946 lineto
-295.33018 -130.13202 lineto
 closepath fill
newpath -281.54198 -126.15907 moveto
-275.13391 -145.00945 lineto
-287.67018 -129.542 lineto
 closepath fill
newpath -271.52199 -130.03908 moveto
-265.11392 -148.88945 lineto
-277.65019 -133.42201 lineto
 closepath fill
newpath -282.16199 -133.75908 moveto
-275.75392 -152.60945 lineto
-288.29019 -137.14201 lineto
 closepath fill
 0 0.7 dtransform truncate idtransform setlinewidth pop
newpath -610.97 174.55 moveto
-420.71 -120.16 lineto stroke
newpath -421.43207 -116.46016 moveto
-420.71 -120.16 lineto
-423.78458 -117.9789 lineto stroke
 0 1.4 dtransform truncate idtransform setlinewidth pop
newpath 491.37 176.7 moveto
491.37 176.7 491.62 175.82 495.47 175.76 curveto
499.32 175.69 499.97 174.63 501.92 176.88 curveto
503.86 179.13 506.1 180.07 506.27 181.63 curveto
506.44 183.2 506.95 182.51 504.09 184.66 curveto
501.22 186.82 501.31 187.67 497.76 188.83 curveto
494.22 190 491.34 189.75 488.46 189.62 curveto
485.58 189.49 484.39 189.19 483.48 188.19 curveto
482.56 187.19 482.26 185.97 483.91 184.01 curveto
485.56 182.04 486.1 180.86 487.5 179.24 curveto
488.89 177.62 491.37 176.7 491.37 176.7 curveto closepath stroke
 [12 12 ] 0 setdash
newpath 561.77 236.52 moveto
557.13 240.87 lineto
552.16 241.97 lineto stroke
newpath 563.31 244.76 moveto
559.18 245.89 lineto
555.16 247.15 lineto stroke
 [] 0 setdash
newpath 132.81 174.25 moveto
132.81 174.25 138.03 177.4 143.24 175.46 curveto
148.46 173.51 150.89 172.05 150.88 167.82 curveto
150.86 163.56 154.27 162.05 147.25 157.01 curveto
140.58 152.23 139.77 154.17 134.55 153.59 curveto
129.46 153.02 129.14 154 124.06 154.03 curveto
118.99 154.06 115.33 152.08 113.92 157.25 curveto
112.5 162.41 114.67 167.68 115.54 168.72 curveto
116.42 169.77 118.41 171.89 121.5 172.68 curveto
124.64 173.48 127.11 173.75 129.41 173.55 curveto
131.76 173.34 132.81 174.25 132.81 174.25 curveto closepath stroke
newpath 244.82 197.59 moveto
244.82 197.59 247.1 198.23 248.08 196.38 curveto
249.06 194.53 249.9 193.03 249.78 191.11 curveto
249.67 189.18 250.03 189.33 249.16 187.59 curveto
248.3 185.86 248.29 185.98 246.86 185.16 curveto
245.44 184.35 243.77 183.63 242.41 183.78 curveto
241.06 183.92 239.31 184.64 238.74 185.8 curveto
238.18 186.96 238.09 186.47 237.7 188.72 curveto
237.31 190.97 238.09 192.22 238.86 193.47 curveto
239.63 194.72 239.43 196.02 240.39 196.21 curveto
241.35 196.4 242.41 197.07 242.41 197.07 curveto
 closepath stroke
newpath 268.63544 165.17502 moveto
264.6234 145.67334 lineto
261.63779 165.3583 lineto
 closepath fill
newpath 282.25543 164.54501 moveto
278.2434 145.04333 lineto
275.25778 164.7283 lineto
 closepath fill
newpath 294.62543 164.56502 moveto
290.61339 145.06334 lineto
287.62778 164.7483 lineto
 closepath fill
newpath 308.11543 163.91502 moveto
304.1034 144.41335 lineto
301.11778 164.09831 lineto
 closepath fill
newpath 325.51543 157.86502 moveto
321.50339 138.36334 lineto
318.51778 158.04831 lineto
 closepath fill
newpath 338.58543 158.42502 moveto
334.5734 138.92334 lineto
331.58778 158.6083 lineto
 closepath fill
newpath 351.05544 159.05502 moveto
347.0434 139.55334 lineto
344.05779 159.23831 lineto
 closepath fill
newpath 362.92543 161.11502 moveto
358.91339 141.61334 lineto
355.92778 161.29831 lineto
 closepath fill
newpath 374.97543 160.75502 moveto
370.9634 141.25334 lineto
367.97778 160.93831 lineto
 closepath fill
newpath 392.53241 164.56596 moveto
395.67293 144.9051 lineto
385.92172 162.26384 lineto
 closepath fill
newpath 407.16241 167.25597 moveto
410.30293 147.59511 lineto
400.55173 164.95384 lineto
 closepath fill
newpath 406.51793 174.62221 moveto
412.94235 193.46721 lineto
413.4374 173.56337 lineto
 closepath fill
newpath 426.29793 179.1822 moveto
432.72235 198.0272 lineto
433.21739 178.12337 lineto
 closepath fill
newpath 446.60793 175.7722 moveto
453.03235 194.6172 lineto
453.52739 174.71336 lineto
 closepath fill
newpath 471.4022 190.63191 moveto
482.80058 206.95616 lineto
477.75664 187.69576 lineto
 closepath fill
newpath 366.84543 175.92502 moveto
362.83339 156.42334 lineto
359.84778 176.1083 lineto
 closepath fill
newpath 354.23543 174.88501 moveto
350.22339 155.38333 lineto
347.23778 175.0683 lineto
 closepath fill
newpath 343.30544 174.55502 moveto
339.2934 155.05334 lineto
336.30779 174.73831 lineto
 closepath fill
newpath 332.96544 172.95502 moveto
328.9534 153.45334 lineto
325.96779 173.1383 lineto
 closepath fill
newpath 319.27544 172.58502 moveto
315.2634 153.08334 lineto
312.27779 172.76831 lineto
 closepath fill
newpath 304.11543 174.54501 moveto
300.1034 155.04333 lineto
297.11778 174.7283 lineto
 closepath fill
newpath 292.70543 174.84502 moveto
288.69339 155.34334 lineto
285.70778 175.0283 lineto
 closepath fill
newpath 283.37543 176.62502 moveto
279.36339 157.12334 lineto
276.37778 176.8083 lineto
 closepath fill
newpath 269.83543 179.74501 moveto
265.8234 160.24333 lineto
262.83778 179.9283 lineto
 closepath fill
newpath 259.36543 179.18501 moveto
255.3534 159.68333 lineto
252.36778 179.3683 lineto
 closepath fill
newpath 153.32935 142.8936 moveto
172.25671 149.07097 lineto
156.6372 136.72447 lineto
 closepath fill
newpath 158.37935 130.7736 moveto
177.30672 136.95097 lineto
161.68721 124.60448 lineto
 closepath fill
newpath 167.95935 112.2136 moveto
186.88672 118.39096 lineto
171.26721 106.04446 lineto
 closepath fill
newpath 174.25987 103.45114 moveto
192.98984 96.69884 lineto
173.08046 96.55121 lineto
 closepath fill
 0 0.7 dtransform truncate idtransform setlinewidth pop
newpath -285.34459 58.39145 moveto
-287.14912 56.93538 -285.31218 53.38838 -287.59282 52.26013 curveto
-290.55203 50.79619 -292.4532 57.93175 -295.60884 55.50583 curveto
-299.03346 52.87314 -292.08499 49.41154 -293.95415 46.76709 curveto
-296.05159 43.79967 -299.31735 48.28296 -302.00476 47.82678 curveto
-305.27733 47.2713 -304.81598 42.6801 -307.13542 40.80856 curveto stroke
newpath -302.61075 49.68446 moveto
-303.535 49.73193 -304.41048 49.67725 -305.08115 49.25597 curveto
-307.892 47.49037 -305.70877 43.42528 -307.13542 40.80856 curveto
-304.2763 41.65001 -302.94557 46.06822 -299.70953 45.32906 curveto
-298.93738 45.15268 -298.2797 44.57228 -297.65974 43.88516 curveto
 closepath stroke
newpath -302.61075 49.68446 moveto
-303.535 49.73193 -304.41048 49.67725 -305.08115 49.25597 curveto
-307.892 47.49037 -305.70877 43.42528 -307.13542 40.80856 curveto
-304.2763 41.65001 -302.94557 46.06822 -299.70953 45.32906 curveto
-298.93738 45.15268 -298.2797 44.57228 -297.65974 43.88516 curveto
 closepath fill
newpath -308.93459 44.14145 moveto
-310.73912 42.68538 -308.90218 39.13838 -311.18282 38.01013 curveto
-314.14203 36.54619 -316.0432 43.68175 -319.19884 41.25583 curveto
-322.62346 38.62314 -315.67499 35.16154 -317.54414 32.51709 curveto
-319.64159 29.54967 -322.90735 34.03296 -325.59476 33.57678 curveto
-328.86732 33.0213 -328.40598 28.4301 -330.72542 26.55856 curveto stroke
newpath -326.20074 35.43446 moveto
-327.125 35.48193 -328.00047 35.42725 -328.67114 35.00597 curveto
-331.482 33.24037 -329.29877 29.17528 -330.72542 26.55856 curveto
-327.8663 27.40001 -326.53557 31.81822 -323.29953 31.07906 curveto
-322.52737 30.90268 -321.86969 30.32228 -321.24974 29.63516 curveto
 closepath stroke
newpath -326.20074 35.43446 moveto
-327.125 35.48193 -328.00047 35.42725 -328.67114 35.00597 curveto
-331.482 33.24037 -329.29877 29.17528 -330.72542 26.55856 curveto
-327.8663 27.40001 -326.53557 31.81822 -323.29953 31.07906 curveto
-322.52737 30.90268 -321.86969 30.32228 -321.24974 29.63516 curveto
 closepath fill
 0 1.4 dtransform truncate idtransform setlinewidth pop
 [12 12 ] 0 setdash
newpath -309.7 27.92 moveto
-309.7 27.92 -310.22 30.05 -314.63 26.17 curveto
-319.06 22.27 -322.36 22.98 -322.36 22.98 curveto stroke
newpath -322.11 53.31 moveto
-323.18 48.91 -321.17 50.67 -325.3 46.54 curveto
-329.44 42.39 -331.72 40.86 -331.72 40.86 curveto stroke
newpath -262.87 -281.58 moveto
-257.66 -295.63 lineto
-252.08 -307.38 lineto
-252.08 -307.38 -254.86 -304.38 -251.31 -308.55 curveto
-247.75 -312.71 -244.24 -315.92 -244.24 -315.92 curveto stroke
newpath -251.26 -272.76 moveto
-251.26 -272.76 -250.49 -279.21 -248.19 -282.23 curveto
-245.89 -285.24 -243.17 -292.08 -241.94 -292.75 curveto
-240.71 -293.41 -236.83 -299.48 -236.06 -300.65 curveto
-235.28 -301.81 -232.25 -305.04 -232.25 -305.04 curveto stroke
newpath 607.57 270.18 moveto
612.96 278.47 lineto
619.35 294.14 lineto
623.25 306.22 lineto stroke
newpath 584.32 280.06 moveto
588.2 295.13 lineto
588.2 295.13 591.25 302 592.43 305.29 curveto
593.6 308.59 598.23 317.82 598.23 317.82 curveto stroke
 0.7 0 dtransform exch truncate exch idtransform pop setlinewidth [] 0 setdash
newpath 17.62 197.86992 moveto
17.62 193.67009 lineto stroke
 0 0.7 dtransform truncate idtransform setlinewidth pop
newpath 15.52008 190.17009 moveto
17.62 193.67009 lineto
19.71991 190.17009 lineto stroke
newpath 15.52008 201.36992 moveto
17.62 197.86992 lineto
19.71991 201.36992 lineto stroke
showpage
%%EOF
