%!PS
%%BoundingBox: -188 -132 168 127 
%%HiResBoundingBox: -187.53 -131.3758 167.01326 126.95001 
%%Creator: MetaPost 1.209
%%CreationDate: 2015.12.07:2306
%%Pages: 1
%%BeginProlog
%%EndProlog
%%Page: 1 1
 0.1 0.2 0.8 setrgbcolor
newpath -159.79887 -53.8648 moveto
-159.79208 -53.1355 -159.76024 -49.12703 -159.86 -47.15 curveto
-159.96 -44.96 -159.81 -45.5 -159.63 -44.22 curveto
-159.45 -42.93 -158.96 -42.97 -158.76 -42.11 curveto
-158.56 -41.24 -159.55 -42.02 -158.43 -40.02 curveto
-157.31 -38.02 -152.41 -37.66 -150.47 -37.39 curveto
-148.54 -37.11 -147.87 -37.14 -147.89 -36.65 curveto
-147.92 -36.17 -147.05 -35.28 -146.64 -34.95 curveto
-146.23 -34.63 -143.04 -32.65 -142.17 -31.88 curveto
-141.29 -31.11 -140.77 -27.98 -139.74 -26.66 curveto
-138.71 -25.33 -134.73 -24.66 -133.92 -23.83 curveto
-133.11 -23 -130.82 -21.31 -131.08 -19.74 curveto
-131.34 -18.17 -130.66 -15.83 -130.21 -15.2 curveto
-129.75 -14.57 -127.26 -13.24 -126.7 -12.3 curveto
-126.14 -11.36 -125.84 -9.83 -125.99 -7.1 curveto
-126.13 -4.38 -124.16 -4.22 -124 -3.36 curveto
-123.49 -0.61 -124.1 -1.61 -124.72 0.67 curveto
-125.27359 2.7147 -122.86942 3.61137 -122.348 3.78001 curveto
-122.348 3.78004 lineto
-122.33156 2.34103 -122.24326 0.61456 -121.67 -0.52 curveto
-120.71 -2.41 -121.61 -5.86 -120.1 -6.88 curveto
-118.59 -7.9 -117.55 -11.61 -117.86 -12.72 curveto
-118.18 -13.83 -117.93 -13.94 -115.9 -15.67 curveto
-113.87 -17.39 -113.67 -21.52 -111.36 -21.66 curveto
-109.04 -21.8 -105.69 -20.69 -103.03 -22.41 curveto
-100.36 -24.14 -100.18 -24.98 -98.09 -24.88 curveto
-95.99 -24.78 -94.51 -24.69 -92.72 -25.8 curveto
-90.93 -26.91 -90.31 -26.87 -87.75 -26.1 curveto
-85.19 -25.32 -82.13 -24.97 -80.58 -24.01 curveto
-79.03 -23.05 -77.7 -22.71 -77.7 -22.71 curveto
-77.7 -22.71 -83.5 -27.38 -83.8 -28.62 curveto
-84.11 -29.86 -87.5 -33.62 -89.18 -34.46 curveto
-90.87 -35.29 -93.88 -39.13 -95.03 -40.65 curveto
-96.18 -42.18 -99.94 -43.35 -99.08 -45.74 curveto
-98.21 -48.14 -96.82 -53.55 -95.8 -54.23 curveto
-95.36024 -54.52318 -93.64163 -55.58403 -91.7461 -56.76985 curveto
-91.74612 -56.76982 lineto
-92.84552 -58.94614 -93.18404 -61.44893 -94.08 -63.41 curveto
-95.52 -66.54 -102.14 -76.46 -103.56 -77.63 curveto
-104.97 -78.79 -120.56 -78.76 -123.25 -78.76 curveto
-125.94 -78.76 -133.87 -76.23 -136.25 -75 curveto
-138.63 -73.76 -145.82 -65.97 -147.43 -64.15 curveto
-149.04 -62.34 -152.89 -59.29 -155.17 -57.39 curveto
-157.15958 -55.73203 -157.69475 -54.56139 -159.79887 -53.86479 curveto
 closepath fill
gsave newpath 161.76196 -6.75145 moveto
160.27988 -6.90358 158.76471 -6.88385 158 -7.5 curveto
156.26 -8.92 156.7 -15.2 157.11 -18.71 curveto
157.51 -22.22 157.86 -24.72 156.05 -28.43 curveto
154.24 -32.15 154.67 -30.6 150.16 -35.31 curveto
145.63 -40.05 142.83 -37.77 141.19 -41.21 curveto
139.56 -44.65 135.19 -49.09 132.45 -49.59 curveto
129.71 -50.09 129.46 -49.87 126.57 -54.64 curveto
123.7 -59.4 117.11 -65.37 116.86 -66.7 curveto
116.22 -70.22 115.98 -70.49 114.34 -74.09 curveto
112.7 -77.68 113 -78.89 109.89 -83.32 curveto
106.8 -87.73 100.92 -91.33 99.28 -93.89 curveto
97.63 -96.46 90.86 -96.15 89.02 -99.69 curveto
87.19 -103.23 84.42 -108.05 81.08 -111.18 curveto
77.75 -114.3 74.32 -115.47 71.6 -115.62 curveto
68.88 -115.77 65.24 -117.43 64.58 -119.18 curveto
63.93 -120.92 64.99 -122.33 61.1 -123.76 curveto
57.21 -125.19 55.02 -125.79 53.28 -125.63 curveto
51.54 -125.48 44.23 -122.42 42.96 -121.75 curveto
41.69 -121.08 29.88 -116.53 29.88 -116.53 curveto
20.95 -110.11 lineto
20.95 -110.11 11.21 -102.25 9.5 -102.34 curveto
7.79 -102.42 4.42 -98.91 0.2 -97.88 curveto
-4.02 -96.86 -10.1 -102.55 -10.1 -102.55 curveto
-7.52904 -99.93298 lineto
-7.52911 -99.93297 lineto
-4.97084 -103.1032 -2.8608 -106.01411 -1.73 -108.2 curveto
2.76 -116.86 7.82 -121.14 13.34 -123.5 curveto
18.87 -125.86 28.98 -121.7 31.41 -122.38 curveto
33.85 -123.06 49.91 -126.29 52.53 -127.93 curveto
55.14 -129.57 63.82 -132.48 66.22 -130.94 curveto
68.62 -129.41 82.42 -118.44 83.78 -116.96 curveto
85.14 -115.47 96.84 -102.52 103.5 -96.01 curveto
110.19 -89.46 120.67 -79.04 122.5 -75.74 curveto
124.34 -72.42 123.59 -74.35 126.43 -64.72 curveto
129.28 -55.03 127.75 -56.23 131.08 -54.43 curveto
134.42 -52.62 138.62 -51.1 139.21 -50.1 curveto
139.81 -49.1 161.82 -30.46 162.11 -28.66 curveto
162.35223 -27.20659 160.83414 -16.41692 161.76193 -6.75124 curveto
 closepath clip
 0.00002 0.00018 0.00015 setrgbcolor
newpath 3.63559 -133.00922 moveto
4.43959 -122.4603 lineto
-8.88794 -119.4302 lineto
-11.66289 -135.58392 lineto
 closepath fill
 0 0 0 setrgbcolor 0 0.7 dtransform truncate idtransform setlinewidth pop
 [] 0 setdash 1 setlinejoin 10 setmiterlimit
newpath 3.63559 -133.00922 moveto
4.43959 -122.4603 lineto
-8.88794 -119.4302 lineto
-11.66289 -135.58392 lineto
 closepath stroke
 0.00002 0.00018 0.00015 setrgbcolor
newpath 4.85411 -82.05493 moveto
5.18219 -66.54457 lineto
-11.88754 -69.16548 lineto
-8.76541 -89.11433 lineto
 closepath fill
 0 0 0 setrgbcolor
newpath 4.85411 -82.05493 moveto
5.18219 -66.54457 lineto
-11.88754 -69.16548 lineto
-8.76541 -89.11433 lineto
 closepath stroke
 0.00002 0.00018 0.00015 setrgbcolor
newpath -1.82712 -57.77377 moveto
9.72269 -51.11974 lineto
0.58218 -38.01299 lineto
-14.09323 -44.59827 lineto
 closepath fill
 0 0 0 setrgbcolor
newpath -1.82712 -57.77377 moveto
9.72269 -51.11974 lineto
0.58218 -38.01299 lineto
-14.09323 -44.59827 lineto
 closepath stroke
 0.00002 0.00018 0.00015 setrgbcolor
newpath -22.21478 -8.27254 moveto
-32.37744 -17.71979 lineto
-19.64519 -23.24829 lineto
-13.14989 -17.2681 lineto
 closepath fill
 0 0 0 setrgbcolor
newpath -22.21478 -8.27254 moveto
-32.37744 -17.71979 lineto
-19.64519 -23.24829 lineto
-13.14989 -17.2681 lineto
 closepath stroke
 0.00002 0.00018 0.00015 setrgbcolor
newpath 4.66382 -124.38367 moveto
-4.32538 -136.43933 lineto
11.51129 -142.68057 lineto
21.63351 -128.57602 lineto
 closepath fill
 0 0 0 setrgbcolor
newpath 4.66382 -124.38367 moveto
-4.32538 -136.43933 lineto
11.51129 -142.68057 lineto
21.63351 -128.57602 lineto
 closepath stroke
 0.00002 0.00018 0.00015 setrgbcolor
newpath 31.07814 -72.81012 moveto
15.5289 -70.11943 lineto
17.40854 -82.92755 lineto
30.48048 -83.50938 lineto
 closepath fill
 0 0 0 setrgbcolor
newpath 31.07814 -72.81012 moveto
15.5289 -70.11943 lineto
17.40854 -82.92755 lineto
30.48048 -83.50938 lineto
 closepath stroke
 0.00002 0.00018 0.00015 setrgbcolor
newpath 9.93958 -53.16779 moveto
18.95181 -35.62547 lineto
2.0898 -28.8723 lineto
-3.17465 -46.44484 lineto
 closepath fill
 0 0 0 setrgbcolor
newpath 9.93958 -53.16779 moveto
18.95181 -35.62547 lineto
2.0898 -28.8723 lineto
-3.17465 -46.44484 lineto
 closepath stroke
 0.00002 0.00018 0.00015 setrgbcolor
newpath 28.34204 -11.14505 moveto
12.6367 -15.3985 lineto
17.39497 -25.99055 lineto
28.36386 -24.26183 lineto
 closepath fill
 0 0 0 setrgbcolor
newpath 28.34204 -11.14505 moveto
12.6367 -15.3985 lineto
17.39497 -25.99055 lineto
28.36386 -24.26183 lineto
 closepath stroke
 0.00002 0.00018 0.00015 setrgbcolor
newpath 33.0233 -111.00728 moveto
44.3213 -108.44574 lineto
38.11394 -97.82358 lineto
24.73053 -104.68256 lineto
 closepath fill
 0 0 0 setrgbcolor
newpath 33.0233 -111.00728 moveto
44.3213 -108.44574 lineto
38.11394 -97.82358 lineto
24.73053 -104.68256 lineto
 closepath stroke
 0.00002 0.00018 0.00015 setrgbcolor
newpath 47.87775 -66.05359 moveto
35.3849 -55.35562 lineto
24.22575 -70.54912 lineto
39.2482 -79.25153 lineto
 closepath fill
 0 0 0 setrgbcolor
newpath 47.87775 -66.05359 moveto
35.3849 -55.35562 lineto
24.22575 -70.54912 lineto
39.2482 -79.25153 lineto
 closepath stroke
 0.00002 0.00018 0.00015 setrgbcolor
newpath 36.40033 -48.06007 moveto
41.12486 -36.51295 lineto
25.37862 -29.63904 lineto
26.44067 -44.47955 lineto
 closepath fill
 0 0 0 setrgbcolor
newpath 36.40033 -48.06007 moveto
41.12486 -36.51295 lineto
25.37862 -29.63904 lineto
26.44067 -44.47955 lineto
 closepath stroke
 0.00002 0.00018 0.00015 setrgbcolor
newpath 35.33891 -20.79538 moveto
49.288 -27.72981 lineto
50.85506 -18.95322 lineto
43.50359 -9.17593 lineto
 closepath fill
 0 0 0 setrgbcolor
newpath 35.33891 -20.79538 moveto
49.288 -27.72981 lineto
50.85506 -18.95322 lineto
43.50359 -9.17593 lineto
 closepath stroke
 0.00002 0.00018 0.00015 setrgbcolor
newpath 70.4004 -79.2738 moveto
67.26117 -91.23013 lineto
82.40175 -94.00659 lineto
82.71364 -74.44994 lineto
 closepath fill
 0 0 0 setrgbcolor
newpath 70.4004 -79.2738 moveto
67.26117 -91.23013 lineto
82.40175 -94.00659 lineto
82.71364 -74.44994 lineto
 closepath stroke
 0.00002 0.00018 0.00015 setrgbcolor
newpath 63.14746 -69.8672 moveto
72.74965 -61.24814 lineto
64.2698 -50.22243 lineto
54.97124 -54.65274 lineto
 closepath fill
 0 0 0 setrgbcolor
newpath 63.14746 -69.8672 moveto
72.74965 -61.24814 lineto
64.2698 -50.22243 lineto
54.97124 -54.65274 lineto
 closepath stroke
 0.00002 0.00018 0.00015 setrgbcolor
newpath 73.25766 -8.80664 moveto
76.85118 -21.29944 lineto
86.20984 -10.01668 lineto
78.54329 2.7866 lineto
 closepath fill
 0 0 0 setrgbcolor
newpath 73.25766 -8.80664 moveto
76.85118 -21.29944 lineto
86.20984 -10.01668 lineto
78.54329 2.7866 lineto
 closepath stroke
 0.00002 0.00018 0.00015 setrgbcolor
newpath 101.4093 -124.63043 moveto
87.73949 -132.04118 lineto
99.99806 -145.10764 lineto
108.98524 -140.72313 lineto
 closepath fill
 0 0 0 setrgbcolor
newpath 101.4093 -124.63043 moveto
87.73949 -132.04118 lineto
99.99806 -145.10764 lineto
108.98524 -140.72313 lineto
 closepath stroke
 0.00002 0.00018 0.00015 setrgbcolor
newpath 85.9143 -78.08736 moveto
86.33244 -89.69873 lineto
99.02641 -79.8281 lineto
94.78647 -69.93207 lineto
 closepath fill
 0 0 0 setrgbcolor
newpath 85.9143 -78.08736 moveto
86.33244 -89.69873 lineto
99.02641 -79.8281 lineto
94.78647 -69.93207 lineto
 closepath stroke
 0.00002 0.00018 0.00015 setrgbcolor
newpath 107.43474 -66.31847 moveto
114.23346 -53.2215 lineto
101.16864 -47.09785 lineto
99.93173 -63.72897 lineto
 closepath fill
 0 0 0 setrgbcolor
newpath 107.43474 -66.31847 moveto
114.23346 -53.2215 lineto
101.16864 -47.09785 lineto
99.93173 -63.72897 lineto
 closepath stroke
 0.00002 0.00018 0.00015 setrgbcolor
newpath 94.8138 -21.36362 moveto
109.61768 -22.30728 lineto
109.66518 -6.94475 lineto
97.66254 -4.85933 lineto
 closepath fill
 0 0 0 setrgbcolor
newpath 94.8138 -21.36362 moveto
109.61768 -22.30728 lineto
109.66518 -6.94475 lineto
97.66254 -4.85933 lineto
 closepath stroke
 0.00002 0.00018 0.00015 setrgbcolor
newpath 142.13489 -144.79768 moveto
144.42747 -126.14954 lineto
129.39888 -125.85849 lineto
126.73476 -140.03902 lineto
 closepath fill
 0 0 0 setrgbcolor
newpath 142.13489 -144.79768 moveto
144.42747 -126.14954 lineto
129.39888 -125.85849 lineto
126.73476 -140.03902 lineto
 closepath stroke
 0.00002 0.00018 0.00015 setrgbcolor
newpath 133.46356 -104.30972 moveto
127.60301 -93.98856 lineto
113.90225 -96.97772 lineto
115.56512 -109.20491 lineto
 closepath fill
 0 0 0 setrgbcolor
newpath 133.46356 -104.30972 moveto
127.60301 -93.98856 lineto
113.90225 -96.97772 lineto
115.56512 -109.20491 lineto
 closepath stroke
 0.00002 0.00018 0.00015 setrgbcolor
newpath 137.30995 -96.04205 moveto
144.86171 -91.25635 lineto
141.6501 -76.81987 lineto
127.38036 -85.34015 lineto
 closepath fill
 0 0 0 setrgbcolor
newpath 137.30995 -96.04205 moveto
144.86171 -91.25635 lineto
141.6501 -76.81987 lineto
127.38036 -85.34015 lineto
 closepath stroke
 0.00002 0.00018 0.00015 setrgbcolor
newpath 119.02478 -34.70238 moveto
122.48029 -45.80571 lineto
133.27795 -47.27388 lineto
134.89648 -36.13484 lineto
 closepath fill
 0 0 0 setrgbcolor
newpath 119.02478 -34.70238 moveto
122.48029 -45.80571 lineto
133.27795 -47.27388 lineto
134.89648 -36.13484 lineto
 closepath stroke
 0.00002 0.00018 0.00015 setrgbcolor
newpath 115.74788 -13.48457 moveto
121.00885 -25.4159 lineto
131.68713 -23.20245 lineto
125.85812 -6.90033 lineto
 closepath fill
 0 0 0 setrgbcolor
newpath 115.74788 -13.48457 moveto
121.00885 -25.4159 lineto
131.68713 -23.20245 lineto
125.85812 -6.90033 lineto
 closepath stroke
 0.00002 0.00018 0.00015 setrgbcolor
newpath 149.44789 -126.43028 moveto
133.99751 -126.10495 lineto
136.2384 -141.20848 lineto
155.31152 -141.49213 lineto
 closepath fill
 0 0 0 setrgbcolor
newpath 149.44789 -126.43028 moveto
133.99751 -126.10495 lineto
136.2384 -141.20848 lineto
155.31152 -141.49213 lineto
 closepath stroke
 0.00002 0.00018 0.00015 setrgbcolor
newpath 167.55374 -105.47527 moveto
165.80893 -94.97661 lineto
156.00478 -91.10715 lineto
154.73904 -100.70107 lineto
 closepath fill
 0 0 0 setrgbcolor
newpath 167.55374 -105.47527 moveto
165.80893 -94.97661 lineto
156.00478 -91.10715 lineto
154.73904 -100.70107 lineto
 closepath stroke
 0.00002 0.00018 0.00015 setrgbcolor
newpath 161.98622 -81.99687 moveto
169.15878 -71.12732 lineto
155.88768 -66.81425 lineto
154.38132 -77.71185 lineto
 closepath fill
 0 0 0 setrgbcolor
newpath 161.98622 -81.99687 moveto
169.15878 -71.12732 lineto
155.88768 -66.81425 lineto
154.38132 -77.71185 lineto
 closepath stroke
 0.00002 0.00018 0.00015 setrgbcolor
newpath 150.67424 -41.65224 moveto
148.93669 -55.68137 lineto
165.78438 -58.83337 lineto
170.45438 -43.99197 lineto
 closepath fill
 0 0 0 setrgbcolor
newpath 150.67424 -41.65224 moveto
148.93669 -55.68137 lineto
165.78438 -58.83337 lineto
170.45438 -43.99197 lineto
 closepath stroke
grestore
gsave newpath 164.9857 60.03409 moveto
166.04639 57.87733 168.40898 52.68835 168.44 49.2 curveto
168.46849 45.98824 169.08527 41.57452 169.96167 38.81207 curveto
169.96165 38.812 lineto
169.80637 41.27193 170.86313 40.69518 172.23 41.81 curveto
173.64 42.97 178.06 44.17 180.18 46.04 curveto
182.31 47.92 187.25 50.06 187.31 53.42 curveto
187.38 56.77 187.44 60.12 186.85 62.09 curveto
186.25 64.05 184.62 68.05 180.7 65.26 curveto
176.79 62.47 177.67 62.05 176.48 61.23 curveto
175.28 60.4 172.78 59.41 170.96 59.44 curveto
169.15 59.48 167.3 57.93 165.84 59.32 curveto
165.55354 59.59468 165.27364 59.80199 164.9857 60.03407 curveto
 closepath clip
 0.00002 0.00018 0.00015 setrgbcolor
newpath 166.66325 65.04382 moveto
156.88824 75.71211 lineto
143.88426 64.99037 lineto
151.93402 54.57872 lineto
 closepath fill
 0 0 0 setrgbcolor 0 0.7 dtransform truncate idtransform setlinewidth pop
 [] 0 setdash 1 setlinejoin 10 setmiterlimit
newpath 166.66325 65.04382 moveto
156.88824 75.71211 lineto
143.88426 64.99037 lineto
151.93402 54.57872 lineto
 closepath stroke
grestore
newpath -7.52911 -99.93297 moveto
-15.10622 -90.54341 -26.6153 -78.87907 -28.26 -77.04 curveto
-30.46 -74.58 -35.29 -68.51 -38.64 -66.3 curveto
-41.578 -64.3618 -46.89268 -65.85402 -49.6058 -66.08174 curveto
-49.60576 -66.08174 lineto
-49.71332 -65.73969 -51.29877 -60.66785 -51.83 -57.21 curveto
-52.37 -53.62 -51.29 -49.76 -51.11 -48.34 curveto
-50.94 -46.92 -50.12 -40.37 -49.65 -36.54 curveto
-49.22388 -33.07668 -46.70993 -27.59126 -46.2442 -26.59714 curveto
-46.24432 -26.59715 lineto
-44.8802 -25.68277 -43.96 -25.07 -43.96 -25.07 curveto
-43.96 -25.07 -34.16 -17.18 -30.98 -15.08 curveto
-27.82 -12.99 -30.12 -10.65 -30.7 -9.83 curveto
-30.7 -9.83 lineto
-27.65848 -6.0896 lineto
-27.6584 -6.08961 lineto
-26.56285 -6.40984 -25.38025 -6.6624 -24.21 -6.81 curveto
-20.88 -7.22 -17.89 -6.91 -14.21 -6.95 curveto
-10.53 -6.98 -6.09 -2.34 -5.25 -1.3 curveto
-0.08 5.14 -1.59 6.17 -1.26 7.03 curveto
-0.93 7.89 -3.32 15.93 -3.47 16.83 curveto
-3.62 17.72 -6.08 24.54 -6.56 26.39 curveto
-7.04 28.25 -8.99 32.3 -9.38 33.25 curveto
-9.58868 33.75085 -10.99498 35.06825 -12.38335 36.34024 curveto
-12.3834 36.34027 lineto
-10.25432 37.84059 -7.13876 38.44566 -7 41.33 curveto
-6.86 44.24 -3.76 45.79 -5.04 47.68 curveto
-6.31 49.57 -7.26 49.06 -5.41 51.78 curveto
-3.57 54.5 -1.1 53.13 -2.23 57.93 curveto
-3.36 62.73 -6.14 66.51 -6.14 66.51 curveto
-13.54546 72.33723 lineto
-13.5455 72.33722 lineto
-13.08148 73.01483 -12.57933 73.864 -12.02 74.99 curveto
-9.74 79.56 2.73 84.18 10.27 88.07 curveto
10.7783 88.33224 11.24547 88.57645 11.67493 88.80505 curveto
11.67506 88.80511 lineto
12.74355 88.66914 14.2275 88.35834 15.17 87.65 curveto
16.78 86.44 17.69 84.53 18.67 84.26 curveto
19.65 83.99 25.71 82.21 26.1 82.05 curveto
26.5 81.9 29.91 80.91 31.87 82.8 curveto
33.79 84.64 35.53 88.24 33.93 89.78 curveto
32.34 91.33 31.07 92.6 30.81 92.82 curveto
30.54 93.04 29.33 94.98 27.82 95.61 curveto
26.33 96.24 26.5 97.36 25.13 97.55 curveto
23.73 97.75 22.34 97.79 21.54 98.04 curveto
21.04507 98.20085 18.7781 98.59134 17.12108 98.86577 curveto
17.12105 98.86574 lineto
17.13358 99.70952 17.12042 100.59781 17.09126 101.4801 curveto
17.09131 101.48006 lineto
17.46655 101.65654 17.82886 101.90172 18.07 102.24 curveto
18.8 103.25 17.72 104.03 18.74 105.12 curveto
19.76 106.21 19.07 106.59 19.92 108.4 curveto
20.78 110.21 20.88 109.49 20.92 110.76 curveto
20.96 112.03 22.77 111.24 24.51 111.41 curveto
26.25 111.58 28.3 112.67 30.4 113.72 curveto
32.5 114.76 32.88 115.34 32.88 115.34 curveto
32.88 115.34 35.2 116.52 37.13 117.27 curveto
39.05 118.01 38.48 118.69 39.11 119.16 curveto
39.74 119.63 38.69 121.3 36.62 124.04 curveto
34.54 126.81 37.27 126.2 38.33 126.46 curveto
39.4 126.71 42.47 126.27 44.03 125.97 curveto
45.6 125.67 47.76 125.36 48.79 124.91 curveto
49.83 124.46 56.08 123.41 56.97 123.31 curveto
57.87 123.22 60.46 122.81 62.06 123.08 curveto
63.65 123.35 67.17 122.57 68.37 122.51 curveto
69.29964 122.45578 68.99896 124.94016 68.81628 126.06242 curveto
68.81613 126.06241 lineto
74.4319 124.56673 79.61984 123.27686 81.59 123.13 curveto
86.44 122.77 89.81 121.92 92.54 122.58 curveto
95.26 123.25 99.15 120.5 100.87 124.84 curveto
100.86996 124.83998 lineto
100.8588 124.83289 96.97423 122.35558 106.87 119.27 curveto
116.81 116.17 118.81 115.4 122 117.59 curveto
125.2 119.79 124.9 119.82 124.9 119.82 curveto
122 117.59 lineto
122 117.59 120.58 111.75 125.42 106.45 curveto
130.27 101.13 130.01 98.7 133.37 96.35 curveto
136.74 94.01 140.12 94.07 140.12 91.42 curveto
140.13 88.76 139.64 83.64 141.3 81.37 curveto
142.97 79.11 146.22 77.95 146.71 75.33 curveto
147.19 72.72 145.63 68.7 147.77 66.47 curveto
149.91 64.24 151.29 62.43 152.8 59.16 curveto
154.31 55.9 157.5 50.1 158.1 43.33 curveto
158.7 36.53 158.69 33.84 159.01 29.94 curveto
159.34 26.02 159.56 20.12 159.42 17.13 curveto
159.29 14.14 165.86 18.28 165.86 11.58 curveto
165.86 4.84 165.86 0.83 165.65 -3.58 curveto
165.65 -3.58 lineto
165.43 -8.01 159.75 -6.09 158 -7.5 curveto
156.26 -8.92 156.7 -15.2 157.11 -18.71 curveto
157.51 -22.22 157.86 -24.72 156.05 -28.43 curveto
154.24 -32.15 154.67 -30.6 150.16 -35.31 curveto
145.63 -40.05 142.83 -37.77 141.19 -41.21 curveto
139.56 -44.65 135.19 -49.09 132.45 -49.59 curveto
129.71 -50.09 129.46 -49.87 126.57 -54.64 curveto
123.7 -59.4 117.11 -65.37 116.86 -66.7 curveto
116.22 -70.22 115.98 -70.49 114.34 -74.09 curveto
112.7 -77.68 113 -78.89 109.89 -83.32 curveto
106.8 -87.73 100.92 -91.33 99.28 -93.89 curveto
97.63 -96.46 90.86 -96.15 89.02 -99.69 curveto
87.19 -103.23 84.42 -108.05 81.08 -111.18 curveto
77.75 -114.3 74.32 -115.47 71.6 -115.62 curveto
68.88 -115.77 65.24 -117.43 64.58 -119.18 curveto
63.93 -120.92 64.99 -122.33 61.1 -123.76 curveto
57.21 -125.19 55.02 -125.79 53.28 -125.63 curveto
51.54 -125.48 44.23 -122.42 42.96 -121.75 curveto
41.69 -121.08 29.88 -116.53 29.88 -116.53 curveto
20.95 -110.11 lineto
20.95 -110.11 11.21 -102.25 9.5 -102.34 curveto
7.79 -102.42 4.42 -98.91 0.2 -97.88 curveto
-4.02 -96.86 -10.1 -102.55 -10.1 -102.55 curveto
-7.52904 -99.93298 lineto
 closepath fill
newpath -77.11 8.83 moveto
-78.24 9.25 -82.06 11.72 -84.4 11.94 curveto
-86.74 12.17 -86.28 12.69 -86.94 11.3 curveto
-87.59 9.92 -90.93 10.35 -92.05 10.54 curveto
-93.17 10.72 -100.16 7.91 -100.59 6.67 curveto
-101.02 5.42 -103.52 3.81 -100.1 1.79 curveto
-96.69 -0.23 -93.68 -0.66 -92.31 -3.18 curveto
-90.94 -5.71 -89.67 -8.47 -91.06 -12.83 curveto
-91.79 -15.12 -89.55 -15.3 -87.68 -15.18 curveto
-85.82 -15.06 -84.77 -13.41 -84.46 -10.1 curveto
-84.15 -6.79 -84.12 -3.47 -81.54 -3.18 curveto
-79.01 -2.88 -77.8 -2.93 -76.52 -5.88 curveto
-75.24 -8.83 -76.16 -9.61 -74.56 -11.93 curveto
-72.97 -14.24 -71.6 -15 -71.45 -15.47 curveto
-71.31 -15.94 -69.51 -13.18 -69.51 -13.18 curveto
-69.51 -13.18 -66.74 -10.95 -66 -11.14 curveto
-65.26 -11.34 -64.13 -10.04 -63.56 -9.27 curveto
-62.99 -8.48 -60.83 -6.73 -63.42 -5.22 curveto
-65.97 -3.72 -68.86 -2.22 -68.6 -0.14 curveto
-68.34 1.95 -67.79 3.46 -67.79 3.46 curveto
-67.79 3.46 -69.86 3.42 -71.01 1.75 curveto
-72.14 0.09 -74.44 2.5 -75.01 4.17 curveto
-75.59 5.86 -75.98 8.41 -77.11 8.83 curveto
 closepath fill
newpath -187.53 -44.04 moveto
-182.97 0.76 lineto
-182.96986 0.75995 lineto
-182.10985 0.62009 -180.8094 1.29008 -170.95 2.69 curveto
-161.11 4.08 -161.71 3.88 -157.6 4.49 curveto
-149.16 5.75 -148.63 5.05 -141.3 2.42 curveto
-133.97 -0.2 -134.17 1.12 -133.39 1.34 curveto
-132.61 1.57 -132.04 2.08 -131.54 2.9 curveto
-131.04 3.71 -130.22 4.36 -129.88 4.74 curveto
-129.54 5.13 -129.16 4.9 -126.17 5.72 curveto
-125.00659 6.038 -123.7304 6.6297 -122.51346 7.26825 curveto
-122.51353 7.26817 lineto
-122.477 6.6561 -122.44182 6.21252 -122.41 6.03 curveto
-122.33748 5.59088 -122.3591 4.75089 -122.348 3.78004 curveto
-122.348 3.78001 lineto
-122.86942 3.61137 -125.27359 2.7147 -124.72 0.67 curveto
-124.1 -1.61 -123.49 -0.61 -124 -3.36 curveto
-124.16 -4.22 -126.13 -4.38 -125.99 -7.1 curveto
-125.84 -9.83 -126.14 -11.36 -126.7 -12.3 curveto
-127.26 -13.24 -129.75 -14.57 -130.21 -15.2 curveto
-130.66 -15.83 -131.34 -18.17 -131.08 -19.74 curveto
-130.82 -21.31 -133.11 -23 -133.92 -23.83 curveto
-134.73 -24.66 -138.71 -25.33 -139.74 -26.66 curveto
-140.77 -27.98 -141.29 -31.11 -142.17 -31.88 curveto
-143.04 -32.65 -146.23 -34.63 -146.64 -34.95 curveto
-147.05 -35.28 -147.92 -36.17 -147.89 -36.65 curveto
-147.87 -37.14 -148.54 -37.11 -150.47 -37.39 curveto
-152.41 -37.66 -157.31 -38.02 -158.43 -40.02 curveto
-159.55 -42.02 -158.56 -41.24 -158.76 -42.11 curveto
-158.96 -42.97 -159.45 -42.93 -159.63 -44.22 curveto
-159.81 -45.5 -159.96 -44.96 -159.86 -47.15 curveto
-159.76024 -49.12698 -159.79208 -53.13536 -159.79887 -53.86476 curveto
-159.79887 -53.86479 lineto
-160.10602 -53.7631 -160.4466 -53.67152 -160.83 -53.59 curveto
-163.84 -52.95 -165.08 -51.12 -166.63 -49.19 curveto
-168.19 -47.26 -168.75 -48.14 -169.64 -47.39 curveto
-170.53 -46.64 -174.6 -46.79 -175.75 -46.97 curveto
-176.9 -47.15 -181.24 -45.6 -182.31 -44.74 curveto
-183.38997 -43.89003 -185.22987 -43.74 -187.52977 -44.03995 curveto
 closepath fill
 0 0 0 setrgbcolor 0 0.7 dtransform truncate idtransform setlinewidth pop
 [] 0 setdash 1 setlinecap 1 setlinejoin 10 setmiterlimit
newpath 165.65 -3.58 moveto
165.43 -8.01 159.75 -6.09 158 -7.5 curveto
156.26 -8.92 156.7 -15.2 157.11 -18.71 curveto
157.51 -22.22 157.86 -24.72 156.05 -28.43 curveto
154.24 -32.15 154.67 -30.6 150.16 -35.31 curveto
145.63 -40.05 142.83 -37.77 141.19 -41.21 curveto
139.56 -44.65 135.19 -49.09 132.45 -49.59 curveto
129.71 -50.09 129.46 -49.87 126.57 -54.64 curveto
123.7 -59.4 117.11 -65.37 116.86 -66.7 curveto
116.22 -70.22 115.98 -70.49 114.34 -74.09 curveto
112.7 -77.68 113 -78.89 109.89 -83.32 curveto
106.8 -87.73 100.92 -91.33 99.28 -93.89 curveto
97.63 -96.46 90.86 -96.15 89.02 -99.69 curveto
87.19 -103.23 84.42 -108.05 81.08 -111.18 curveto
77.75 -114.3 74.32 -115.47 71.6 -115.62 curveto
68.88 -115.77 65.24 -117.43 64.58 -119.18 curveto
63.93 -120.92 64.99 -122.33 61.1 -123.76 curveto
57.21 -125.19 55.02 -125.79 53.28 -125.63 curveto
51.54 -125.48 44.23 -122.42 42.96 -121.75 curveto
41.69 -121.08 29.88 -116.53 29.88 -116.53 curveto
20.95 -110.11 lineto
20.95 -110.11 11.21 -102.25 9.5 -102.34 curveto
7.79 -102.42 4.42 -98.91 0.2 -97.88 curveto
-4.02 -96.86 -10.1 -102.55 -10.1 -102.55 curveto
-7.31 -99.71 lineto stroke
newpath 100.87 124.84 moveto
100.87 124.84 96.96 122.36 106.87 119.27 curveto
116.81 116.17 118.81 115.4 122 117.59 curveto
125.2 119.79 124.9 119.82 124.9 119.82 curveto
122 117.59 lineto
122 117.59 120.58 111.75 125.42 106.45 curveto
130.27 101.13 130.01 98.7 133.37 96.35 curveto
136.74 94.01 140.12 94.07 140.12 91.42 curveto
140.13 88.76 139.64 83.64 141.3 81.37 curveto
142.97 79.11 146.22 77.95 146.71 75.33 curveto
147.19 72.72 145.63 68.7 147.77 66.47 curveto
149.91 64.24 151.29 62.43 152.8 59.16 curveto
154.31 55.9 157.5 50.1 158.1 43.33 curveto
158.7 36.53 158.69 33.84 159.01 29.94 curveto
159.34 26.02 159.56 20.12 159.42 17.13 curveto
159.29 14.14 165.86 18.28 165.86 11.58 curveto
165.86 4.84 165.86 0.83 165.65 -3.58 curveto stroke
newpath -32.19 42.17 moveto
-32.19 42.17 -26.45 42.45 -24.43 41.72 curveto
-22.42 41 -15.85 39.95 -15.22 39.06 curveto
-14.58 38.17 -9.78 34.21 -9.38 33.25 curveto
-8.99 32.3 -7.04 28.25 -6.56 26.39 curveto
-6.08 24.54 -3.62 17.72 -3.47 16.83 curveto
-3.32 15.93 -0.93 7.89 -1.26 7.03 curveto
-1.59 6.17 -0.08 5.14 -5.25 -1.3 curveto
-6.09 -2.34 -10.53 -6.98 -14.21 -6.95 curveto
-17.89 -6.91 -20.88 -7.22 -24.21 -6.81 curveto
-27.54 -6.39 -30.97 -5.12 -32.21 -3.86 curveto
-33.46 -2.59 -34.74 0.06 -34.93 1.73 curveto
-35.13 3.41 -35.4 7.57 -35.27 7.88 curveto
-35.14 8.2 -35.15 8.57 -35.15 8.57 curveto
-35.15 8.57 -33.96 10.69 -34.18 12.03 curveto
-34.39 13.36 -36.94 15.71 -36.94 15.71 curveto stroke
newpath 10.37 88.91 moveto
10.37 88.91 13.56 88.86 15.17 87.65 curveto
16.78 86.44 17.69 84.53 18.67 84.26 curveto
19.65 83.99 25.71 82.21 26.1 82.05 curveto
26.5 81.9 29.91 80.91 31.87 82.8 curveto
33.79 84.64 35.53 88.24 33.93 89.78 curveto
32.34 91.33 31.07 92.6 30.81 92.82 curveto
30.54 93.04 29.33 94.98 27.82 95.61 curveto
26.33 96.24 26.5 97.36 25.13 97.55 curveto
23.73 97.75 22.34 97.79 21.54 98.04 curveto
20.74 98.3 15.31 99.16 15.31 99.16 curveto stroke
newpath 15.55 101.05 moveto
15.55 101.05 17.35 101.23 18.07 102.24 curveto
18.8 103.25 17.72 104.03 18.74 105.12 curveto
19.76 106.21 19.07 106.59 19.92 108.4 curveto
20.78 110.21 20.88 109.49 20.92 110.76 curveto
20.96 112.03 22.77 111.24 24.51 111.41 curveto
26.25 111.58 28.3 112.67 30.4 113.72 curveto
32.5 114.76 32.88 115.34 32.88 115.34 curveto
32.88 115.34 35.2 116.52 37.13 117.27 curveto
39.05 118.01 38.48 118.69 39.11 119.16 curveto
39.74 119.63 38.69 121.3 36.62 124.04 curveto
34.54 126.81 37.27 126.2 38.33 126.46 curveto
39.4 126.71 42.47 126.27 44.03 125.97 curveto
45.6 125.67 47.76 125.36 48.79 124.91 curveto
49.83 124.46 56.08 123.41 56.97 123.31 curveto
57.87 123.22 60.46 122.81 62.06 123.08 curveto
63.65 123.35 67.17 122.57 68.37 122.51 curveto
69.57 122.44 68.72 126.6 68.72 126.6 curveto stroke
 0.00002 0.00018 0.00015 setrgbcolor
newpath 28.8 113.25 moveto
29.65 114.21 29.7 114.4 29.57 115.48 curveto
29.44 116.56 29.45 117.35 28.25 117.33 curveto
27.04 117.31 25.07 117.92 24.44 117.33 curveto
23.81 116.75 22.61 116.55 22.26 116.41 curveto
21.91 116.27 21.4 116.6 21.77 115.47 curveto
22.15 114.35 21.98 114.09 22.81 113.48 curveto
23.63 112.87 24.71 112.99 24.96 112.83 curveto
25.21 112.66 25.77 112.46 26.74 112.52 curveto
27.7 112.58 27.96 112.29 28.8 113.25 curveto closepath fill
 0 0 0 setrgbcolor
newpath 28.8 113.25 moveto
29.65 114.21 29.7 114.4 29.57 115.48 curveto
29.44 116.56 29.45 117.35 28.25 117.33 curveto
27.04 117.31 25.07 117.92 24.44 117.33 curveto
23.81 116.75 22.61 116.55 22.26 116.41 curveto
21.91 116.27 21.4 116.6 21.77 115.47 curveto
22.15 114.35 21.98 114.09 22.81 113.48 curveto
23.63 112.87 24.71 112.99 24.96 112.83 curveto
25.21 112.66 25.77 112.46 26.74 112.52 curveto
27.7 112.58 27.96 112.29 28.8 113.25 curveto closepath stroke
newpath -30.7 -9.83 moveto
-27.61 -6.03 lineto stroke
newpath -122.25 3.81 moveto
-123.10811 0.44165 -120.8103 -5.66978 -124.73378 -4.20157 curveto stroke
newpath -124.73378 -4.20157 moveto
-123.88501 -9.28256 -124.19762 -14.45518 -127.5352 -13.15562 curveto stroke
newpath -127.5352 -13.15562 moveto
-126.89262 -17.34277 -128.1929 -21.62712 -131.5676 -21.385 curveto stroke
newpath -131.5676 -21.385 moveto
-130.0032 -24.60728 -134.35968 -27.86906 -139.67186 -26.57776 curveto stroke
newpath -139.67186 -26.57776 moveto
-138.18425 -31.65266 -142.04128 -35.81487 -145.39275 -34.11801 curveto stroke
newpath -145.39275 -34.11801 moveto
-145.12938 -38.90804 -150.87256 -41.26035 -153.77112 -37.85342 curveto stroke
newpath -153.77112 -37.85342 moveto
-154.78178 -40.69028 -156.82594 -43.08293 -159.62447 -44.18143 curveto stroke
newpath -159.62447 -44.18143 moveto
-156.2287 -46.88924 -156.27858 -51.99577 -159.8 -53.98 curveto stroke
newpath -159.8 -53.98 moveto
-159.8 -53.98 lineto stroke
newpath -12.44 36.3 moveto
-10.31 37.83 -7.14 38.42 -7 41.33 curveto
-6.86 44.24 -3.76 45.79 -5.04 47.68 curveto
-6.31 49.57 -7.26 49.06 -5.41 51.78 curveto
-3.57 54.5 -1.1 53.13 -2.23 57.93 curveto
-3.36 62.73 -6.14 66.51 -6.14 66.51 curveto
-14.07 72.75 lineto stroke
 0.00002 0.00018 0.00015 setrgbcolor
newpath -119.79 -38.31 moveto
-119.79 -38.31 -115.58 -43.32 -115.33 -43.55 curveto
-115.07 -43.78 -111.58 -46.32 -111.55 -47.97 curveto
-111.53 -49.61 -110.66 -50.98 -111.27 -51.13 curveto
-111.87 -51.28 -113.68 -50.68 -114.08 -51.31 curveto
-114.47 -51.94 -116.11 -52.25 -117.36 -51.69 curveto
-118.61 -51.13 -123.14 -49.37 -124.59 -48.4 curveto
-126.04 -47.43 -128.31 -47.04 -130.81 -46.97 curveto
-133.3 -46.9 -137.47 -46.19 -137.61 -45.83 curveto
-137.75 -45.47 -139.82 -44.11 -138.74 -43.75 curveto
-137.66 -43.4 -136.2 -43.57 -134.91 -43.75 curveto
-133.63 -43.94 -130.16 -42.8 -129.5 -42.47 curveto
-128.85 -42.13 -126.12 -39.57 -125.92 -38.59 curveto
-125.73 -37.6 -124.86 -35.37 -122.25 -36.65 curveto
-119.63 -37.94 -119.79 -38.31 -119.79 -38.31 curveto closepath fill
 0 0 0 setrgbcolor
newpath -119.79 -38.31 moveto
-119.79 -38.31 -115.58 -43.32 -115.33 -43.55 curveto
-115.07 -43.78 -111.58 -46.32 -111.55 -47.97 curveto
-111.53 -49.61 -110.66 -50.98 -111.27 -51.13 curveto
-111.87 -51.28 -113.68 -50.68 -114.08 -51.31 curveto
-114.47 -51.94 -116.11 -52.25 -117.36 -51.69 curveto
-118.61 -51.13 -123.14 -49.37 -124.59 -48.4 curveto
-126.04 -47.43 -128.31 -47.04 -130.81 -46.97 curveto
-133.3 -46.9 -137.47 -46.19 -137.61 -45.83 curveto
-137.75 -45.47 -139.82 -44.11 -138.74 -43.75 curveto
-137.66 -43.4 -136.2 -43.57 -134.91 -43.75 curveto
-133.63 -43.94 -130.16 -42.8 -129.5 -42.47 curveto
-128.85 -42.13 -126.12 -39.57 -125.92 -38.59 curveto
-125.73 -37.6 -124.86 -35.37 -122.25 -36.65 curveto
-119.63 -37.94 -119.79 -38.31 -119.79 -38.31 curveto closepath stroke
 0.00002 0.00018 0.00015 setrgbcolor
newpath -134.46 -54.39 moveto
-134.46 -54.39 -132.97 -56.21 -130.84 -56.24 curveto
-128.71 -56.27 -127.29 -56.63 -126.65 -57.34 curveto
-126.01 -58.04 -124.44 -60.17 -124.35 -60.66 curveto
-124.27 -61.14 -125 -62.33 -125.36 -62.47 curveto
-125.72 -62.61 -127.21 -63.22 -127.36 -63.96 curveto
-127.5 -64.7 -131.09 -64.92 -131.81 -65.01 curveto
-132.54 -65.11 -135.73 -65.86 -136.24 -64.05 curveto
-136.76 -62.25 -136.47 -60.71 -137.78 -59.91 curveto
-139.1 -59.12 -140.33 -57.59 -140.66 -57 curveto
-140.99 -56.4 -144.68 -52.98 -144.68 -52.98 curveto
-144.68 -52.98 -146.85 -50.84 -145.72 -50.29 curveto
-144.59 -49.75 -145.23 -49.05 -142.52 -51.12 curveto
-139.81 -53.18 -138.6 -51.78 -137.33 -52.82 curveto
-136.07 -53.86 -134.46 -54.39 -134.46 -54.39 curveto closepath fill
 0 0 0 setrgbcolor
newpath -134.46 -54.39 moveto
-134.46 -54.39 -132.97 -56.21 -130.84 -56.24 curveto
-128.71 -56.27 -127.29 -56.63 -126.65 -57.34 curveto
-126.01 -58.04 -124.44 -60.17 -124.35 -60.66 curveto
-124.27 -61.14 -125 -62.33 -125.36 -62.47 curveto
-125.72 -62.61 -127.21 -63.22 -127.36 -63.96 curveto
-127.5 -64.7 -131.09 -64.92 -131.81 -65.01 curveto
-132.54 -65.11 -135.73 -65.86 -136.24 -64.05 curveto
-136.76 -62.25 -136.47 -60.71 -137.78 -59.91 curveto
-139.1 -59.12 -140.33 -57.59 -140.66 -57 curveto
-140.99 -56.4 -144.68 -52.98 -144.68 -52.98 curveto
-144.68 -52.98 -146.85 -50.84 -145.72 -50.29 curveto
-144.59 -49.75 -145.23 -49.05 -142.52 -51.12 curveto
-139.81 -53.18 -138.6 -51.78 -137.33 -52.82 curveto
-136.07 -53.86 -134.46 -54.39 -134.46 -54.39 curveto closepath stroke
newpath -85.85 -60.64 moveto
-86.88 -59.72 -94.78 -54.91 -95.8 -54.23 curveto
-96.82 -53.55 -98.21 -48.14 -99.08 -45.74 curveto
-99.94 -43.35 -96.18 -42.18 -95.03 -40.65 curveto
-93.88 -39.13 -90.87 -35.29 -89.18 -34.46 curveto
-87.5 -33.62 -84.11 -29.86 -83.8 -28.62 curveto
-83.5 -27.38 -77.7 -22.71 -77.7 -22.71 curveto
-77.7 -22.71 -79.03 -23.05 -80.58 -24.01 curveto
-82.13 -24.97 -85.19 -25.32 -87.75 -26.1 curveto
-90.31 -26.87 -90.93 -26.91 -92.72 -25.8 curveto
-94.51 -24.69 -95.99 -24.78 -98.09 -24.88 curveto
-100.18 -24.98 -100.36 -24.14 -103.03 -22.41 curveto
-105.69 -20.69 -109.04 -21.8 -111.36 -21.66 curveto
-113.67 -21.52 -113.87 -17.39 -115.9 -15.67 curveto
-117.93 -13.94 -118.18 -13.83 -117.86 -12.72 curveto
-117.55 -11.61 -118.59 -7.9 -120.1 -6.88 curveto
-121.61 -5.86 -120.71 -2.41 -121.67 -0.52 curveto
-122.63 1.38 -122.23 4.94 -122.41 6.03 curveto
-122.6 7.12 -122.91 17.52 -122.91 17.52 curveto stroke
newpath -77.11 8.83 moveto
-78.24 9.25 -82.06 11.72 -84.4 11.94 curveto
-86.74 12.17 -86.28 12.69 -86.94 11.3 curveto
-87.59 9.92 -90.93 10.35 -92.05 10.54 curveto
-93.17 10.72 -100.16 7.91 -100.59 6.67 curveto
-101.02 5.42 -103.52 3.81 -100.1 1.79 curveto
-96.69 -0.23 -93.68 -0.66 -92.31 -3.18 curveto
-90.94 -5.71 -89.67 -8.47 -91.06 -12.83 curveto
-91.79 -15.12 -89.55 -15.3 -87.68 -15.18 curveto
-85.82 -15.06 -84.77 -13.41 -84.46 -10.1 curveto
-84.15 -6.79 -84.12 -3.47 -81.54 -3.18 curveto
-79.01 -2.88 -77.8 -2.93 -76.52 -5.88 curveto
-75.24 -8.83 -76.16 -9.61 -74.56 -11.93 curveto
-72.97 -14.24 -71.6 -15 -71.45 -15.47 curveto
-71.31 -15.94 -69.51 -13.18 -69.51 -13.18 curveto
-69.51 -13.18 -66.74 -10.95 -66 -11.14 curveto
-65.26 -11.34 -64.13 -10.04 -63.56 -9.27 curveto
-62.99 -8.48 -60.83 -6.73 -63.42 -5.22 curveto
-65.97 -3.72 -68.86 -2.22 -68.6 -0.14 curveto
-68.34 1.95 -67.79 3.46 -67.79 3.46 curveto
-67.79 3.46 -69.86 3.42 -71.01 1.75 curveto
-72.14 0.09 -74.44 2.5 -75.01 4.17 curveto
-75.59 5.86 -75.98 8.41 -77.11 8.83 curveto closepath stroke
newpath -82.35 -27 moveto
-82.35 -27 -79.03 -23.05 -76.77 -21.79 curveto
-74.51 -20.53 -66.78 -14.1 -66.41 -13.23 curveto
-66.04 -12.36 -53.99 -3.53 -51.81 -2.51 curveto
-49.63 -1.48 -43.14 2.25 -42.64 2.16 curveto
-42.14 2.06 -42.41 3.59 -40.57 0.29 curveto
-38.73 -3.01 -34.72 -5.62 -34.39 -5.96 curveto
-34.06 -6.31 -31.29 -9 -30.7 -9.83 curveto
-30.12 -10.65 -27.82 -12.99 -30.98 -15.08 curveto
-34.16 -17.18 -43.96 -25.07 -43.96 -25.07 curveto
-43.96 -25.07 -57.1 -33.82 -57.68 -34.53 curveto
-58.25 -35.23 -61.59 -39.34 -66.47 -39.75 curveto
-71.36 -40.15 -77.14 -36.63 -77.79 -35.88 curveto
-78.44 -35.12 -80.67 -31.16 -80.89 -30.44 curveto
-81.11 -29.72 -82.35 -27 -82.35 -27 curveto stroke
newpath -88.34 -53.08 moveto 0 0 rlineto stroke
newpath -46.17 -26.44 moveto
-46.17 -26.44 -49.18 -32.72 -49.65 -36.54 curveto
-50.12 -40.37 -50.94 -46.92 -51.11 -48.34 curveto
-51.29 -49.76 -52.37 -53.62 -51.83 -57.21 curveto
-51.28 -60.79 -49.6 -66.1 -49.6 -66.1 curveto stroke
 0.00002 0.00018 0.00015 setrgbcolor
newpath -39.9 46.91 moveto
-39.9 46.91 -34.93 44.21 -34.68 44.03 curveto
-34.43 43.86 -31.11 42.62 -30.93 38.57 curveto
-30.74 34.51 -32.13 25.44 -32.88 23.91 curveto
-33.63 22.37 -38.62 10.94 -43.31 8.22 curveto
-47.88 5.56 -52.32 2.79 -54.87 4.06 curveto
-57.42 5.34 -62.16 7.26 -61.85 11.77 curveto
-61.53 16.3 -57.63 24.69 -56.81 26.1 curveto
-55.99 27.51 -49.54 34.88 -49.31 35.98 curveto
-49.08 37.08 -45.48 42.55 -45.48 42.55 curveto
 closepath fill
 0 0 0 setrgbcolor
newpath -39.9 46.91 moveto
-39.9 46.91 -34.93 44.21 -34.68 44.03 curveto
-34.43 43.86 -31.11 42.62 -30.93 38.57 curveto
-30.74 34.51 -32.13 25.44 -32.88 23.91 curveto
-33.63 22.37 -38.62 10.94 -43.31 8.22 curveto
-47.88 5.56 -52.32 2.79 -54.87 4.06 curveto
-57.42 5.34 -62.16 7.26 -61.85 11.77 curveto
-61.53 16.3 -57.63 24.69 -56.81 26.1 curveto
-55.99 27.51 -49.54 34.88 -49.31 35.98 curveto
-49.08 37.08 -45.48 42.55 -45.48 42.55 curveto
 closepath stroke
showpage
%%EOF
