%!PS
%%BoundingBox: -243 -308 202 321 
%%HiResBoundingBox: -242.77016 -307.0527 201.97778 320.32932 
%%Creator: MetaPost 1.209
%%CreationDate: 2015.12.07:2306
%%Pages: 1
%%BeginProlog
%%EndProlog
%%Page: 1 1
 0.1 0.2 0.8 setrgbcolor
newpath 156.09 175.87013 moveto
156.15002 177.51064 156.50002 187.90004 156.79 189.62 curveto
157.08 191.33 158.06 199.19 158.16 201.09 curveto
158.23412 202.5057 158.72577 208.27812 159.07709 211.77367 curveto
159.07713 211.77356 lineto
166.4914 209.96896 lineto
166.49144 209.96893 lineto
166.68532 209.35747 166.9851 208.66785 167.47 207.65 curveto
168.58 205.32 168.81 203.86 170.06 201.1 curveto
171.32 198.34 175 198.59 177.49 198.22 curveto
179.99 197.85 187.89 196 188.69 195.61 curveto
189.49998 195.22 192.5899 193.40005 195.82986 191.7201 curveto
195.83 191.72 lineto
199.16 190.08 198.7 188.73 200.66 186.05 curveto
202.65704 183.33403 200.94508 181.6151 200.94 181.61 curveto
200.94003 181.60988 lineto
200.94208 181.60016 201.06824 180.99364 200.85 180.21 curveto
200.63 179.43 199.71 178.66 198.89 177.17 curveto
198.07 175.68 194.13 175.71 190.79 175.09 curveto
187.30005 174.43001 182.43015 173.02003 179.23013 171.31009 curveto
179.23 171.31 lineto
156.09 175.87 lineto
 closepath fill
newpath 159.07 229.61 moveto
158.14 228.59 158.62 222.77 158.62 222.77 curveto
159.37 214.32 lineto
159.37 214.32 lineto
159.3053 213.937 159.19975 212.99411 159.07709 211.77367 curveto
159.07713 211.77356 lineto
166.4914 209.96896 lineto
166.49144 209.96893 lineto
166.2415 210.75722 166.16759 211.41563 166.1 212.48 curveto
166.1 212.48 lineto
166.1 212.48 167.72 220.08 167.2 221.03 curveto
166.68 221.98 166.3 225.61 166.66 229.04 curveto
202.37997 569.3702 68.77335 -176.4737 112.35 162.94 curveto
112.87 166.99 lineto
113.28 174.59 lineto
113.83 182.4 lineto
118.39447 247.21489 91.30652 101.3595 93.63 163.91 curveto
93.75 167.14 lineto
95.46 177.74 lineto
95.95 182.45 lineto
101.78688 238.55635 206.76292 281.91815 159.07 229.61 curveto closepath fill
newpath -85.23 -284.33 moveto
-86.02 -284.44 -89.88 -288.5 -93.64 -287.83 curveto
-96.38475 -287.33228 -100.95097 -289.54535 -103.53905 -290.71663 curveto
-103.53911 -290.71664 lineto
-103.97495 -289.70798 -104.66461 -288.06764 -104.87 -286.96 curveto
-105.15 -285.44 -106.06 -283.61 -106.65 -281.76 curveto
-107.09755 -280.38007 -108.29622 -277.33098 -108.87645 -275.87059 curveto
-108.87643 -275.87059 lineto
-107.83147 -275.8139 -107.03418 -275.55173 -106.73647 -274.79408 curveto
-106.73645 -274.79407 lineto
-104.76553 -274.63173 -98.31079 -274.03973 -95.29 -273.03 curveto
-91.69 -271.83 -85.48 -267.69 -83.9 -266.83 curveto
-82.86377 -266.26007 -81.13965 -265.4343 -80.0533 -264.92311 curveto
-80.05324 -264.92313 lineto
-77.66112 -264.69733 -75.59067 -262.90082 -74.3 -261.63 curveto
-72.45 -259.83 -71.1 -258.62 -69.82 -255.3 curveto
-69.2096 -253.72153 -69.51112 -252.43187 -70.15523 -251.405 curveto
-70.15521 -251.40494 lineto
-67.96841 -247.43489 -66.02798 -245.13116 -65.66191 -244.71027 curveto
-65.66193 -244.71025 lineto
-64.71664 -244.88515 -64.06 -244.93 -64.06 -244.93 curveto
-61.73 -235.57 lineto
-61.73 -235.57 -61.89862 -235.2685 -62.20183 -234.83292 curveto
-62.2018 -234.83295 lineto
-61.99062 -234.34624 -61.52844 -232.67426 -62.3 -228.27 curveto
-63.27 -222.79 -59.39 -213.51 -59.39 -213.51 curveto
-59.54019 -213.91777 lineto
-59.5402 -213.91777 lineto
-58.6766 -213.4936 -56.69034 -212.52966 -55.25 -211.92 curveto
-53.37 -211.12 -53.39 -209.93 -50.78 -210.04 curveto
-48.17 -210.15 -52.02 -207.02 -45.1 -209.29 curveto
-38.07 -211.59 -38.75 -212.57 -33.36 -214.99 curveto
-30.76224 -216.15498 -28.4195 -217.08487 -26.62166 -217.75743 curveto
-26.62175 -217.75745 lineto
-24.37567 -222.19519 -21.78386 -227.11967 -20.79 -228.26 curveto
-19 -230.3 -14.85 -246.99 0.02 -244.15 curveto
2.5134 -243.6737 4.88551 -243.26186 7.1186 -242.88547 curveto
7.1186 -242.8856 lineto
4.17822 -272.009 lineto
4.1782 -272.00903 lineto
2.10435 -271.42245 0.10736 -270.50072 -1.79 -270.03 curveto
-4.35 -269.39 -8.74 -270.72 -10.83 -270.72 curveto
-13.07 -270.73 -14.12 -268.65 -18.49 -272.35 curveto
-18.95976 -272.75266 -18.38734 -273.66153 -18.31917 -275.4513 curveto
-18.31912 -275.45119 lineto
-18.85454 -278.0372 -21.71848 -279.10683 -22.91 -278.66 curveto
-25.03 -277.87 -25.93 -278.04 -27.5 -277.54 curveto
-31.43 -276.27 -30.01 -277.12 -34.13 -276.43 curveto
-37.62 -275.85 -36.42 -274.47 -37.34 -274.33 curveto
-39.82 -273.96 -40.77 -276.12 -41.82 -276.1 curveto
-42.87 -276.08 -45.39 -274.39 -47.2 -274.18 curveto
-49.48 -273.92 -55.68 -268.73 -56.65 -268.88 curveto
-57.3 -268.98 -58.74 -268.97 -61.45 -270.61 curveto
-64.02 -272.16 -60.22 -278.02 -61.32 -278.01 curveto
-62.42 -278 -70.23 -279.46 -73.33 -279.41 curveto
-76.43 -279.35 -76.66 -280.52 -78.64 -280.95 curveto
-80.6138 -281.36868 -85.20119 -284.31151 -85.22986 -284.32991 curveto
 closepath fill
 0.00002 0.00018 0.00012 setrgbcolor
newpath -35.78 -265.81 moveto
-37.01 -265.23 -37.09 -265.26 -38.87 -264.12 curveto
-46.32 -259.33 -47.07 -260.57 -47.51 -258.74 curveto
-47.91 -257.12 -47.38 -256.41 -47.25 -255.89 curveto
-47.11 -255.37 -45.97 -253.73 -45.12 -254.55 curveto
-44.15 -255.46 -44.29 -255.3 -42.89 -256.5 curveto
-37.64 -261.03 -36 -260.57 -34.62 -263.21 curveto
-33.82 -264.73 -34.19 -265.12 -34.62 -265.35 curveto
-35.05 -265.58 -34.74 -266.31 -35.78 -265.81 curveto
 closepath fill
newpath -18.3 -263.85 moveto
-18.3 -263.85 -18.07 -265.55 -17.44 -266.43 curveto
-16.81 -267.31 -15.77 -268.84 -15.33 -268.85 curveto
-14.9 -268.86 -13.86 -269.07 -13.21 -268.98 curveto
-12.58 -268.88 -12.34 -268.79 -11.67 -268.38 curveto
-11 -267.97 -10.1 -268.22 -9.94 -267.09 curveto
-9.79 -265.95 -8.92 -266.26 -10.25 -265.46 curveto
-11.59 -264.64 -10.79 -265.26 -12.11 -264.46 curveto
-13.48 -263.63 -13.68 -263.82 -14.27 -262.94 curveto
-14.87 -262.06 -14.49 -261.52 -15.32 -261.33 curveto
-16.17 -261.13 -15.92 -260.43 -16.98 -260.88 curveto
-18.04 -261.33 -18.05 -260.88 -18.34 -261.71 curveto
-18.63 -262.54 -18.39 -263.12 -18.39 -263.31 curveto
-18.38 -263.49 -18.3 -263.85 -18.3 -263.85 curveto
 closepath fill
newpath -48.87 -247.41 moveto
-49.23 -247.54 -50.16 -247.47 -49.9 -248.24 curveto
-49.65 -248.99 -49.52 -249.03 -48.67 -249.31 curveto
-47.83 -249.59 -47.29 -250.01 -46.94 -249.41 curveto
-46.58 -248.81 -46.02 -248.85 -45.9 -248.36 curveto
-45.79 -247.87 -45.66 -247.63 -46.55 -247.63 curveto
-47.42 -247.62 -47.72 -247.42 -48.28 -247.38 curveto
-48.84 -247.35 -48.51 -247.28 -48.87 -247.41 curveto
 closepath fill
newpath -85.22995 -284.32997 moveto
-85.21355 -284.31944 -80.61646 -281.36925 -78.64 -280.95 curveto
-76.66 -280.52 -76.43 -279.35 -73.33 -279.41 curveto
-70.23 -279.46 -62.42 -278 -61.32 -278.01 curveto
-60.22 -278.02 -64.02 -272.16 -61.45 -270.61 curveto
-58.74 -268.97 -57.3 -268.98 -56.65 -268.88 curveto
-55.68 -268.73 -49.48 -273.92 -47.2 -274.18 curveto
-45.39 -274.39 -42.87 -276.08 -41.82 -276.1 curveto
-40.77 -276.12 -39.82 -273.96 -37.34 -274.33 curveto
-36.42 -274.47 -37.62 -275.85 -34.13 -276.43 curveto
-30.01 -277.12 -31.43 -276.27 -27.5 -277.54 curveto
-25.93 -278.04 -25.03 -277.87 -22.91 -278.66 curveto
-21.71852 -279.10681 -18.85474 -278.03728 -18.31917 -275.45143 curveto
-18.31917 -275.45143 lineto
-18.27562 -276.59525 -18.43802 -278.09883 -19.21 -280.06 curveto
-19.9736 -281.99713 -7.30533 -289.85228 -2.30457 -292.86028 curveto
-2.30453 -292.86032 lineto
-3.47696 -292.95529 -7.60773 -293.04724 -8.97 -292.73 curveto
-10.46 -292.37 -18.38 -290.47 -23.04 -289.44 curveto
-27.88 -288.38 -37.12 -287.7 -41.69 -287.45 curveto
-46.17 -287.21 -47.81 -283.72 -48.87 -282.72 curveto
-49.94 -281.72 -50.26 -281.02 -53.95 -280.05 curveto
-57.35 -279.17 -61.29 -279.89 -63.94 -280.16 curveto
-66.59 -280.43 -71.5 -281.42 -75.05 -282 curveto
-78.59995 -282.58998 -84.44981 -284.21994 -85.22995 -284.33 curveto
 closepath fill
newpath -49.76 -246.73 moveto
-50.18 -246.89 -50.05 -246.83 -50.67 -247.17 curveto
-51.28 -247.5 -52.03 -247.78 -52.07 -247.43 curveto
-52.1 -247.09 -51.54 -246.65 -51.4 -246.69 curveto
-51.25 -246.73 -49.81 -245.82 -49.67 -246.17 curveto
-49.52 -246.52 -49.33 -246.57 -49.76 -246.73 curveto
 closepath fill
newpath -14.07 -240.5 moveto
-14.04 -241.57 -13.61 -241.25 -14.27 -242.44 curveto
-14.93 -243.64 -14.92 -244.45 -15.48 -244.89 curveto
-16.04 -245.33 -16.78 -245.84 -16.98 -244.91 curveto
-17.18 -243.97 -17.71 -242.66 -17.36 -241.9 curveto
-17.01 -241.14 -16.21 -240.45 -15.79 -240.07 curveto
-15.37 -239.69 -14.12 -239.43 -14.07 -240.5 curveto
 closepath fill
newpath -13.31 -249.19 moveto
-13.38 -249.89 -15.14 -249.03 -16.16 -250.01 curveto
-17.18 -250.98 -17.42 -251.13 -18.13 -250.74 curveto
-18.84 -250.34 -18.48 -249.36 -17.45 -248.5 curveto
-16.43 -247.66 -16.56 -247.7 -15.65 -246.52 curveto
-14.73 -245.32 -14.8 -244.07 -13.86 -244.94 curveto
-12.91 -245.8 -13.04 -245.43 -13.03 -246.55 curveto
-13.02 -247.68 -13.24 -248.53 -13.31 -249.19 curveto
 closepath fill
 0.1 0.2 0.8 setrgbcolor
newpath 4.17822 -272.009 moveto
7.1186 -242.8856 lineto
7.1186 -242.88547 lineto
17.45084 -241.14398 24.80693 -240.16177 27.43 -237.07 curveto
27.43013 -237.06982 lineto
30.6301 -233.3193 33.21 -210.62994 33.03 -206.55 curveto
32.97375 -205.34526 32.62924 -202.42581 32.11942 -198.70251 curveto
32.11958 -198.70245 lineto
52.45006 -198.58989 lineto
52.45006 -198.58969 lineto
52.13774 -205.2399 52.60928 -219.44191 52.86845 -226.21567 curveto
52.86842 -226.21584 lineto
52.24577 -227.72482 51.0776 -230.90266 51.51 -232.58 curveto
52.1 -234.83 52 -237.96 52.3 -239.27 curveto
52.51723 -240.2113 52.0319 -243.71634 51.74754 -245.57895 curveto
51.74756 -245.57895 lineto
51.29752 -245.96819 50.83603 -246.3391 50.35 -246.71 curveto
49.6 -247.29 49.16 -247.86 48.7 -249.97 curveto
48.25 -252.02 50.2 -257.22 50.22 -257.5 curveto
50.24 -257.78 51.54 -260.89 51.54 -260.89 curveto
51.54 -260.89 54.21 -263.95 54.35 -264.17 curveto
54.35 -264.17 lineto
54.35 -264.17 55.58 -268.37 55.81 -269.26 curveto
56.05 -270.16 56.44 -270.56 57.46 -272.39 curveto
58.48 -274.22 60.05 -275.91 60.89 -276.91 curveto
61.74 -277.91 64.77 -277.33 65.81 -277.4 curveto
66.85 -277.47 67.86 -276.81 69.91 -277.62 curveto
71.97 -278.44 72.58 -275.71 74.83 -279.63 curveto
77.08 -283.53 77.54 -284.43 78.49 -286.94 curveto
79.44 -289.45 80.04 -290.7 79.87 -292.47 curveto
79.71 -294.24 75 -297.19 75.04 -298.16 curveto
75.0516 -298.44136 74.87392 -298.80432 74.61575 -299.17787 curveto
74.61552 -299.17787 lineto
69.38536 -302.63017 63.59193 -306.12753 61.88 -306.57 curveto
58.63 -307.41 45.66 -306.93 43.84 -306.78 curveto
42.84438 -306.6984 37.89726 -304.39091 33.33371 -302.17166 curveto
33.33382 -302.17168 lineto
33.3524 -300.32892 33.07181 -297.62425 31.72 -294.76 curveto
29.28 -289.56 27.06 -285.08 22.37 -283.9 curveto
17.68 -282.72 14.88 -277.65 13.34 -276.33 curveto
11.81 -275.02 9.52 -272.8 6.58 -272.49 curveto
5.7691 -272.40726 4.96808 -272.23245 4.1782 -272.00903 curveto
 closepath fill
newpath 96.446 -276.09535 moveto
96.2767 -275.27458 96.03545 -274.1705 95.83 -273.48 curveto
95.48 -272.27 94.64 -271.38 93.66 -269.77 curveto
92.67 -268.16 92.19 -267.27 90.57 -264.64 curveto
88.95 -262.01 88.63 -261.34 88.18 -260.74 curveto
87.73 -260.14 87.44 -258.8 87.14 -257.34 curveto
86.85 -255.87 86.2 -252.64 86.3 -249.77 curveto
86.4 -246.91 87.19 -245.78 89.46 -244.7 curveto
91.72 -243.62 90 -244.43 90.67 -243.18 curveto
91.34 -241.93 91.19 -238.7 91.19 -238.7 curveto
92.43611 -230.81139 lineto
92.4361 -230.8112 lineto
94.92844 -226.12674 98.41823 -219.58398 100.25 -216.19 curveto
100.25014 -216.18977 lineto
102.91 -211.24004 102.57008 -212.37996 107.58 -209.85 curveto
112.63 -207.31 119.61 -209.52 120.05 -209.67 curveto
120.48 -209.83 131.25 -212.38 131.25 -212.38 curveto
131.25 -212.38 133.44 -210.58 133.91 -209.63 curveto
134.39 -208.68 139.49 -203.13 141.25 -202.22 curveto
143 -201.32 146.3 -198.76 150.5 -194.82 curveto
154.69 -190.9 155.98 -186.9 155.76 -182.8 curveto
155.53 -178.71 153.5 -177.21 153.11 -176.14 curveto
152.73 -175.07 151.57 -171.48 150.52 -168.32 curveto
149.48 -165.14 150.5 -164.94 149.83 -162.42 curveto
149.16 -159.9 148.54 -159.26 147.23 -155.91 curveto
145.92 -152.57 147.89 -151.49 148.58 -150.39 curveto
149.28 -149.28 152.17 -148.72 153.94 -149.28 curveto
155.71 -149.83 156.24 -153.14 156.62 -153.79 curveto
157 -154.45 158.85 -158.08 159.42 -159.09 curveto
159.99 -160.1 162.21 -161.98 162.94 -162.14 curveto
162.94 -162.14 lineto
162.94 -162.14 163.42 -171.81 161.08 -175.24 curveto
158.99602 -178.30363 156.31714 -183.48502 155.75592 -184.58209 curveto
155.7559 -184.58215 lineto
155.79204 -183.99017 155.79198 -183.39615 155.76 -182.8 curveto
155.53 -178.71 153.5 -177.21 153.11 -176.14 curveto
152.73 -175.07 151.57 -171.48 150.52 -168.32 curveto
149.48 -165.14 150.5 -164.94 149.83 -162.42 curveto
149.16 -159.9 148.54 -159.26 147.23 -155.91 curveto
145.92 -152.57 147.89 -151.49 148.58 -150.39 curveto
149.28 -149.28 152.17 -148.72 153.94 -149.28 curveto
155.71 -149.83 156.24 -153.14 156.62 -153.79 curveto
157 -154.45 158.85 -158.08 159.42 -159.09 curveto
159.99 -160.1 162.21 -161.98 162.94 -162.14 curveto
163.67 -162.3 164.46 -160.29 164.61 -159.43 curveto
164.77 -158.58 165.22 -153.42 165.53 -151.71 curveto
165.75813 -150.45154 166.0946 -143.9773 166.41583 -139.60161 curveto
166.41599 -139.60158 lineto
183.09416 -141.70093 lineto
183.09395 -141.70088 lineto
182.8713 -143.48639 182.55867 -146.11578 182.43 -147.81 curveto
182.26 -150.18 181.67 -152.69 181.76 -154.21 curveto
181.86 -155.73 182.74 -157.17 183.91 -158.66 curveto
185.07 -160.14 185.53 -158.91 190.27 -158.83 curveto
190.27 -158.83 lineto
200.74 -167.54 lineto
200.73996 -167.54004 lineto
199.74997 -168.96004 199.05 -170.00006 198.91 -174.11 curveto
198.77 -178.21 198.86 -177.06 198.61 -178.7 curveto
198.35 -180.34 195.48 -181.27 194.77 -181.77 curveto
194.05 -182.28 192.46 -183.47 190.8 -184.49 curveto
189.13 -185.5 186.94 -186.89 184.9 -189.49 curveto
182.86 -192.08 183.79 -194.65 183.08 -196.73 curveto
182.37 -198.81 182.87 -199.55 183.03 -200.57 curveto
183.18 -201.6 181.59 -206.83 181.15 -208 curveto
180.7 -209.16 177.49 -211.26 177.37 -212.23 curveto
177.25 -213.2 176.05 -217.67 175.18 -223.01 curveto
174.32 -228.32 170.66 -229.16 170.35 -229.53 curveto
170.04 -229.9 164.87 -233.71 164.22 -234.08 curveto
163.57 -234.44 152.05 -235.52 150.77 -235.97 curveto
149.47 -236.41 148.55 -237.06 147.62 -237.13 curveto
146.68 -237.2 142.86 -236.35 141.85 -235.92 curveto
140.87 -235.5 140.93 -235.48 140.78 -235.52 curveto
140.63 -235.56 140.76 -238.76 140.74 -239.54 curveto
140.66 -243.71 137.89 -245.29 136.78 -246.02 curveto
135.66 -246.74 129.31 -250.36 127.92 -251.47 curveto
126.53 -252.59 122.29 -257.52 120.39 -259.62 curveto
118.48 -261.73 118.5 -266.85 117.05 -270.36 curveto
115.61 -273.85 106.02 -275.41 96.74 -276.07 curveto
96.44601 -276.09537 lineto
 closepath fill
newpath 183.09416 -141.70093 moveto
166.41599 -139.60158 lineto
166.41583 -139.60161 lineto
166.53108 -138.03163 166.64438 -136.73181 166.75 -136.04 curveto
167.16 -133.42 166.7 -120.79 166.55 -117.57 curveto
166.4 -114.35 166.51 -107.06 166.35 -105.42 curveto
166.19 -103.79 165.48 -90.9 164.64 -86.09 curveto
163.81 -81.28 166.75 -72.42 167.56 -70.22 curveto
168.36 -68.02 174.11 -58.91 176.09 -55.78 curveto
178.07 -52.64 180.16 -45.37 181.05 -42.25 curveto
181.93 -39.12 183.5 -36.29 183.65 -35.01 curveto
183.8 -33.73 182.64 -29.32 181.7 -26.85 curveto
180.77 -24.38 179.71 -21.02 179.23 -16.57 curveto
178.75 -12.12 176.58 -8 175.59 -5.72 curveto
174.59 -3.45 174.09 6 173.53 7.68 curveto
172.96 9.35 170.4 21 169.63 22.61 curveto
168.87 24.23 167.97 29.05 168.01 29.9 curveto
168.05 30.75 169.19 38.82 169.65 42.28 curveto
170.11 45.75 167.15 48.1 166.08 49.83 curveto
165.01 51.56 166.02 55.46 164.33 57.48 curveto
162.65 59.49 161.31 65.61 160.92 67.41 curveto
160.52 69.2 161.95 77.99 162.11 79.02 curveto
162.27 80.05 162.26 83.73 162.52 85.78 curveto
162.78 87.84 165 96.58 165.58 99.03 curveto
166.16 101.5 167.82 106.23 168.6 110.31 curveto
169.37 114.39 168.12 113.55 167.73 114.35 curveto
167.34 115.14 166.66 114.99 164.37 117.97 curveto
162.08 120.94 162.81 123.91 162.8 124.95 curveto
162.8 125.99 161.21 129.9 160.71 131.88 curveto
160.21 133.87 157.26 138.28 155.74 140.36 curveto
154.22 142.44 155.43 149.94 155.81 152.6 curveto
156.2 155.26 155.7 156.57 155.54 159.16 curveto
155.39 161.74995 156.02997 174.22963 156.09 175.8699 curveto
156.09 175.87 lineto
179.23 171.31 lineto
179.22986 171.3099 lineto
176.06003 169.62994 176.95 168.07993 176.58 163.24 curveto
176.21 158.3 176.69 159.86 177.03 154.3 curveto
177.36 148.83 175.4 150.28 178.1 144.89 curveto
180.79 139.52 181.4 132.19 181.27 128.7 curveto
181.15 125.21 180.02 116.46 179.57 114.07 curveto
179.11 111.67 179.26 109.65 178.95 106.01 curveto
178.65 102.35 179.35 94.06 179.66 89.45 curveto
179.97 84.86 180.1 83.96 179.31 78.45 curveto
178.51 72.95 179.2 63.33 179.51 60.55 curveto
179.82 57.78 179.95 54.93 180.23 50.34 curveto
180.52 45.75 181.64 44.44 183.1 41.75 curveto
184.55 39.06 186.28 37.89 188.98 33.09 curveto
191.69 28.28 192.15 26.33 192.99 23.01 curveto
193.83 19.69 191.51 10.74 191.17 9.1 curveto
190.83 7.46 188.95 -1.5 188.95 -5.89 curveto
188.95 -10.29 192.74 -18.6 193.05 -19.19 curveto
193.36 -19.79 194.94 -24.19 195.31 -25.81 curveto
196.83 -32.54 194.02 -37.32 193.34 -41.22 curveto
192.66 -45.12 192.38 -48.58 192.43 -50.34 curveto
192.48 -52.1 193.38 -53.95 194.24 -56.6 curveto
195.1 -59.25 194.75 -59.68 195.17 -61.92 curveto
195.59 -64.16 193.87 -66.08 193.59 -67.54 curveto
193.32 -68.99 191.99 -74.83 192.04 -77.13 curveto
192.09 -79.43 191.88 -81.37 192.97 -84.37 curveto
194.07 -87.37 193.65 -87.74 194.38 -91.05 curveto
195.12 -94.36 195.28 -96.6 195.33 -98.71 curveto
195.37 -100.83 192.3 -107.25 192.27 -108.76 curveto
192.24 -110.27 189.68 -116.5 189.41 -117.78 curveto
189.15 -119.06 188.8 -121.49 188.74 -123.74 curveto
188.69 -125.98 185.49 -130.26 185.24 -132.08 curveto
184.99 -133.91 183.44 -138.93 183.3 -140.08 curveto
183.25723 -140.41077 183.18275 -140.9887 183.09395 -141.70088 curveto
 closepath fill
 0.00002 0.00018 0.00012 setrgbcolor
newpath 3.58 -256.89 moveto
5.38 -256.81 5.92 -255.47 7.9 -256.81 curveto
9.87 -258.15 10.54 -259.54 10.24 -260.99 curveto
9.95 -262.43 9.72 -264.69 8.65 -265.12 curveto
7.58 -265.54 6.86 -267.89 3.67 -267.21 curveto
0.49 -266.53 -1.66 -265.76 -2.08 -265.26 curveto
-2.5 -264.77 -3.21 -263.64 -3.16 -262.1 curveto
-3.12 -260.56 -2.74 -259.9 -0.6 -259.54 curveto
1.4 -259.21 1.77 -256.95 3.58 -256.89 curveto
 closepath fill
newpath 5.86 -246.1 moveto
5.82 -247.66 7.06 -248.69 9.05 -250.16 curveto
11.03 -251.62 11.31 -249.69 12.1 -248.58 curveto
12.89 -247.46 14.18 -244.16 12.61 -243.87 curveto
11.04 -243.58 7.16 -242.92 6.83 -243.65 curveto
6.51 -244.39 5.91 -244.54 5.86 -246.1 curveto
 closepath fill
newpath 19.9 -257.02 moveto
19.9 -257.02 20.49 -253.82 22.92 -254.54 curveto
25.36 -255.26 26.17 -251.91 27.77 -255.16 curveto
29.35 -258.38 29.84 -258.47 29.85 -260.78 curveto
29.87 -263.05 30.38 -264.84 30.01 -266.23 curveto
29.64 -267.63 29.86 -267.39 27.71 -267.75 curveto
25.56 -268.12 24.29 -268.91 22.15 -267.64 curveto
20.01 -266.37 19.31 -266.77 18.4 -264.11 curveto
17.5 -261.47 19.9 -257.02 19.9 -257.02 curveto
 closepath fill
newpath 33.33382 -302.17168 moveto
33.3524 -300.32892 33.07181 -297.62425 31.72 -294.76 curveto
29.28 -289.56 27.06 -285.08 22.37 -283.9 curveto
17.68 -282.72 14.88 -277.65 13.34 -276.33 curveto
11.81 -275.02 9.52 -272.8 6.58 -272.49 curveto
3.64 -272.19 0.83 -270.68 -1.79 -270.03 curveto
-4.35 -269.39 -8.74 -270.72 -10.83 -270.72 curveto
-13.07 -270.73 -14.12 -268.65 -18.49 -272.35 curveto
-19.26 -273.01 -17.23 -275.03 -19.21 -280.06 curveto
-19.9736 -281.99713 -7.30533 -289.85228 -2.30457 -292.86028 curveto
-2.30453 -292.86032 lineto
-2.22043 -292.85352 -2.15155 -292.8467 -2.1 -292.84 curveto
-1.34 -292.73 4.51 -292.56 6.13 -293.18 curveto
7.75 -293.8 23.6 -297.33 25.22 -298.14 curveto
25.95407 -298.51389 29.50919 -300.3118 33.33371 -302.17166 curveto
 closepath fill
gsave newpath 74.61607 -299.17741 moveto
74.87405 -298.80402 75.05159 -298.44124 75.04 -298.16 curveto
75 -297.19 79.71 -294.24 79.87 -292.47 curveto
80.04 -290.7 79.44 -289.45 78.49 -286.94 curveto
77.54 -284.43 77.08 -283.53 74.83 -279.63 curveto
72.58 -275.71 71.97 -278.44 69.91 -277.62 curveto
67.86 -276.81 66.85 -277.47 65.81 -277.4 curveto
64.77 -277.33 61.74 -277.91 60.89 -276.91 curveto
60.05 -275.91 58.48 -274.22 57.46 -272.39 curveto
56.44 -270.56 56.05 -270.16 55.81 -269.26 curveto
55.58191 -268.3774 54.37039 -264.23962 54.35027 -264.17087 curveto
54.35042 -264.17068 lineto
54.35 -264.17 lineto
54.21 -263.95 51.54 -260.89 51.54 -260.89 curveto
51.54 -260.89 50.24 -257.78 50.22 -257.5 curveto
50.2 -257.22 48.25 -252.02 48.7 -249.97 curveto
49.16 -247.86 49.6 -247.29 50.35 -246.71 curveto
50.83603 -246.3391 51.29752 -245.96819 51.74756 -245.57895 curveto
51.74754 -245.57895 lineto
52.0319 -243.71634 52.51723 -240.2113 52.3 -239.27 curveto
52 -237.96 52.1 -234.83 51.51 -232.58 curveto
51.07759 -230.9026 52.24588 -227.72456 52.8685 -226.21565 curveto
52.86845 -226.21567 lineto
52.95648 -228.51627 53.02 -229.96 53.02 -229.96 curveto
53.02 -229.96 56.6 -237.68 62.35 -239.91 curveto
62.3501 -239.91005 lineto
68.48 -243.83 lineto
68.48 -243.83 70.61 -245.48 72.76 -246.68 curveto
74.07 -247.41 73.68 -247.18 75.94 -248.84 curveto
79.04 -251.13 79.25 -252.51 80.11 -249.37 curveto
80.31 -248.61 80.86 -247.61 81.14 -246.64 curveto
81.78 -244.42 83.6 -243.26 82.9 -239.15 curveto
82.2 -235.05 81.63 -235.01 79.36 -230.36 curveto
78.33253 -228.24521 77.62347 -223.57303 77.62001 -223.5501 curveto
77.62 -223.55 lineto
100.25 -216.19 lineto
100.25 -216.19 lineto
98.41823 -219.58398 94.92844 -226.12674 92.4361 -230.8112 curveto
92.43573 -230.81187 92.43628 -230.81023 92.43616 -230.81102 curveto
91.19 -238.7 lineto
91.19 -238.7 91.34 -241.93 90.67 -243.18 curveto
90 -244.43 91.72 -243.62 89.46 -244.7 curveto
87.19 -245.78 86.4 -246.91 86.3 -249.77 curveto
86.2 -252.64 86.85 -255.87 87.14 -257.34 curveto
87.36505 -258.43523 87.58447 -259.46292 87.87001 -260.16138 curveto
87.87001 -260.16138 lineto
87.87001 -260.16138 lineto
87.96512 -260.394 88.06757 -260.5901 88.18 -260.74 curveto
88.63 -261.34 88.95 -262.01 90.57 -264.64 curveto
92.19 -267.27 92.67 -268.16 93.66 -269.77 curveto
94.64 -271.38 95.48 -272.27 95.83 -273.48 curveto
96.03545 -274.1705 96.2767 -275.27458 96.446 -276.09535 curveto
96.44601 -276.09537 lineto
88.40787 -276.9117 86.65767 -287.29955 83.98 -292.23 curveto
83.55882 -293.01083 79.31477 -296.07599 74.61598 -299.17758 curveto
 closepath clip
newpath 54.2515 -299.23416 moveto
46.74657 -305.63171 lineto
53.3775 -313.92392 lineto
64.30992 -307.60236 lineto
 closepath fill
 0 0 0 setrgbcolor 0 0.7 dtransform truncate idtransform setlinewidth pop
 [] 0 setdash 1 setlinejoin 10 setmiterlimit
newpath 54.2515 -299.23416 moveto
46.74657 -305.63171 lineto
53.3775 -313.92392 lineto
64.30992 -307.60236 lineto
 closepath stroke
 0.00002 0.00018 0.00012 setrgbcolor
newpath 38.98244 -271.19583 moveto
30.96664 -283.51938 lineto
35.6542 -297.00761 lineto
48.96815 -286.90973 lineto
 closepath fill
 0 0 0 setrgbcolor
newpath 38.98244 -271.19583 moveto
30.96664 -283.51938 lineto
35.6542 -297.00761 lineto
48.96815 -286.90973 lineto
 closepath stroke
 0.00002 0.00018 0.00012 setrgbcolor
newpath 65.43124 -294.63614 moveto
66.45584 -307.79857 lineto
76.97043 -311.96436 lineto
80.0749 -302.66351 lineto
 closepath fill
 0 0 0 setrgbcolor
newpath 65.43124 -294.63614 moveto
66.45584 -307.79857 lineto
76.97043 -311.96436 lineto
80.0749 -302.66351 lineto
 closepath stroke
 0.00002 0.00018 0.00012 setrgbcolor
newpath 66.55414 -253.43193 moveto
59.4515 -266.49632 lineto
63.294 -276.10892 lineto
75.46188 -265.742 lineto
 closepath fill
 0 0 0 setrgbcolor
newpath 66.55414 -253.43193 moveto
59.4515 -266.49632 lineto
63.294 -276.10892 lineto
75.46188 -265.742 lineto
 closepath stroke
 0.00002 0.00018 0.00012 setrgbcolor
newpath 77.70691 -203.64975 moveto
72.55678 -215.32863 lineto
87.75742 -219.42155 lineto
92.24959 -204.29271 lineto
 closepath fill
 0 0 0 setrgbcolor
newpath 77.70691 -203.64975 moveto
72.55678 -215.32863 lineto
87.75742 -219.42155 lineto
92.24959 -204.29271 lineto
 closepath stroke
grestore
gsave newpath -26.62175 -217.75745 moveto
-28.66956 -213.71143 -30.43 -210.07 -30.43 -210.07 curveto
-35.5 -200.78 lineto
-35.5 -200.78 -43.34 -198.11 -44.96 -196.34 curveto
-46.59 -194.56 -48.26 -194.41 -49.93 -195.66 curveto
-51.61 -196.9 -52.77 -203.53 -53.94 -204.76 curveto
-54.69162 -205.54984 -56.73343 -209.47185 -59.05498 -213.68071 curveto
-59.05501 -213.68062 lineto
-58.06433 -213.19868 -56.46344 -212.43362 -55.25 -211.92 curveto
-53.37 -211.12 -53.39 -209.93 -50.78 -210.04 curveto
-48.17 -210.15 -52.02 -207.02 -45.1 -209.29 curveto
-38.07 -211.59 -38.75 -212.57 -33.36 -214.99 curveto
-30.76224 -216.15498 -28.4195 -217.08487 -26.62166 -217.75743 curveto
 closepath clip
 0 0 0 setrgbcolor 0 0.7 dtransform truncate idtransform setlinewidth pop
 [] 0 setdash 1 setlinejoin 10 setmiterlimit
newpath -55.92735 -219.7617 moveto
-56.34238 -219.58022 -56.81926 -219.69002 -57.1699 -219.98232 curveto
-57.72353 -220.4438 -58.04376 -221.10701 -58.332 -221.76614 curveto
-58.62024 -222.42528 -58.88972 -223.11064 -58.85268 -223.83043 curveto
-58.82921 -224.28633 -58.58606 -224.71101 -58.17104 -224.8925 curveto
-57.75601 -225.07399 -57.27913 -224.96419 -56.92848 -224.67189 curveto
-56.37486 -224.2104 -56.05463 -223.5472 -55.76639 -222.88806 curveto
-55.47815 -222.22893 -55.20866 -221.54356 -55.24571 -220.82378 curveto
-55.26918 -220.36787 -55.51233 -219.94319 -55.92735 -219.7617 curveto closepath
 stroke
newpath -66.04211 -194.13734 moveto
-66.33894 -194.4795 -66.37608 -194.96745 -66.20146 -195.38922 curveto
-65.92575 -196.05515 -65.38799 -196.5583 -64.84457 -197.02971 curveto
-64.30116 -197.50111 -63.72711 -197.96246 -63.02895 -198.14139 curveto
-62.58675 -198.25475 -62.10893 -198.14906 -61.8121 -197.8069 curveto
-61.51527 -197.46474 -61.47813 -196.97679 -61.65276 -196.55502 curveto
-61.92847 -195.8891 -62.46623 -195.38594 -63.00964 -194.91454 curveto
-63.55305 -194.44313 -64.1271 -193.98178 -64.82527 -193.80286 curveto
-65.26747 -193.6895 -65.74529 -193.79518 -66.04211 -194.13734 curveto closepath
 stroke
newpath -37.40657 -216.49776 moveto
-37.43974 -216.94951 -37.17763 -217.36275 -36.78537 -217.59627 curveto
-36.16609 -217.96495 -35.43413 -218.04648 -34.71667 -218.09917 curveto
-33.99922 -218.15186 -33.26323 -218.17815 -32.59671 -217.90388 curveto
-32.17455 -217.73018 -31.85487 -217.35966 -31.8217 -216.90791 curveto
-31.78853 -216.45616 -32.05064 -216.04292 -32.4429 -215.8094 curveto
-33.06218 -215.44072 -33.79414 -215.35919 -34.5116 -215.3065 curveto
-35.22905 -215.25381 -35.96504 -215.22752 -36.63156 -215.50179 curveto
-37.05373 -215.67549 -37.3734 -216.046 -37.40657 -216.49776 curveto closepath
 stroke
newpath -40.69382 -201.4809 moveto
-40.60863 -201.03601 -40.8212 -200.59525 -41.1838 -200.31793 curveto
-41.75632 -199.8801 -42.47392 -199.7145 -43.18047 -199.5792 curveto
-43.88701 -199.4439 -44.61502 -199.33267 -45.30878 -199.52802 curveto
-45.74817 -199.65173 -46.10857 -199.98279 -46.19376 -200.42767 curveto
-46.27895 -200.87256 -46.06638 -201.31332 -45.70377 -201.59064 curveto
-45.13126 -202.02847 -44.41365 -202.19408 -43.7071 -202.32938 curveto
-43.00056 -202.46468 -42.27255 -202.5759 -41.5788 -202.38055 curveto
-41.1394 -202.25684 -40.779 -201.92578 -40.69382 -201.4809 curveto closepath
 stroke
grestore
 0.1 0.2 0.8 setrgbcolor
newpath -114.48 -164.41 moveto
-114.48 -164.41 -118.73 -167.28 -119.92 -170.09 curveto
-121.11 -172.9 -122.4 -173.91 -122.84 -174.83 curveto
-123.28 -175.75 -128.05 -180.3 -127.76 -182.02 curveto
-127.46 -183.74 -122.28 -196.74 -122.28 -196.74 curveto
-122.28 -196.74 -120.06 -197.42 -118.85 -197.54 curveto
-117.64 -197.66 -111.19 -200.42 -106.89 -198.43 curveto
-102.6 -196.43 -99.27 -197.23 -97.82 -195.97 curveto
-96.37 -194.71 -93.66 -193.44 -92.33 -192.12 curveto
-91.01 -190.8 -89.18 -176.29 -89.18 -176.29 curveto
-96.9 -167.81 lineto
-114.48 -164.41 lineto
 closepath fill
0 0 0 THsetpatterncolor
 0.00002 0.00015 0.00015 setrgbcolor
newpath -132.56516 -172.47424 moveto
-126.52927 -164.80365 lineto
-126.52925 -164.80353 lineto
-122.47293 -166.51257 -118.13 -167.2 -118.13 -167.2 curveto
-118.13 -167.2 -114.64 -163.82 -108.28 -167.46 curveto
-104.83 -169.45 -98.1 -168.44 -92.07 -174.85 curveto
-90.55 -176.47 -91.88 -190 -95.34 -193.52 curveto
-98.8 -197.03 -98.52 -203.91 -97.73 -205.54 curveto
-97.6718 -205.65784 -97.6201 -205.79457 -97.57454 -205.94867 curveto
-97.57468 -205.94876 lineto
-115.18451 -208.81024 lineto
-115.18456 -208.8102 lineto
-115.23415 -208.55905 -115.28618 -208.32527 -115.34 -208.11 curveto
-116.23 -204.56 -116.3 -203.12 -118.59 -200.35 curveto
-120.89 -197.57 -125.58 -184.04 -127.21 -179.57 curveto
-128.10648 -177.09506 -130.54866 -174.39929 -132.56514 -172.47424 curveto
 closepath fill
 0.1 0.2 0.8 setrgbcolor
newpath -224.7789 -292.06628 moveto
-226.19 -291.81 lineto
-226.19 -291.81 -227.59 -290.76 -229.09 -289.96 curveto
-229.64 -289.66 -232.32 -288.61 -235.07 -286.89 curveto
-237.81 -285.17 -236.31 -286.21 -237.31 -285.39 curveto
-238.31 -284.58 -239.72 -282.81 -241.74 -280.69 curveto
-243.76 -278.56 -242.48 -276.82 -240.72 -272.14 curveto
-238.95 -267.47 -241.31 -269.25 -240.34 -266.18 curveto
-240.17493 -265.6521 -240.92584 -264.56302 -242.28262 -263.12135 curveto
-242.28265 -263.12148 lineto
-241.44301 -260.6588 -240.75777 -258.73383 -240.36 -257.78 curveto
-238.39 -253.06 -228.84 -233.63 -227.97 -228.63 curveto
-227.1 -223.66 -220.43 -204.39 -217.33 -202.34 curveto
-214.24 -200.3 -185.74 -184.27 -183.59 -182.94 curveto
-182.9346 -182.53645 -181.02438 -181.62747 -178.57388 -180.38234 curveto
-178.57396 -180.38235 lineto
-177.43521 -180.93573 -176.7029 -181.23645 -176.57 -181.17 curveto
-175.72 -180.74 -175.84 -180.38 -173.77 -180.5 curveto
-171.69 -180.61 -170.22 -179.67 -168.95 -179.37 curveto
-167.64 -179.06 -167.89 -178.94 -164.59 -179.57 curveto
-161.17 -180.23 -160.65 -180.57 -159.29 -181.21 curveto
-158.82466 -181.42918 -158.39798 -181.64154 -158.0368 -181.82675 curveto
-158.0368 -181.82683 lineto
-158.0064 -180.01782 -156.50336 -177.43747 -149.68 -172.66 curveto
-140.24 -166.06 -135.58 -169.84 -135.58 -169.84 curveto
-135.58 -169.84 -128.84 -175.07 -127.21 -179.57 curveto
-125.58 -184.04 -120.89 -197.57 -118.59 -200.35 curveto
-116.3 -203.12 -116.23 -204.56 -115.34 -208.11 curveto
-114.45 -211.67 -114.05 -220.29 -117.05 -228.84 curveto
-120.05 -237.38 -114.63 -243.34 -111.28 -249.58 curveto
-107.94 -255.8 -107.33 -269.3 -106.66 -273.45 curveto
-106 -277.59 -111.95 -274.98 -115.58 -275.9 curveto
-118.35219 -276.59875 -121.63779 -277.06099 -124.80151 -275.0523 curveto
-124.80145 -275.05234 lineto
-125.05319 -275.54118 -125.28706 -276.34344 -125.38 -277.66 curveto
-125.62 -281.06 -126 -281.08 -126.73 -282.95 curveto
-127.47 -284.83 -126.39 -286 -127.82 -287.06 curveto
-129.24 -288.11 -128.14 -287.9 -130.27 -287.81 curveto
-132.43 -287.71 -133.46 -286.88 -135.25 -287.01 curveto
-137.04 -287.14 -136.98 -287.96 -138.59 -287.23 curveto
-140.21 -286.5 -141.24 -285.61 -142.48 -285.1 curveto
-142.71289 -285.00233 -142.97612 -284.95653 -143.25009 -284.94653 curveto
-143.25015 -284.94647 lineto
-145.9154 -281.32362 -149.57253 -272.61528 -150.45 -271.15 curveto
-151.48 -269.43 -152.75 -266.83 -153.57 -264.73 curveto
-154.38 -262.64 -158.1 -258.95 -159.43 -257.3 curveto
-160.76 -255.66 -163.31 -250.25 -164.89 -246.61 curveto
-170.4 -233.93 -175.85 -234.45 -177.86 -233.9 curveto
-179.92 -233.33 -189.61 -233.07 -191.78 -233.72 curveto
-193.93 -234.35 -195.85 -234.54 -198.47 -238.23 curveto
-201.11 -241.96 -202.59 -246.88 -203.37 -249.28 curveto
-204.15 -251.67 -218.77 -281.34 -219.16 -282.2 curveto
-219.35637 -282.633 -222.00922 -287.259 -224.77892 -292.0663 curveto
 closepath fill
 0.00002 0.00018 0.00012 setrgbcolor
newpath -195.20746 -234.97565 moveto
-195.88379 -234.00873 -196.74823 -232.9788 -197.45 -232.82 curveto
-198.82 -232.5 -201.53 -231.98 -202.48 -233.49 curveto
-203.43 -235.01 -205.05 -234.82 -206.29 -238.25 curveto
-207.53 -241.66 -209.97 -245.74 -211.15 -247.41 curveto
-212.32 -249.07 -216.69 -254.46 -217.59 -256.71 curveto
-218.47 -258.93 -215.32 -261.88 -215.32 -261.88 curveto
-210.96439 -265.3938 lineto
-210.96439 -265.39357 lineto
-207.31358 -257.87234 -203.7447 -250.42818 -203.37 -249.28 curveto
-202.59 -246.88 -201.11 -241.96 -198.47 -238.23 curveto
-197.26451 -236.53218 -196.2072 -235.57533 -195.2075 -234.97565 curveto
 closepath fill
newpath -166.69888 -242.89075 moveto
-166.09962 -243.98387 -165.49518 -245.21732 -164.89 -246.61 curveto
-163.31 -250.25 -160.76 -255.66 -159.43 -257.3 curveto
-158.1 -258.95 -154.38 -262.64 -153.57 -264.73 curveto
-152.75 -266.83 -151.48 -269.43 -150.45 -271.15 curveto
-150.40965 -271.21736 -150.36343 -271.30005 -150.3117 -271.39685 curveto
-150.3117 -271.39685 lineto
-149.85594 -270.57079 -149.36877 -269.65045 -149.06 -268.96 curveto
-148.34 -267.36 -147.42 -266.93 -146.94 -265.34 curveto
-146.46 -263.74 -145.52 -263.55 -145.53 -261.75 curveto
-145.55 -259.96 -147.3 -259.01 -147.98 -257.86 curveto
-148.67 -256.71 -152.5 -252.08 -153.85 -250.26 curveto
-155.19 -248.43 -155.08 -248.3 -155.68 -246.66 curveto
-156.29 -245.01 -157.61 -244.98 -160.42 -242.74 curveto
-162.48547 -241.10085 -165.33438 -242.19557 -166.69905 -242.89075 curveto
 closepath fill
newpath -146.92444 -234.9069 moveto
-147.50883 -235.1111 -148.58458 -235.63538 -149.31 -236.87 curveto
-150.34 -238.63 -150.84 -239.26 -150.82 -240.35 curveto
-150.81 -241.43 -150.01 -244.46 -149.59 -245.21 curveto
-149.17 -245.96 -147.02 -248.32 -145.5 -250.12 curveto
-143.99 -251.93 -141.54 -254.92 -141.42 -255.81 curveto
-141.29 -256.7 -139.96 -259.3 -138.99 -259.4 curveto
-138.01 -259.51 -138.32 -259.48 -136.93 -259.36 curveto
-136.03996 -259.29007 -134.479 -258.71896 -133.45992 -258.31218 curveto
-133.45992 -258.31216 lineto
-135.37451 -254.95987 -137.64874 -251.6914 -139.39 -250.01 curveto
-142.43501 -247.07033 -144.56311 -245.11172 -146.92447 -234.90665 curveto
 closepath fill
 0.1 0.2 0.8 setrgbcolor
newpath 52.45006 -198.58989 moveto
32.11958 -198.70245 lineto
32.11942 -198.70251 lineto
30.90686 -189.84735 28.75911 -176.44531 27.33 -170.75 curveto
25.29 -162.67 29.38 -152.4 30.44 -144.19 curveto
31.49 -135.97 34.94 -137.98 29.82 -125.47 curveto
24.7 -112.97 22.2 -100.1 19.9 -97.08 curveto
17.61 -94.06 11.71 -80.16 19.74 -66.37 curveto
27.76 -52.58 20.57 -42.56 32.53 -41.77 curveto
44.5 -40.98 42.22 -43.73 44.28 -36.18 curveto
46.35 -28.63 46.46 6.23 50.31 11.7 curveto
54.16 17.17 54.04 25.84 61.5 24.95 curveto
68.97 24.06 64.43 18.09 73.62 38.21 curveto
82.81 58.32 84.34 61.51 83.82 62.45 curveto
83.81996 62.45012 lineto
83.81291 62.47188 82.89003 65.35782 82.9 83.07 curveto
82.91 100.98 83.41 118.97 85.93 125.72 curveto
88.57 132.75 90.65 149.73 92.29 152.8 curveto
93.9 155.83 95.03 165.77 103.96 163.55 curveto
112.87 161.33 109.91 158.98 110.97 153.78 curveto
112.03 148.52 107.63 142.84 107.33 139.06 curveto
107.02 135.22 114.24 125.56 109.73 117.13 curveto
105.47 109.16 108.08 101.96 106.53 92.72 curveto
105.05 83.91 103.97 79.95 103.15 76.78 curveto
102.32094 73.62352 105.59271 60.60904 105.59999 60.58005 curveto
105.6 60.57993 lineto
105.60672 60.52982 109.03882 34.87405 107.83 28.79 curveto
106.62 22.71 106.97 -0.31 98.36 -8.71 curveto
89.86 -17 84.31 -17.02 74.62 -15.8 curveto
69.29 -15.13 62.35 -15.65 60.93 -26.77 curveto
59.5 -37.89 58.33 -43.95 59.43 -47.03 curveto
60.53 -50.1 58.29 -58.85 51.7 -61.79 curveto
45.11 -64.74 47.49 -69.67 44.99 -72.9 curveto
42.5 -76.14 33.32 -80.39 36.85 -94.64 curveto
40.38 -108.9 47.59 -114.82 50.06 -126.96 curveto
52.52 -139.08 53.2 -143.36 49.63 -149.29 curveto
46.07 -155.22 48.1 -162.6 50.56 -169.22 curveto
53.02 -175.84 53.68 -190.68 52.71 -195.77 curveto
52.59235 -196.3886 52.5078 -197.36012 52.45004 -198.58986 curveto
 closepath fill
newpath -149.15 -158.3 moveto
-147.42 -159.18 lineto
-147.42 -159.18 -146.1 -159.29 -144.7 -161.03 curveto
-143.31 -162.76 -143.52 -163.43 -142.82 -164.35 curveto
-142.12 -165.28 -141.88 -166.95 -141.98 -167.55 curveto
-142.07 -168.16 -145.13 -170.56 -145.62 -170.9 curveto
-146.13 -171.24 -147.96 -172.81 -148.42 -172.73 curveto
-148.88 -172.64 -151.18 -172.83 -151.99 -172.61 curveto
-152.79 -172.38 -154.1 -170.54 -154.77 -169.72 curveto
-155.45 -168.91 -156.27 -166.4 -156.44 -165.66 curveto
-156.6 -164.93 -157.23 -163.26 -156.76 -162.9 curveto
-156.29 -162.55 -154.21 -160.51 -153.84 -160.42 curveto
-153.46 -160.34 -149.15 -158.3 -149.15 -158.3 curveto
 closepath fill
gsave newpath 33.11049 -304.57782 moveto
33.11049 -304.57782 lineto
 closepath clip
 0.00002 0.00018 0.00012 setrgbcolor
newpath 39.71375 -301.2241 moveto
24.0473 -297.97932 lineto
17.10684 -311.66006 lineto
34.89122 -316.09488 lineto
 closepath fill
 0 0 0 setrgbcolor 0 0.7 dtransform truncate idtransform setlinewidth pop
 [] 0 setdash 1 setlinejoin 10 setmiterlimit
newpath 39.71375 -301.2241 moveto
24.0473 -297.97932 lineto
17.10684 -311.66006 lineto
34.89122 -316.09488 lineto
 closepath stroke
grestore
 0 0 0 setrgbcolor 0 0.7 dtransform truncate idtransform setlinewidth pop
 [] 0 setdash 1 setlinecap 1 setlinejoin 10 setmiterlimit
newpath 200.94 181.61 moveto
200.94 181.61 202.66 183.33 200.66 186.05 curveto
198.7 188.73 199.16 190.08 195.83 191.72 curveto stroke
newpath -13.31 -249.19 moveto
-13.38 -249.89 -15.14 -249.03 -16.16 -250.01 curveto
-17.18 -250.98 -17.42 -251.13 -18.13 -250.74 curveto
-18.84 -250.34 -18.48 -249.36 -17.45 -248.5 curveto
-16.43 -247.66 -16.56 -247.7 -15.65 -246.52 curveto
-14.73 -245.32 -14.8 -244.07 -13.86 -244.94 curveto
-12.91 -245.8 -13.04 -245.43 -13.03 -246.55 curveto
-13.02 -247.68 -13.24 -248.53 -13.31 -249.19 curveto closepath stroke
newpath -18.3 -263.85 moveto
-18.3 -263.85 -18.07 -265.55 -17.44 -266.43 curveto
-16.81 -267.31 -15.77 -268.84 -15.33 -268.85 curveto
-14.9 -268.86 -13.86 -269.07 -13.21 -268.98 curveto
-12.58 -268.88 -12.34 -268.79 -11.67 -268.38 curveto
-11 -267.97 -10.1 -268.22 -9.94 -267.09 curveto
-9.79 -265.95 -8.92 -266.26 -10.25 -265.46 curveto
-11.59 -264.64 -10.79 -265.26 -12.11 -264.46 curveto
-13.48 -263.63 -13.68 -263.82 -14.27 -262.94 curveto
-14.87 -262.06 -14.49 -261.52 -15.32 -261.33 curveto
-16.17 -261.13 -15.92 -260.43 -16.98 -260.88 curveto
-18.04 -261.33 -18.05 -260.88 -18.34 -261.71 curveto
-18.63 -262.54 -18.39 -263.12 -18.39 -263.31 curveto
-18.38 -263.49 -18.3 -263.85 -18.3 -263.85 curveto closepath stroke
newpath -14.07 -240.5 moveto
-14.04 -241.57 -13.61 -241.25 -14.27 -242.44 curveto
-14.93 -243.64 -14.92 -244.45 -15.48 -244.89 curveto
-16.04 -245.33 -16.78 -245.84 -16.98 -244.91 curveto
-17.18 -243.97 -17.71 -242.66 -17.36 -241.9 curveto
-17.01 -241.14 -16.21 -240.45 -15.79 -240.07 curveto
-15.37 -239.69 -14.12 -239.43 -14.07 -240.5 curveto closepath stroke
newpath -85.23 -284.33 moveto
-85.23 -284.33 -80.62 -281.37 -78.64 -280.95 curveto
-76.66 -280.52 -76.43 -279.35 -73.33 -279.41 curveto
-70.23 -279.46 -62.42 -278 -61.32 -278.01 curveto
-60.22 -278.02 -64.02 -272.16 -61.45 -270.61 curveto
-58.74 -268.97 -57.3 -268.98 -56.65 -268.88 curveto
-55.68 -268.73 -49.48 -273.92 -47.2 -274.18 curveto
-45.39 -274.39 -42.87 -276.08 -41.82 -276.1 curveto
-40.77 -276.12 -39.82 -273.96 -37.34 -274.33 curveto
-36.42 -274.47 -37.62 -275.85 -34.13 -276.43 curveto
-30.01 -277.12 -31.43 -276.27 -27.5 -277.54 curveto
-25.93 -278.04 -25.03 -277.87 -22.91 -278.66 curveto
-21.63 -279.14 -18.42 -277.87 -18.24 -274.85 curveto stroke
newpath -35.78 -265.81 moveto
-37.01 -265.23 -37.09 -265.26 -38.87 -264.12 curveto
-46.32 -259.33 -47.07 -260.57 -47.51 -258.74 curveto
-47.91 -257.12 -47.38 -256.41 -47.25 -255.89 curveto
-47.11 -255.37 -45.97 -253.73 -45.12 -254.55 curveto
-44.15 -255.46 -44.29 -255.3 -42.89 -256.5 curveto
-37.64 -261.03 -36 -260.57 -34.62 -263.21 curveto
-33.82 -264.73 -34.19 -265.12 -34.62 -265.35 curveto
-35.05 -265.58 -34.74 -266.31 -35.78 -265.81 curveto closepath stroke
newpath -48.87 -247.41 moveto
-49.23 -247.54 -50.16 -247.47 -49.9 -248.24 curveto
-49.65 -248.99 -49.52 -249.03 -48.67 -249.31 curveto
-47.83 -249.59 -47.29 -250.01 -46.94 -249.41 curveto
-46.58 -248.81 -46.02 -248.85 -45.9 -248.36 curveto
-45.79 -247.87 -45.66 -247.63 -46.55 -247.63 curveto
-47.42 -247.62 -47.72 -247.42 -48.28 -247.38 curveto
-48.84 -247.35 -48.51 -247.28 -48.87 -247.41 curveto closepath stroke
newpath -49.76 -246.73 moveto
-50.18 -246.89 -50.05 -246.83 -50.67 -247.17 curveto
-51.28 -247.5 -52.03 -247.78 -52.07 -247.43 curveto
-52.1 -247.09 -51.54 -246.65 -51.4 -246.69 curveto
-51.25 -246.73 -49.81 -245.82 -49.67 -246.17 curveto
-49.52 -246.52 -49.33 -246.57 -49.76 -246.73 curveto closepath stroke
newpath -146.51 -234.79 moveto
-146.51 -234.79 -148.27 -235.1 -149.31 -236.87 curveto
-150.34 -238.63 -150.84 -239.26 -150.82 -240.35 curveto
-150.81 -241.43 -150.01 -244.46 -149.59 -245.21 curveto
-149.17 -245.96 -147.02 -248.32 -145.5 -250.12 curveto
-143.99 -251.93 -141.54 -254.92 -141.42 -255.81 curveto
-141.29 -256.7 -139.96 -259.3 -138.99 -259.4 curveto
-138.01 -259.51 -138.32 -259.48 -136.93 -259.36 curveto
-135.53 -259.25 -132.47 -257.9 -132.47 -257.9 curveto stroke
newpath -151.47 -273.43 moveto
-151.47 -273.43 -149.78 -270.57 -149.06 -268.96 curveto
-148.34 -267.36 -147.42 -266.93 -146.94 -265.34 curveto
-146.46 -263.74 -145.52 -263.55 -145.53 -261.75 curveto
-145.55 -259.96 -147.3 -259.01 -147.98 -257.86 curveto
-148.67 -256.71 -152.5 -252.08 -153.85 -250.26 curveto
-155.19 -248.43 -155.08 -248.3 -155.68 -246.66 curveto
-156.29 -245.01 -157.61 -244.98 -160.42 -242.74 curveto
-163.23 -240.51 -167.49 -243.34 -167.49 -243.34 curveto stroke
newpath -145.82 -285.53 moveto
-145.4424 -281.83955 -139.57968 -282.08855 -135.60771 -287.04776 curveto stroke
newpath -135.60771 -287.04776 moveto
-134.29994 -283.69498 -129.70091 -286.01506 -127.02264 -284.52042 curveto
 stroke
newpath -127.02264 -284.52042 moveto
-136.69478 -278.74658 -127.11072 -268.78955 -123.96 -274.29 curveto stroke
newpath -123.96 -274.29 moveto
-123.96 -274.29 lineto stroke
newpath -109.2 -275.06 moveto
-109.2 -275.06 -107.25 -279.91 -106.65 -281.76 curveto
-106.06 -283.61 -105.15 -285.44 -104.87 -286.96 curveto
-104.59 -288.47 -103.41 -290.97 -103.2 -291.51 curveto
-102.98 -292.04 -105.26 -293.96 -105.26 -293.96 curveto stroke
 0.00002 0.00018 0.00012 setrgbcolor
newpath 41.95 -122.76 moveto
41.95 -122.76 38.6 -128.44 38.69 -130.36 curveto
38.77 -132.28 38.45 -135.89 38.74 -136.84 curveto
39.02 -137.79 39.22 -142.1 40.68 -142.51 curveto
42.14 -142.92 45.46 -142.05 45.55 -138.69 curveto
45.63 -135.32 45.11 -129.1 45.11 -129.1 curveto
42.95 -123.68 lineto
 closepath fill
 0 0 0 setrgbcolor
newpath 41.95 -122.76 moveto
41.95 -122.76 38.6 -128.44 38.69 -130.36 curveto
38.77 -132.28 38.45 -135.89 38.74 -136.84 curveto
39.02 -137.79 39.22 -142.1 40.68 -142.51 curveto
42.14 -142.92 45.46 -142.05 45.55 -138.69 curveto
45.63 -135.32 45.11 -129.1 45.11 -129.1 curveto
42.95 -123.68 lineto
 closepath stroke
 0 0.49 dtransform truncate idtransform setlinewidth pop
newpath 33.11 -304.58 moveto
33.11 -304.58 34.16 -299.93 31.72 -294.76 curveto
29.28 -289.56 27.06 -285.08 22.37 -283.9 curveto
17.68 -282.72 14.88 -277.65 13.34 -276.33 curveto
11.81 -275.02 9.52 -272.8 6.58 -272.49 curveto
3.64 -272.19 0.83 -270.68 -1.79 -270.03 curveto
-4.35 -269.39 -8.74 -270.72 -10.83 -270.72 curveto
-13.07 -270.73 -14.12 -268.65 -18.49 -272.35 curveto
-19.26 -273.01 -17.23 -275.03 -19.21 -280.06 curveto
-20.16 -282.47 -0.32 -294.04 -0.32 -294.04 curveto stroke
 0 0.7 dtransform truncate idtransform setlinewidth pop
newpath 19.9 -257.02 moveto
19.9 -257.02 20.49 -253.82 22.92 -254.54 curveto
25.36 -255.26 26.17 -251.91 27.77 -255.16 curveto
29.35 -258.38 29.84 -258.47 29.85 -260.78 curveto
29.87 -263.05 30.38 -264.84 30.01 -266.23 curveto
29.64 -267.63 29.86 -267.39 27.71 -267.75 curveto
25.56 -268.12 24.29 -268.91 22.15 -267.64 curveto
20.01 -266.37 19.31 -266.77 18.4 -264.11 curveto
17.5 -261.47 19.9 -257.02 19.9 -257.02 curveto closepath stroke
newpath 5.86 -246.1 moveto
5.82 -247.66 7.06 -248.69 9.05 -250.16 curveto
11.03 -251.62 11.31 -249.69 12.1 -248.58 curveto
12.89 -247.46 14.18 -244.16 12.61 -243.87 curveto
11.04 -243.58 7.16 -242.92 6.83 -243.65 curveto
6.51 -244.39 5.91 -244.54 5.86 -246.1 curveto closepath stroke
newpath 3.58 -256.89 moveto
5.38 -256.81 5.92 -255.47 7.9 -256.81 curveto
9.87 -258.15 10.54 -259.54 10.24 -260.99 curveto
9.95 -262.43 9.72 -264.69 8.65 -265.12 curveto
7.58 -265.54 6.86 -267.89 3.67 -267.21 curveto
0.49 -266.53 -1.66 -265.76 -2.08 -265.26 curveto
-2.5 -264.77 -3.21 -263.64 -3.16 -262.1 curveto
-3.12 -260.56 -2.74 -259.9 -0.6 -259.54 curveto
1.4 -259.21 1.77 -256.95 3.58 -256.89 curveto closepath stroke
 0 0.49 dtransform truncate idtransform setlinewidth pop
newpath -107.32 -274.84 moveto
-107.32 -274.84 -98.88 -274.23 -95.29 -273.03 curveto
-91.69 -271.83 -85.48 -267.69 -83.9 -266.83 curveto
-82.3 -265.95 -79.06 -264.46 -79.06 -264.46 curveto stroke
newpath 54.35 -264.17 moveto
54.35 -264.17 55.58 -268.37 55.81 -269.26 curveto
56.05 -270.16 56.44 -270.56 57.46 -272.39 curveto
58.48 -274.22 60.05 -275.91 60.89 -276.91 curveto
61.74 -277.91 64.77 -277.33 65.81 -277.4 curveto
66.85 -277.47 67.86 -276.81 69.91 -277.62 curveto
71.97 -278.44 72.58 -275.71 74.83 -279.63 curveto
77.08 -283.53 77.54 -284.43 78.49 -286.94 curveto
79.44 -289.45 80.04 -290.7 79.87 -292.47 curveto
79.71 -294.24 75 -297.19 75.04 -298.16 curveto
75.08 -299.13 72.87 -301.07 72.87 -301.07 curveto stroke
newpath 92.46 -230.66 moveto
91.19 -238.7 lineto
91.19 -238.7 91.34 -241.93 90.67 -243.18 curveto
90 -244.43 91.72 -243.62 89.46 -244.7 curveto
87.19 -245.78 86.4 -246.91 86.3 -249.77 curveto
86.2 -252.64 86.85 -255.87 87.14 -257.34 curveto
87.44 -258.8 87.73 -260.14 88.18 -260.74 curveto
88.63 -261.34 88.95 -262.01 90.57 -264.64 curveto
92.19 -267.27 92.67 -268.16 93.66 -269.77 curveto
94.64 -271.38 95.48 -272.27 95.83 -273.48 curveto
96.19 -274.69 96.66 -277.17 96.66 -277.17 curveto stroke
newpath -70.18 -251.45 moveto
-67.74 -247.01 -65.6 -244.64 -65.6 -244.64 curveto stroke
newpath -62.29 -235 moveto
-62.29 -235 -61.34 -233.75 -62.3 -228.27 curveto
-63.27 -222.79 -59.39 -213.51 -59.39 -213.51 curveto
-60.83 -217.42 lineto stroke
 0.00002 0.00018 0.00012 setrgbcolor
newpath -171.74 -191.79 moveto
-170.38 -192.38 -169.16 -192.55 -168.14 -194.43 curveto
-167.13 -196.3 -166.2 -194.8 -166.24 -198.46 curveto
-166.28 -202.07 -166.69 -202.92 -166.62 -204.88 curveto
-166.55 -206.84 -169.24 -206.72 -169.24 -206.72 curveto
-169.24 -206.72 -169.09 -207.19 -169.63 -206.15 curveto
-170.18 -205.11 -171.46 -206.27 -172.12 -203.7 curveto
-172.79 -201.14 -174.25 -198.97 -174.46 -198.61 curveto
-174.66 -198.26 -174.95 -194.54 -174.84 -194.18 curveto
-174.73 -193.81 -174.72 -191.59 -173.68 -191.78 curveto
-172.64 -191.97 -173.11 -191.21 -171.74 -191.79 curveto closepath fill
 0 0 0 setrgbcolor 0 0.7 dtransform truncate idtransform setlinewidth pop
newpath -171.74 -191.79 moveto
-170.38 -192.38 -169.16 -192.55 -168.14 -194.43 curveto
-167.13 -196.3 -166.2 -194.8 -166.24 -198.46 curveto
-166.28 -202.07 -166.69 -202.92 -166.62 -204.88 curveto
-166.55 -206.84 -169.24 -206.72 -169.24 -206.72 curveto
-169.24 -206.72 -169.09 -207.19 -169.63 -206.15 curveto
-170.18 -205.11 -171.46 -206.27 -172.12 -203.7 curveto
-172.79 -201.14 -174.25 -198.97 -174.46 -198.61 curveto
-174.66 -198.26 -174.95 -194.54 -174.84 -194.18 curveto
-174.73 -193.81 -174.72 -191.59 -173.68 -191.78 curveto
-172.64 -191.97 -173.11 -191.21 -171.74 -191.79 curveto closepath stroke
 0.00002 0.00018 0.00012 setrgbcolor
newpath -192.82 -200.35 moveto
-191.11 -200.64 -188.84 -199.41 -187.88 -201.69 curveto
-186.9 -203.97 -187.08 -202.5 -186.42 -206.29 curveto
-185.75 -210.08 -185.9 -209.84 -186.11 -210.84 curveto
-186.33 -211.83 -185.16 -212.52 -188.78 -213.17 curveto
-192.33 -213.8 -193.43 -214.05 -194.96 -211.78 curveto
-196.5 -209.52 -197.18 -207.13 -196.87 -205.66 curveto
-196.57 -204.18 -194.01 -200.9 -194.01 -200.9 curveto
-194.01 -200.9 -194.53 -200.06 -192.82 -200.35 curveto closepath fill
 0 0 0 setrgbcolor
newpath -192.82 -200.35 moveto
-191.11 -200.64 -188.84 -199.41 -187.88 -201.69 curveto
-186.9 -203.97 -187.08 -202.5 -186.42 -206.29 curveto
-185.75 -210.08 -185.9 -209.84 -186.11 -210.84 curveto
-186.33 -211.83 -185.16 -212.52 -188.78 -213.17 curveto
-192.33 -213.8 -193.43 -214.05 -194.96 -211.78 curveto
-196.5 -209.52 -197.18 -207.13 -196.87 -205.66 curveto
-196.57 -204.18 -194.01 -200.9 -194.01 -200.9 curveto
-194.01 -200.9 -194.53 -200.06 -192.82 -200.35 curveto closepath stroke
 [1.5 1.5 ] 0 setdash
newpath 112.35 162.94 moveto
112.87 166.99 lineto
113.28 174.59 lineto
113.83 182.4 lineto stroke
 0 0.49 dtransform truncate idtransform setlinewidth pop [] 0 setdash
newpath -111.78 -250.59 moveto
-112.34917 -247.84883 lineto stroke
newpath -108.67938 -252.10199 moveto
-107.11684 -249.77858 lineto stroke
newpath -107.21284 -255.31313 moveto
-104.5808 -254.35815 lineto stroke
newpath -106.30093 -258.79254 moveto
-103.55165 -258.26216 lineto stroke
newpath -105.73991 -262.34471 moveto
-102.94226 -262.23175 lineto stroke
 0.49 0 dtransform exch truncate exch idtransform pop setlinewidth
newpath -103.84135 -264.27974 moveto
-103.99225 -261.48384 lineto stroke
 0 0.49 dtransform truncate idtransform setlinewidth pop
newpath -100.4587 -263.2234 moveto
-102.17372 -261.01018 lineto stroke
newpath -98.21138 -260.72726 moveto
-101.00887 -260.60951 lineto stroke
newpath -98.23955 -257.14415 moveto
-101.02844 -256.89528 lineto stroke
newpath -97.63979 -253.5981 moveto
-100.35204 -252.9028 lineto stroke
newpath -97.14667 -250.04022 moveto
-99.94662 -250.04013 lineto stroke
newpath -97.62361 -246.47604 moveto
-100.39362 -246.88461 lineto stroke
newpath -97.6955 -242.88261 moveto
-100.48553 -242.64725 lineto stroke
newpath -97.07312 -239.33975 moveto
-99.84718 -238.95976 lineto stroke
newpath -96.7044 -235.7568 moveto
-99.4948 -235.52533 lineto stroke
newpath -96.436 -232.16481 moveto
-99.22946 -231.97435 lineto stroke
newpath -96.21 -228.57 moveto
-99.00552 -228.4118 lineto stroke
 0 0.7 dtransform truncate idtransform setlinewidth pop
newpath -111.78 -250.59 moveto
-111.78 -250.59 -110.61 -250.34 -110.02 -251.17 curveto
-109.42 -252 -108.24 -251.82 -107.87 -253.29 curveto
-107.49 -254.76 -107.05 -255.56 -106.72 -256.86 curveto
-106.38 -258.18 -106.41 -258.38 -105.97 -260.4 curveto
-105.52 -262.43 -105.94 -264.24 -105.39 -264.27 curveto
-104.83 -264.3 -103.17 -264.39 -101.77 -263.92 curveto
-100.37 -263.45 -100.53 -263.01 -99.1 -262.41 curveto
-97.68 -261.8 -98.38 -259.16 -98.38 -259.16 curveto
-98.38 -259.16 -98.28 -257 -98.04 -255.42 curveto
-97.8 -253.86 -97.37 -253.04 -97.21 -251.26 curveto
-97.05 -249.49 -97.2 -248.71 -97.58 -246.73 curveto
-97.95 -244.76 -97.72 -241.86 -97.25 -240.28 curveto
-96.78 -238.69 -96.21 -228.57 -96.21 -228.57 curveto stroke
 0 0.49 dtransform truncate idtransform setlinewidth pop
newpath -96.44 -216.69 moveto
-97.71933 -219.18094 lineto stroke
 0.49 0 dtransform exch truncate exch idtransform pop setlinewidth
newpath -99.80685 -215.4122 moveto
-99.91101 -218.21024 lineto stroke
 0 0.49 dtransform truncate idtransform setlinewidth pop
newpath -103.42264 -215.82167 moveto
-102.85347 -218.56319 lineto stroke
newpath -106.78816 -217.1118 moveto
-105.01187 -219.2762 lineto stroke
newpath -108.68167 -220.04999 moveto
-105.88376 -220.15671 lineto stroke
newpath -109.19945 -223.62462 moveto
-106.4015 -223.51866 lineto stroke
newpath -109.723 -227.14716 moveto
-107.14154 -228.23161 lineto stroke
newpath -109.9595 -230.75221 moveto
-107.1613 -230.85167 lineto stroke
newpath -110.2712 -234.3839 moveto
-107.48653 -234.67618 lineto stroke
newpath -110.63475 -238.01137 moveto
-107.84146 -238.20427 lineto stroke
newpath -110.47803 -241.64598 moveto
-107.6785 -241.5959 lineto stroke
newpath -111.09418 -245.21544 moveto
-108.5603 -246.40675 lineto stroke
newpath -113.53 -247.84996 moveto
-110.92178 -248.86829 lineto stroke
 0 0.7 dtransform truncate idtransform setlinewidth pop
newpath -96.44 -216.69 moveto
-96.44 -216.69 -97.92 -215.93 -98.23 -215.76 curveto
-98.54 -215.6 -99.34 -215.22 -101.55 -215.52 curveto
-103.76 -215.82 -103.87 -215.94 -105.12 -216.25 curveto
-106.36 -216.55 -107.04 -217.31 -108.07 -218.33 curveto
-109.1 -219.34 -108.37 -220.75 -108.98 -221.98 curveto
-109.58 -223.21 -108.71 -225.45 -109.45 -226.63 curveto
-110.18 -227.8 -110.02 -228.76 -109.96 -230.08 curveto
-109.9 -231.4 -110.26 -234.06 -110.59 -237.5 curveto
-110.93 -240.94 -110.15 -240.37 -110.65 -243.64 curveto
-111.15 -246.94 -113.23 -246.92 -113.53 -247.85 curveto stroke
 [1.5 1.5 ] 0 setdash
newpath 93.63 163.91 moveto
93.75 167.14 lineto
95.46 177.74 lineto
95.95 182.45 lineto stroke
showpage
%%EOF
