%!PS
%%BoundingBox: -1307 -646 1307 642 
%%HiResBoundingBox: -1306.56999 -645.5643 1306.23999 641.23715 
%%Creator: MetaPost 1.209
%%CreationDate: 2015.12.07:2306
%%Pages: 1
%%BeginProlog
%%EndProlog
%%Page: 1 1
 0 0 0 setrgbcolor 0 1.4 dtransform truncate idtransform setlinewidth pop
 [] 0 setdash 1 setlinecap 1 setlinejoin 10 setmiterlimit
newpath -1204.58 230.32 moveto
-1205.71 228.12 -1205.72 225.24 -1206.93 222.07 curveto
-1208.14 218.9 -1214.94 210.97 -1216.8 209.23 curveto
-1218.66 207.48 -1229.66 192.67 -1232.43 189.69 curveto
-1235.21 186.71 -1250.38 167.79 -1253.64 165.03 curveto
-1256.91 162.27 -1271.87 137.6 -1273.56 134.29 curveto
-1275.24 130.99 -1287.82 123.57 -1290.16 121.81 curveto
-1292.5 120.04 -1303.45 110.52 -1305.87 107.79 curveto stroke
newpath -1289.46 75.36 moveto
-1284.07 79.15 -1277.5 83.59 -1274.17 84.31 curveto
-1270.83 85.03 -1251.34 87.53 -1246.41 87.35 curveto
-1241.48 87.16 -1231.77 87.63 -1228.8 88.34 curveto
-1225.82 89.05 -1216.96 89.73 -1214.89 88.96 curveto
-1212.82 88.19 -1204.19 88.74 -1201.67 88.71 curveto
-1199.15 88.68 -1192.48 87.12 -1189.88 88.05 curveto
-1187.27 88.99 -1181.02 92.22 -1180.18 92.25 curveto
-1179.34 92.28 -1170.86 93.54 -1168.2 96.28 curveto
-1165.53 99.01 -1161.6 100 -1157.82 104.93 curveto
-1154.03 109.87 -1153.37 114.94 -1148.45 118.24 curveto
-1143.52 121.54 -1139.76 123.83 -1138.4 126.04 curveto
-1137.04 128.26 -1132.16 139.6 -1129.48 141.98 curveto
-1126.81 144.35 -1123.69 151.19 -1122.29 152.32 curveto
-1120.89 153.45 -1114.38 163.05 -1114 165.83 curveto
-1113.62 168.6 -1114.69 171.69 -1114.56 174.58 curveto
-1114.42 177.46 -1113.01 185.2 -1111.67 187.77 curveto
-1110.32 190.34 -1105.18 197.73 -1104.81 200.87 curveto
-1104.44 204 -1105.85 206.47 -1103.58 210.16 curveto stroke
 0 0.7 dtransform truncate idtransform setlinewidth pop
newpath -653.42513 634.23949 moveto
-654.4826 633.76424 -654.04424 631.81569 -655.29039 631.5594 curveto
-656.9073 631.22684 -656.92145 634.91907 -658.75542 634.1462 curveto
-660.74574 633.30743 -657.82439 630.75166 -659.0639 629.70987 curveto
-660.4548 628.54082 -661.46542 631.12347 -662.82303 631.24382 curveto
-664.47626 631.39038 -664.83565 629.11137 -666.19487 628.5005 curveto stroke
newpath -662.88042 632.21915 moveto
-663.3214 632.35938 -663.75174 632.444 -664.12955 632.32535 curveto
-665.71301 631.82808 -665.1729 629.58504 -666.19487 628.5005 curveto
-664.70534 628.5447 -663.50117 630.51268 -662.02988 629.7446 curveto
-661.67882 629.56134 -661.43437 629.19719 -661.22173 628.78622 curveto
 closepath stroke
newpath -662.88042 632.21915 moveto
-663.3214 632.35938 -663.75174 632.444 -664.12955 632.32535 curveto
-665.71301 631.82808 -665.1729 629.58504 -666.19487 628.5005 curveto
-664.70534 628.5447 -663.50117 630.51268 -662.02988 629.7446 curveto
-661.67882 629.56134 -661.43437 629.19719 -661.22173 628.78622 curveto
 closepath fill
 0 1.4 dtransform truncate idtransform setlinewidth pop
newpath -1204.58 230.32 moveto
-1204.58 230.32 -1204.17 245.71 -1201.79 253 curveto
-1199.41 260.3 -1197.16 264.7 -1196.73 272.64 curveto
-1196.29 280.59 -1187.2 288.36 -1184 293.04 curveto
-1180.8 297.72 -1168.39 306.81 -1165.9 317.94 curveto
-1163.42 329.08 -1160.3 335.91 -1158.41 343.43 curveto
-1156.51 350.94 -1162.93 349.03 -1143.28 363.66 curveto
-1123.63 378.28 -1100.71 395.65 -1094.89 400.66 curveto
-1089.07 405.67 -1067.06 427.82 -1043.75 433.94 curveto
-1020.43 440.05 -1011.29 439.66 -1000.56 448.69 curveto
-989.84 457.73 -964.28 481.95 -945.42 485.27 curveto stroke
newpath -883.98 513.87 moveto
-869.16 515.83 -851.91 516.92 -837.62 513.59 curveto
-823.33 510.25 -826.34 507.02 -817.26 515.03 curveto
-808.18 523.04 -798.7 533.46 -790.29 540.01 curveto
-781.88 546.55 -747.93 570.82 -745.66 574.5 curveto
-743.39 578.19 -717.4 596.65 -702.82 598.61 curveto
-688.25 600.57 -656.13 608.92 -649.51 611.8 curveto
-642.89 614.68 -613.18 630.15 -609.89 632.19 curveto
-606.6 634.23 -592.29 643.87 -577.96 639.34 curveto
-563.63 634.82 -553.25 633.27 -542.24 627.66 curveto
-531.23 622.06 -529.13 623.81 -516.36 622.83 curveto
-503.6 621.84 -488.61 619.26 -485.89 616.95 curveto
-483.16 614.65 -468.63 604.6 -465.13 600.64 curveto
-461.63 596.68 -444.46 586.48 -438.91 578.99 curveto
-433.36 571.5 -406.28 552.77 -401.43 544.78 curveto
-396.58 536.79 -382.34 521.44 -378.9 519.16 curveto
-375.46 516.88 -352.91 484.06 -349.54 476.97 curveto
-346.17 469.89 -330.36 437.31 -323.45 432.27 curveto
-316.55 427.23 -305.42 424.99 -296.8 412.09 curveto
-288.17 399.19 -280.44 384.33 -276.56 376.55 curveto
-272.68 368.76 -259.94 341.36 -237.19 342.89 curveto
-214.44 344.42 -184.72 352.7 -177.41 356.56 curveto
-170.1 360.43 -134.67 363.62 -127.23 363.89 curveto
-119.79 364.16 -86.73 373.03 -63.16 358.99 curveto
-39.6 344.95 -34.38 346.81 -25.57 335.36 curveto
-16.75 323.91 6.07 303.83 7.85 294.28 curveto
9.63 284.74 12.22 252.41 11.82 243.26 curveto
11.43 234.12 -3.12 204.3 -11.43 194.88 curveto
-19.74 185.46 -33.74 173.91 -38.3 153.58 curveto
-42.86 133.24 -47.97 115.05 -50.54 113.03 curveto
-53.11 111.02 -52.01 107.22 -53.41 99.24 curveto
-54.8 91.27 -60.94 74.95 -61.77 64.6 curveto
-62.6 54.24 -59.93 26.71 -61.05 17.78 curveto
-62.18 8.86 -65.4 -15.04 -64.41 -22.69 curveto
-63.41 -30.34 -65.67 -54.44 -72.51 -64.78 curveto
-79.35 -75.11 -81.9 -77.6 -84.02 -85.6 curveto
-86.13 -93.6 -87.57 -107.34 -88.76 -107.62 curveto
-89.95 -107.9 -90.96 -113.22 -92.43 -119.28 curveto
-93.89 -125.33 -96.46 -120.62 -95.41 -129.95 curveto
-94.36 -139.27 -92.02 -144.23 -94.72 -156.09 curveto
-97.42 -167.94 -102.19 -182.28 -105.27 -190.07 curveto
-108.35 -197.86 -114.91 -215.63 -115.61 -222.86 curveto
-116.31 -230.09 -121.43 -241.33 -123.44 -245.48 curveto
-125.46 -249.64 -129.07 -256.01 -129.05 -263.7 curveto
-129.02 -271.39 -129.25 -285.57 -123.62 -288.5 curveto
-118 -291.42 -104.95 -287.1 -102.61 -285.33 curveto
-100.27 -283.57 -78.45 -262.13 -71.37 -252.03 curveto
-64.29 -241.93 -51.51 -223.46 -48.47 -221.19 curveto
-45.43 -218.92 -37.68 -213.84 -37.68 -213.84 curveto stroke
newpath -37.68 -213.84 moveto
-32.78 -209.82 -29.9 -203.24 -24.27 -199.43 curveto
-18.64 -195.63 -8.39 -193.34 -2.27 -189.76 curveto
3.84 -186.18 21.3 -177.39 28.52 -171.13 curveto
35.75 -164.86 43.92 -158.33 53.45 -156.07 curveto
62.97 -153.81 69.12 -151.19 72.85 -147.93 curveto
76.58 -144.68 79.86 -142.4 87.29 -142.13 curveto
94.73 -141.87 109.78 -146.37 111.42 -152.08 curveto
113.07 -157.78 111.3 -168.89 109.5 -179.04 curveto
107.7 -189.19 109.3 -213.63 110.32 -215.51 curveto
111.35 -217.4 112.25 -229.13 120.08 -226.45 curveto
127.91 -223.77 128.36 -223.03 130.96 -228.46 curveto
133.56 -233.89 136.08 -237.41 132.85 -241.12 curveto
129.63 -244.84 123.9 -252.73 123.1 -257.08 curveto
122.29 -261.43 121.59 -261.94 122.76 -267.66 curveto
123.92 -273.38 130.1 -284.93 136.81 -291.18 curveto
143.51 -297.42 177.25 -320.97 181.75 -326.09 curveto
186.26 -331.22 196.22 -341.43 192.65 -369.18 curveto
189.07 -396.92 197.85 -407.41 207.97 -421.45 curveto
218.09 -435.49 218.05 -441.25 227.12 -446.21 curveto
236.19 -451.17 232.94 -454.17 247.68 -450.04 curveto
262.42 -445.92 295.74 -437.78 307.49 -430.64 curveto
319.23 -423.5 338.74 -418.48 347.25 -414.57 curveto
355.75 -410.66 387.66 -396.31 396.3 -389.27 curveto
404.94 -382.24 406.21 -377.39 409.65 -379.67 curveto
413.09 -381.94 440.99 -396.31 447.54 -404.97 curveto
454.1 -413.62 468.03 -427.3 473.36 -428.54 curveto
478.69 -429.79 482.53 -429.66 487.93 -426.34 curveto
493.34 -423.02 519.71 -401.18 527.4 -394.42 curveto
535.08 -387.66 547.57 -380.73 557.27 -376.78 curveto
566.98 -372.84 570.64 -360.94 579.09 -362.32 curveto
587.54 -363.71 596.6 -368.67 627.05 -353.65 curveto
657.49 -338.63 662.84 -326.91 670.88 -323.5 curveto
678.92 -320.09 708.15 -304.64 716.61 -299.3 curveto
725.06 -293.95 757.9 -271.88 763.12 -263.53 curveto
768.35 -255.18 797.01 -230.62 805.82 -221.66 curveto
814.62 -212.7 821.57 -205.49 834.93 -196.36 curveto
848.3 -187.24 884.1 -160.98 886.13 -157.31 curveto
888.16 -153.63 907.24 -129.66 912.85 -118.41 curveto
918.45 -107.17 919.39 -106.66 925.56 -98.04 curveto
931.74 -89.42 956.28 -58.06 961.98 -49.69 curveto
967.68 -41.32 979.92 -14.21 984.64 -5.15 curveto
989.36 3.91 1002.77 32.01 1012.4 44.85 curveto
1022.03 57.68 1034.5 71.57 1040.87 74.68 curveto
1047.25 77.79 1047.06 76.34 1063.28 86.04 curveto
1079.51 95.75 1080.82 99.4 1089.77 97.55 curveto
1098.72 95.71 1097.06 95.17 1104.23 89.42 curveto
1111.4 83.68 1113.82 76.32 1119.3 70.99 curveto
1124.77 65.66 1127.68 71.53 1132.52 64.01 curveto
1137.35 56.5 1135.86 51.16 1138.86 47.9 curveto
1141.85 44.65 1144.3 43.53 1148.98 40.1 curveto
1153.67 36.66 1157.97 30.57 1164.21 30.79 curveto
1170.45 31.01 1191.01 33.91 1198.2 34.17 curveto
1205.4 34.42 1231.45 38.23 1241.36 36.67 curveto
1251.26 35.1 1262.12 27.08 1283.82 38.18 curveto stroke
newpath -1103.58 210.16 moveto
-1103.58 210.16 -1092.87 223.03 -1084.99 231 curveto
-1077.11 238.97 -1062.25 246.46 -1060.66 255.65 curveto
-1059.06 264.83 -1066.5 284.74 -1048.62 301.7 curveto
-1030.74 318.67 -1009.73 342.46 -995.83 350.16 curveto
-981.93 357.85 -989.21 353.03 -972.49 362.52 curveto
-955.77 372.01 -955.09 373.24 -950.03 372.7 curveto
-944.96 372.16 -942.32 372.02 -940.46 373.77 curveto
-938.6 375.51 -921.59 376.61 -910.18 379.9 curveto
-898.77 383.19 -874.34 391.74 -867.01 388.16 curveto
-859.67 384.58 -844.96 375.98 -838.75 376.92 curveto
-832.54 377.87 -817.66 378.15 -812 381 curveto
-806.34 383.84 -799.52 381.2 -792.53 380.25 curveto
-785.53 379.29 -747.61 380.16 -740.12 378.74 curveto
-732.62 377.33 -699.73 377.54 -696.66 379.09 curveto
-693.59 380.64 -687.9 389.25 -682.58 395.2 curveto
-677.27 401.16 -662.77 412 -656 417.29 curveto
-649.22 422.58 -633.14 429.4 -629.49 434.81 curveto
-625.84 440.22 -598.99 454.87 -593.35 458.43 curveto
-587.71 461.99 -577.42 469.56 -571.2 470.27 curveto
-564.98 470.97 -553.68 470.65 -551.91 474.8 curveto
-550.14 478.95 -549.26 488.1 -549.05 495.55 curveto
-548.83 503 -549.26 515 -548.13 516.96 curveto
-547 518.92 -548.18 525.12 -542.9 518.59 curveto
-537.63 512.05 -535.54 500.6 -535.23 498.69 curveto
-534.92 496.78 -525.01 481.29 -522.98 478.24 curveto
-520.95 475.19 -512.51 460.85 -507.39 458.63 curveto
-502.27 456.41 -494.39 444.2 -493.52 439.91 curveto
-492.64 435.62 -475.79 387.22 -471.76 382.08 curveto
-467.73 376.94 -467.94 369.25 -464.02 367.23 curveto
-460.11 365.2 -454.39 353.16 -451.52 346.54 curveto
-448.64 339.92 -434.97 320.47 -429.25 314.92 curveto
-423.53 309.36 -408.85 301.72 -403.26 293.03 curveto
-397.66 284.34 -390.89 276.18 -387.41 272.94 curveto
-383.93 269.71 -369.23 254.62 -364.6 252.86 curveto
-359.98 251.11 -312.38 235.99 -303.64 233.42 curveto
-294.9 230.85 -259.43 219.15 -252.84 209.54 curveto
-246.25 199.92 -230.42 187.04 -224.27 189.66 curveto
-218.12 192.28 -196.98 198.79 -190.39 202.63 curveto
-183.8 206.46 -148.02 227.2 -139.25 230.41 curveto
-130.47 233.61 -122.99 239.16 -120.86 239.96 curveto
-118.73 240.76 -117.13 243.22 -113.55 237.1 curveto
-109.97 230.99 -108.16 220.49 -102.6 212.76 curveto
-97.04 205.03 -94.16 198.17 -94.05 195.3 curveto
-93.95 192.42 -90.75 183.41 -89 181.31 curveto
-87.24 179.21 -84.58 151.69 -87.44 144.38 curveto
-90.31 137.07 -101.75 121.29 -103.41 114.03 curveto
-105.08 106.76 -109.12 78.99 -110.06 71.51 curveto
-110.99 64.03 -125.18 24.37 -117.68 2.78 curveto
-110.18 -18.8 -111.83 -46.48 -113.23 -54.46 curveto
-114.62 -62.44 -117.95 -83.45 -121.35 -89.09 curveto
-124.75 -94.73 -135.11 -114.07 -137.16 -117.26 curveto
-139.21 -120.46 -141.27 -129.89 -143.53 -134.05 curveto
-145.78 -138.21 -145.27 -145.88 -146.27 -151.44 curveto
-147.27 -156.99 -157.33 -184.96 -157.32 -198.41 curveto
-157.32 -211.86 -157.86 -216.93 -159.18 -220.1 curveto
-160.51 -223.27 -166.66 -246.05 -165.55 -250.33 curveto
-164.43 -254.62 -162.38 -265.35 -164.84 -270.49 curveto
-167.3 -275.62 -168.88 -285.28 -170.2 -295.66 curveto
-171.52 -306.04 -173.1 -308.74 -173.71 -318.61 curveto
-174.32 -328.49 -179.3 -343.79 -183 -347.53 curveto
-186.71 -351.26 -189.52 -366.73 -190.36 -370.13 curveto
-191.2 -373.52 -195.74 -387.85 -192.83 -388.47 curveto
-189.93 -389.08 -181.1 -387.33 -176.56 -386.69 curveto
-172.02 -386.04 -133.97 -382.28 -129.97 -379.74 curveto
-125.98 -377.2 -108.46 -370.08 -106.45 -365.69 curveto stroke
newpath -1099.71089 231.05925 moveto
-1116.7005 241.43985 lineto
-1097.16814 237.58107 lineto
 closepath fill
newpath -999.97023 448.44374 moveto
-993.07095 429.76736 lineto
-1006.00786 444.90154 lineto
 closepath fill
newpath -941.58237 485.18529 moveto
-935.33884 466.27942 lineto
-947.73996 481.85585 lineto
 closepath fill
newpath -489.22131 521.68411 moveto
-469.33736 520.66829 lineto
-488.34396 514.73932 lineto
 closepath fill
newpath -500.30673 521.89317 moveto
-497.25237 541.56741 lineto
-493.30853 522.05202 lineto
 closepath fill
newpath -502.3975 513.46611 moveto
-522.12204 516.17673 lineto
-502.67842 520.46046 lineto
 closepath fill
newpath -324.49669 424.7319 moveto
-340.64987 413.09242 lineto
-329.52357 429.60327 lineto
 closepath fill
newpath -277.72668 372.6119 moveto
-293.87987 360.97241 lineto
-282.75357 377.48326 lineto
 closepath fill
newpath -492.84035 508.39449 moveto
-495.34413 488.6426 lineto
-499.83138 508.0403 lineto
 closepath fill
newpath -883.98 513.87 moveto
-883.98 513.87 -898.37 506.4 -900 504.9 curveto
-901.62 503.4 -909.17 499.53 -912.96 497.96 curveto
-916.75 496.38 -926.19 491.72 -932.37 489.82 curveto
-938.55 487.92 -945.42 485.27 -945.42 485.27 curveto stroke
 0 0.7 dtransform truncate idtransform setlinewidth pop
newpath -66.77 -91.23 moveto
-137.52 -73.58 lineto stroke
newpath -66.77 -91.23 moveto
-69.48097 -102.09695 lineto stroke
newpath -67.27536 -99.03995 moveto
-69.48097 -102.09695 lineto
-69.99225 -98.36215 lineto stroke
newpath -137.52 -73.58 moveto
-140.23097 -84.44696 lineto stroke
newpath -138.02536 -81.38995 moveto
-140.23097 -84.44696 lineto
-140.74225 -80.71216 lineto stroke
 0 1.4 dtransform truncate idtransform setlinewidth pop
newpath 121.17 -498.78 moveto
121.17 -498.78 120.48 -499.52 118.19 -502.49 curveto
115.89 -505.45 113.29 -506.74 110.61 -512.12 curveto
107.92 -517.5 105.59 -519.5 104.35 -525.31 curveto
103.12 -531.12 104.16 -539.96 103.67 -546.46 curveto
103.19 -552.96 104.51 -556.28 104.95 -562.02 curveto
105.4 -567.77 105.42 -574.97 106.88 -582.37 curveto
108.35 -589.76 107.87 -589.78 111.19 -595.42 curveto
114.52 -601.06 124.58 -613.67 125.32 -614.36 curveto
126.07 -615.06 128.72 -615.44 131.58 -621.34 curveto
134.43 -627.25 135.78 -631.28 139.72 -634.02 curveto
143.66 -636.76 148.31 -639.24 151.98 -641.03 curveto
155.64 -642.82 162.25 -646.18 167.22 -644.32 curveto
172.2 -642.46 171.28 -643.7 176.24 -641.12 curveto
181.19 -638.54 186.87 -636.17 191.1 -633.62 curveto
195.33 -631.06 199.34 -629 200.96 -627.26 curveto
202.58 -625.52 210.28 -619.48 210.28 -619.48 curveto stroke
newpath 109.5553 -540.48299 moveto
129.40315 -542.05371 lineto
110.23837 -547.44957 lineto
 closepath fill
newpath 115.87688 -566.71481 moveto
135.77974 -567.24455 lineto
116.92363 -573.63611 lineto
 closepath fill
 0 0.7 dtransform truncate idtransform setlinewidth pop
newpath 532.71 -368.29 moveto
575.03 -464.3 lineto stroke
newpath 532.71 -368.29 moveto
542.95865 -363.77261 lineto stroke
newpath 539.19127 -363.90314 moveto
542.95865 -363.77261 lineto
540.32066 -366.46545 lineto stroke
newpath 575.03 -464.3 moveto
585.27864 -459.78262 lineto stroke
newpath 581.51126 -459.91315 moveto
585.27864 -459.78262 lineto
582.64066 -462.47546 lineto stroke
newpath 108.51428 -427.71573 moveto
108.47383 -426.55707 106.5041 -426.22672 106.73766 -424.9761 curveto
107.04071 -423.3534 110.46455 -424.7354 110.44193 -422.74535 curveto
110.41736 -420.58568 106.94727 -422.32477 106.45105 -420.78351 curveto
105.89423 -419.05402 108.66725 -419.09415 109.29163 -417.88268 curveto
110.05199 -416.4074 108.07773 -415.21353 108.02573 -413.72427 curveto stroke
newpath 110.21634 -418.19806 moveto
110.51279 -417.84276 110.75374 -417.47629 110.78664 -417.08167 curveto
110.92453 -415.4277 108.6437 -415.08028 108.02573 -413.72427 curveto
107.50385 -415.12007 108.87093 -416.97856 107.6039 -418.05055 curveto
107.30154 -418.30635 106.87206 -418.39508 106.4112 -418.43668 curveto
 closepath stroke
newpath 110.21634 -418.19806 moveto
110.51279 -417.84276 110.75374 -417.47629 110.78664 -417.08167 curveto
110.92453 -415.4277 108.6437 -415.08028 108.02573 -413.72427 curveto
107.50385 -415.12007 108.87093 -416.97856 107.6039 -418.05055 curveto
107.30154 -418.30635 106.87206 -418.39508 106.4112 -418.43668 curveto
 closepath fill
newpath 1097.72224 -100.02933 moveto
1110.09607 -84.43135 lineto
1103.8856 -103.34796 lineto
 closepath fill
newpath 1148.54565 -122.00423 moveto
1155.42862 -103.32198 lineto
1155.43713 -123.23183 lineto
 closepath fill
newpath 1189.1475 -130.07614 moveto
1194.61037 -110.93013 lineto
1196.11174 -130.78357 lineto
 closepath fill
 0 1.4 dtransform truncate idtransform setlinewidth pop
newpath -106.45 -365.69 moveto
-106.45 -365.69 -95.33 -347.51 -92.52 -345.25 curveto
-89.72 -342.99 -80.67 -327.52 -80.67 -327.52 curveto stroke
newpath 137.04445 -235.53145 moveto
117.3519 -238.46574 lineto
134.81175 -228.89705 lineto
 closepath fill
newpath -80.67 -327.52 moveto
-78.13 -324.55 -55 -306.9 -53.5 -301.81 curveto
-52 -296.71 -50.6 -288.98 -46.93 -284.04 curveto
-43.27 -279.11 -29.76 -267.58 -27.7 -264.63 curveto
-25.65 -261.67 -18.91 -248.47 -15.6 -247.15 curveto
-12.28 -245.84 0.38 -230.5 5.45 -224.55 curveto
10.52 -218.6 19.04 -214.94 22.36 -213.86 curveto
25.69 -212.78 34.99 -204.28 37.52 -201.07 curveto
40.05 -197.86 49.67 -191.51 56.63 -191.5 curveto
63.6 -191.49 63.45 -187.41 66.77 -206.26 curveto
70.08 -225.11 71.92 -222.65 71.22 -230.12 curveto
70.53 -237.59 73.75 -247.08 74.45 -253.29 curveto
75.15 -259.51 79.98 -280.23 81.85 -285.69 curveto
83.73 -291.14 85.44 -305.49 92.71 -314.36 curveto
99.99 -323.23 107.22 -344.11 109.91 -352.19 curveto
112.6 -360.26 119.14 -382.37 119.98 -392.43 curveto
120.82 -402.49 121.75 -428.4 121.54 -435.86 curveto
121.33 -443.31 124.47 -450.64 121.95 -460.58 curveto
119.43 -470.51 119.37 -482.04 119.59 -488.27 curveto
119.82 -494.51 121.17 -498.78 121.17 -498.78 curveto stroke
newpath 210.28 -619.48 moveto
216.57 -613.97 226.67 -607.61 229.35 -601.99 curveto
232.03 -596.37 241.44 -577.54 243.93 -573.36 curveto
246.42 -569.19 250.41 -566.65 254.46 -559.06 curveto
258.51 -551.47 261.04 -541.77 264.24 -537.1 curveto
267.43 -532.42 271.03 -525.81 285.02 -520.99 curveto
299.01 -516.18 319.66 -509.21 321.78 -508.17 curveto
323.9 -507.14 338.24 -498.47 345.34 -502.3 curveto
352.45 -506.13 355.8 -512.25 360.51 -516.4 curveto
365.23 -520.55 378.6 -531.59 384.26 -535.47 curveto
389.92 -539.35 403.15 -539.84 409.64 -540.08 curveto
416.13 -540.33 436.11 -542.02 440.11 -533 curveto
444.11 -523.97 446.67 -508.27 456.83 -503.59 curveto
466.98 -498.91 483.41 -488 490.26 -484.63 curveto
497.1 -481.26 501.47 -475.82 507.48 -469.12 curveto
513.49 -462.42 518.06 -456.01 522.52 -453.21 curveto
526.99 -450.41 545.37 -447.11 556.75 -443.1 curveto
568.13 -439.09 591.22 -433.23 600.53 -431.69 curveto
609.85 -430.16 635.54 -423.24 641.02 -422.08 curveto
646.5 -420.92 674.21 -403.36 677.52 -388.35 curveto
680.83 -373.34 679.81 -365.21 693.07 -352.97 curveto
706.32 -340.73 713.27 -333.52 719.24 -325.86 curveto
725.21 -318.2 741.54 -304.89 745.68 -299.7 curveto
749.82 -294.51 757.98 -281.01 767.88 -275.85 curveto
777.79 -270.69 790.08 -265.21 794.84 -257.35 curveto
799.61 -249.5 808.17 -247.27 815.41 -234.76 curveto
822.65 -222.26 847.93 -210.55 851.67 -207.77 curveto
855.41 -205 878.9 -190.23 883.72 -183.81 curveto
888.53 -177.4 896.89 -169.41 898.07 -168.65 curveto
899.24 -167.89 898.46 -172.96 899.48 -174.6 curveto
900.5 -176.25 908.1 -180.54 909.28 -173.29 curveto
910.46 -166.05 910.45 -159.08 913.94 -155.83 curveto
917.43 -152.59 926.42 -142.18 930.84 -138.18 curveto
935.26 -134.18 948.51 -121.94 953.12 -116.73 curveto
957.73 -111.53 993.63 -81.93 994.73 -79.25 curveto
995.84 -76.57 1006.34 -61.31 1008.39 -58.11 curveto
1010.44 -54.91 1016.5 -15.78 1039.91 -46.16 curveto
1063.32 -76.54 1071.35 -86.1 1073.68 -90.82 curveto
1076 -95.54 1115.24 -138.57 1121.02 -138.85 curveto
1126.79 -139.13 1149.34 -138.57 1154.6 -137.91 curveto
1159.86 -137.24 1186.96 -136.05 1188.82 -134.3 curveto
1190.68 -132.55 1205.99 -130.57 1216.26 -135.73 curveto
1226.53 -140.89 1247.62 -146.14 1250.43 -144.12 curveto
1253.24 -142.1 1253.14 -139.46 1251 -126.33 curveto
1248.85 -113.2 1241.03 -95.95 1245.99 -86.64 curveto
1250.94 -77.34 1239.77 -73.9 1268.04 -64.96 curveto
1296.3 -56.02 1301.99 -47.17 1305.54 -45.6 curveto stroke
showpage
%%EOF
