%!PS
%%BoundingBox: -261 -321 270 356 
%%HiResBoundingBox: -260.42 -320.93 269.035 355.74501 
%%Creator: MetaPost 1.209
%%CreationDate: 2015.12.07:2306
%%Pages: 1
%%BeginProlog
%%EndProlog
%%Page: 1 1
 0 0 0 setrgbcolor 0 1.4 dtransform truncate idtransform setlinewidth pop
 [] 0 setdash 1 setlinecap 1 setlinejoin 10 setmiterlimit
newpath 179.23 171.31 moveto
182.43 173.02 187.3 174.43 190.79 175.09 curveto
194.13 175.71 198.07 175.68 198.89 177.17 curveto
199.71 178.66 200.63 179.43 200.85 180.21 curveto
201.07 181 200.94 181.61 200.94 181.61 curveto stroke
newpath 200.94 181.61 moveto
206.4 180.35 lineto
206.4 180.35 212.31 179.91 215.84 184.51 curveto
219.32 189.04 220.31 194.04 218.93 198.21 curveto
217.56 202.37 216.97 204.07 216.97 204.07 curveto stroke
newpath 195.83 191.72 moveto
195.06 196.17 lineto
195.06 196.17 194.05 204.08 193.75 209.38 curveto
193.46 214.55 200.34 213.41 200.34 213.41 curveto
200.34 213.41 212.29 210.05 209.83 211.2 curveto stroke
 [12 12 ] 0 setdash
newpath 166.1 212.48 moveto
166.1 212.48 167.72 220.08 167.2 221.03 curveto
166.68 221.98 166.3 225.61 166.66 229.04 curveto stroke
 [] 0 setdash
newpath 195.83 191.72 moveto
192.59 193.4 189.5 195.22 188.69 195.61 curveto
187.89 196 179.99 197.85 177.49 198.22 curveto
175 198.59 171.32 198.34 170.06 201.1 curveto
168.81 203.86 168.58 205.32 167.47 207.65 curveto
166.36 209.98 166.22 210.59 166.1 212.48 curveto stroke
 1.4 0 dtransform exch truncate exch idtransform pop setlinewidth
 [12 12 ] 0 setdash
newpath 159.07 229.61 moveto
158.14 228.59 158.62 222.77 158.62 222.77 curveto
159.37 214.32 lineto stroke
 0 1.4 dtransform truncate idtransform setlinewidth pop [] 0 setdash
newpath 159.37 214.32 moveto
159.12 212.84 158.26 203 158.16 201.09 curveto
158.06 199.19 157.08 191.33 156.79 189.62 curveto
156.5 187.9 156.15 177.51 156.09 175.87 curveto stroke
newpath -95.75 -263.28 moveto
-96.01 -264.06 -97.03 -268.06 -97.03 -268.06 curveto
-97.03 -268.06 -98.39 -268.65 -98.99 -267.81 curveto
-99.58 -266.96 -101.43 -266.9 -100.09 -264.71 curveto
-99.26 -263.37 -98.56 -259.74 -98.56 -259.74 curveto
-96.25 -256.94 lineto
-96.25 -256.94 -95.43 -258.03 -95.11 -258.77 curveto
-94.79 -259.51 -95.57 -262.74 -95.75 -263.28 curveto closepath stroke
newpath -93.41 -257.28 moveto
-93.41 -257.28 -91.26 -263.23 -90.01 -264.43 curveto
-88.76 -265.62 -87.66 -267.2 -87.66 -267.2 curveto
-92.42 -269.15 lineto
-92.42 -269.15 -94.92 -269.55 -94.67 -267.03 curveto
-94.41 -264.46 -93.41 -257.28 -93.41 -257.28 curveto closepath stroke
newpath -82.74 -243.4 moveto
-82.74 -243.4 -74.25 -247.93 -72.76 -248.94 curveto
-71.27 -249.95 -68.54 -251.99 -69.82 -255.3 curveto
-71.1 -258.62 -72.45 -259.83 -74.3 -261.63 curveto
-76.25 -263.55 -79.98 -266.67 -83.91 -263.76 curveto
-87.88 -260.82 -89.04 -259.28 -89.99 -258.58 curveto
-90.95 -257.89 -92.51 -251.94 -92.18 -250.83 curveto
-91.85 -249.72 -88.83 -244.4 -87.18 -243.6 curveto
-85.53 -242.81 -82.74 -243.4 -82.74 -243.4 curveto closepath stroke
newpath -154.86 -220.54 moveto
-157.51 -217.88 -156.73 -218.54 -158.53 -217.24 curveto
-160.33 -215.95 -161.05 -212.89 -159.58 -208.05 curveto
-158.1 -203.17 -151.96 -203.31 -149.5 -199.46 curveto
-146.91 -195.41 -146.68 -190.39 -150.29 -190.14 curveto
-153.86 -189.89 -157.46 -187.97 -157.25 -185.39 curveto
-157.04 -182.73 -161.92 -181.23 -149.68 -172.66 curveto
-140.24 -166.06 -135.58 -169.84 -135.58 -169.84 curveto
-135.58 -169.84 -128.84 -175.07 -127.21 -179.57 curveto
-125.58 -184.04 -120.89 -197.57 -118.59 -200.35 curveto
-116.3 -203.12 -116.23 -204.56 -115.34 -208.11 curveto
-114.45 -211.67 -114.05 -220.29 -117.05 -228.84 curveto
-120.05 -237.38 -114.63 -243.34 -111.28 -249.58 curveto
-107.94 -255.8 -107.33 -269.3 -106.66 -273.45 curveto
-106 -277.59 -111.95 -274.98 -115.58 -275.9 curveto
-119.23 -276.82 -123.77 -277.33 -127.75 -272.33 curveto
-131.65 -267.43 -128.67 -270.5 -129.93 -266.03 curveto
-131.19 -261.55 -136.19 -253.1 -139.39 -250.01 curveto
-142.57 -246.94 -144.75 -244.94 -147.24 -233.5 curveto
-149.75 -221.99 -152.2 -223.2 -154.86 -220.54 curveto closepath stroke
newpath -64.64 -232.34 moveto
-62.91 -233.46 -61.73 -235.57 -61.73 -235.57 curveto
-64.06 -244.93 lineto
-64.06 -244.93 -66.11 -244.79 -68.18 -244.04 curveto
-70.25 -243.3 -72.51 -241.13 -74.76 -239.19 curveto
-77.01 -237.25 -77.89 -233.57 -78.06 -232.5 curveto
-78.23 -231.43 -76.15 -231.94 -74.2 -230.04 curveto
-72.24 -228.14 -69.9 -229.82 -69.9 -229.82 curveto
-64.64 -232.34 lineto stroke
newpath 156.09 175.87 moveto
156.03 174.23 155.39 161.75 155.54 159.16 curveto
155.7 156.57 156.2 155.26 155.81 152.6 curveto
155.43 149.94 154.22 142.44 155.74 140.36 curveto
157.26 138.28 160.21 133.87 160.71 131.88 curveto
161.21 129.9 162.8 125.99 162.8 124.95 curveto
162.81 123.91 162.08 120.94 164.37 117.97 curveto
166.66 114.99 167.34 115.14 167.73 114.35 curveto
168.12 113.55 169.37 114.39 168.6 110.31 curveto
167.82 106.23 166.16 101.5 165.58 99.03 curveto
165 96.58 162.78 87.84 162.52 85.78 curveto
162.26 83.73 162.27 80.05 162.11 79.02 curveto
161.95 77.99 160.52 69.2 160.92 67.41 curveto
161.31 65.61 162.65 59.49 164.33 57.48 curveto
166.02 55.46 165.01 51.56 166.08 49.83 curveto
167.15 48.1 170.11 45.75 169.65 42.28 curveto
169.19 38.82 168.05 30.75 168.01 29.9 curveto
167.97 29.05 168.87 24.23 169.63 22.61 curveto
170.4 21 172.96 9.35 173.53 7.68 curveto
174.09 6 174.59 -3.45 175.59 -5.72 curveto
176.58 -8 178.75 -12.12 179.23 -16.57 curveto
179.71 -21.02 180.77 -24.38 181.7 -26.85 curveto
182.64 -29.32 183.8 -33.73 183.65 -35.01 curveto
183.5 -36.29 181.93 -39.12 181.05 -42.25 curveto
180.16 -45.37 178.07 -52.64 176.09 -55.78 curveto
174.11 -58.91 168.36 -68.02 167.56 -70.22 curveto
166.75 -72.42 163.81 -81.28 164.64 -86.09 curveto
165.48 -90.9 166.19 -103.79 166.35 -105.42 curveto
166.51 -107.06 166.4 -114.35 166.55 -117.57 curveto
166.7 -120.79 167.16 -133.42 166.75 -136.04 curveto
166.35 -138.66 165.84 -150 165.53 -151.71 curveto
165.22 -153.42 164.77 -158.58 164.61 -159.43 curveto
164.46 -160.29 163.67 -162.3 162.94 -162.14 curveto
162.21 -161.98 159.99 -160.1 159.42 -159.09 curveto
158.85 -158.08 157 -154.45 156.62 -153.79 curveto
156.24 -153.14 155.71 -149.83 153.94 -149.28 curveto
152.17 -148.72 149.28 -149.28 148.58 -150.39 curveto
147.89 -151.49 145.92 -152.57 147.23 -155.91 curveto
148.54 -159.26 149.16 -159.9 149.83 -162.42 curveto
150.5 -164.94 149.48 -165.14 150.52 -168.32 curveto
151.57 -171.48 152.73 -175.07 153.11 -176.14 curveto
153.5 -177.21 155.53 -178.71 155.76 -182.8 curveto
155.98 -186.9 154.69 -190.9 150.5 -194.82 curveto
146.3 -198.76 143 -201.32 141.25 -202.22 curveto
139.49 -203.13 134.39 -208.68 133.91 -209.63 curveto
133.44 -210.58 131.25 -212.38 131.25 -212.38 curveto
131.25 -212.38 120.48 -209.83 120.05 -209.67 curveto
119.61 -209.52 112.63 -207.31 107.58 -209.85 curveto
102.57 -212.38 102.91 -211.24 100.25 -216.19 curveto stroke
newpath 55.06 -243.94 moveto
55.95 -244.52 54.48 -247.09 55.31 -248.74 curveto
55.82 -249.76 58.5 -252.66 58.5 -252.66 curveto
58.5 -252.66 60.45 -256.03 61.61 -257.05 curveto
62.78 -258.08 63.18 -260.81 64.55 -264.22 curveto
65.94 -267.67 66.41 -267.59 65.63 -269.1 curveto
64.85 -270.6 63.08 -270.69 63.08 -270.69 curveto
63.08 -270.69 62.16 -270.74 60.81 -270.75 curveto
59.46 -270.76 59.2 -270.47 57.95 -269.14 curveto
56.71 -267.82 56.99 -268.34 56.16 -266.95 curveto
55.33 -265.57 54.49 -264.39 54.35 -264.17 curveto
54.21 -263.95 51.54 -260.89 51.54 -260.89 curveto
51.54 -260.89 50.24 -257.78 50.22 -257.5 curveto
50.2 -257.22 48.25 -252.02 48.7 -249.97 curveto
49.16 -247.86 49.6 -247.29 50.35 -246.71 curveto
51.11 -246.13 51.81 -245.55 52.5 -244.9 curveto
53.2 -244.26 54.71 -243.7 55.06 -243.94 curveto closepath stroke
newpath 62.35 -239.91 moveto
56.6 -237.68 53.02 -229.96 53.02 -229.96 curveto
53.02 -229.96 51.74 -200.87 52.71 -195.77 curveto
53.68 -190.68 53.02 -175.84 50.56 -169.22 curveto
48.1 -162.6 46.07 -155.22 49.63 -149.29 curveto
53.2 -143.36 52.52 -139.08 50.06 -126.96 curveto
47.59 -114.82 40.38 -108.9 36.85 -94.64 curveto
33.32 -80.39 42.5 -76.14 44.99 -72.9 curveto
47.49 -69.67 45.11 -64.74 51.7 -61.79 curveto
58.29 -58.85 60.53 -50.1 59.43 -47.03 curveto
58.33 -43.95 59.5 -37.89 60.93 -26.77 curveto
62.35 -15.65 69.29 -15.13 74.62 -15.8 curveto
84.31 -17.02 89.86 -17 98.36 -8.71 curveto
106.97 -0.31 106.62 22.71 107.83 28.79 curveto
109.04 34.88 105.6 60.58 105.6 60.58 curveto stroke
newpath 77.62 -223.55 moveto
77.62 -223.55 78.33 -228.24 79.36 -230.36 curveto
81.63 -235.01 82.2 -235.05 82.9 -239.15 curveto
83.6 -243.26 81.78 -244.42 81.14 -246.64 curveto
80.86 -247.61 80.31 -248.61 80.11 -249.37 curveto
79.25 -252.51 79.04 -251.13 75.94 -248.84 curveto
73.68 -247.18 74.07 -247.41 72.76 -246.68 curveto
70.61 -245.48 68.48 -243.83 68.48 -243.83 curveto
62.35 -239.91 lineto stroke
 [12 12 ] 0 setdash
newpath -98.15 -221.13 moveto
-98.15 -221.13 -92.61 -219 -87.68 -216.48 curveto
-82.76 -213.97 -81.43 -211.4 -79.21 -209.89 curveto
-76.98 -208.37 -72.57 -203.33 -68.68 -202.6 curveto
-64.78 -201.88 -62.14 -200.36 -60.97 -198.19 curveto
-59.81 -196.01 -57.96 -188.82 -57.96 -188.82 curveto stroke
newpath -91.07 -234.77 moveto
-91.07 -234.77 -90.65 -233.31 -87.56 -229.93 curveto
-84.46 -226.53 -88.13 -227.9 -82.47 -225.24 curveto
-76.81 -222.57 -75.83 -222.9 -71.49 -220.54 curveto
-67.15 -218.19 -66.33 -217.67 -63.62 -216.35 curveto
-60.9 -215.04 -56.48 -215.07 -54.27 -213.18 curveto
-52.06 -211.29 -48.07 -209.31 -45.76 -206.82 curveto
-43.44 -204.33 -40.56 -202.27 -38.74 -199.63 curveto
-36.92 -196.98 -36.42 -197.68 -36.61 -196.19 curveto
-36.79 -194.72 -38.97 -194.68 -39.49 -192.88 curveto
-40.01 -191.08 -40.03 -189.26 -40.03 -189.26 curveto stroke
 [] 0 setdash
newpath 190.27 -158.83 moveto
185.53 -158.91 185.07 -160.14 183.91 -158.66 curveto
182.74 -157.17 181.86 -155.73 181.76 -154.21 curveto
181.67 -152.69 182.26 -150.18 182.43 -147.81 curveto
182.61 -145.44 183.15 -141.24 183.3 -140.08 curveto
183.44 -138.93 184.99 -133.91 185.24 -132.08 curveto
185.49 -130.26 188.69 -125.98 188.74 -123.74 curveto
188.8 -121.49 189.15 -119.06 189.41 -117.78 curveto
189.68 -116.5 192.24 -110.27 192.27 -108.76 curveto
192.3 -107.25 195.37 -100.83 195.33 -98.71 curveto
195.28 -96.6 195.12 -94.36 194.38 -91.05 curveto
193.65 -87.74 194.07 -87.37 192.97 -84.37 curveto
191.88 -81.37 192.09 -79.43 192.04 -77.13 curveto
191.99 -74.83 193.32 -68.99 193.59 -67.54 curveto
193.87 -66.08 195.59 -64.16 195.17 -61.92 curveto
194.75 -59.68 195.1 -59.25 194.24 -56.6 curveto
193.38 -53.95 192.48 -52.1 192.43 -50.34 curveto
192.38 -48.58 192.66 -45.12 193.34 -41.22 curveto
194.02 -37.32 196.83 -32.54 195.31 -25.81 curveto
194.94 -24.19 193.36 -19.79 193.05 -19.19 curveto
192.74 -18.6 188.95 -10.29 188.95 -5.89 curveto
188.95 -1.5 190.83 7.46 191.17 9.1 curveto
191.51 10.74 193.83 19.69 192.99 23.01 curveto
192.15 26.33 191.69 28.28 188.98 33.09 curveto
186.28 37.89 184.55 39.06 183.1 41.75 curveto
181.64 44.44 180.52 45.75 180.23 50.34 curveto
179.95 54.93 179.82 57.78 179.51 60.55 curveto
179.2 63.33 178.51 72.95 179.31 78.45 curveto
180.1 83.96 179.97 84.86 179.66 89.45 curveto
179.35 94.06 178.65 102.35 178.95 106.01 curveto
179.26 109.65 179.11 111.67 179.57 114.07 curveto
180.02 116.46 181.15 125.21 181.27 128.7 curveto
181.4 132.19 180.79 139.52 178.1 144.89 curveto
175.4 150.28 177.36 148.83 177.03 154.3 curveto
176.69 159.86 176.21 158.3 176.58 163.24 curveto
176.95 168.08 176.06 169.63 179.23 171.31 curveto stroke
newpath -123.9539 -174.44022 moveto
-137.14015 -159.5227 lineto
-119.60582 -168.95438 lineto
 closepath fill
newpath -126.67389 -178.17021 moveto
-139.86014 -163.2527 lineto
-122.3258 -172.68437 lineto
 closepath fill
newpath -106.64851 -201.38289 moveto
-113.629 -220.0289 lineto
-113.5335 -200.11931 lineto
 closepath fill
newpath -100.04851 -200.27289 moveto
-107.02899 -218.9189 lineto
-106.93349 -199.00931 lineto
 closepath fill
 0 0.7 dtransform truncate idtransform setlinewidth pop
newpath -224.32906 -280.50237 moveto
-225.31633 -282.60042 -222.11452 -284.98877 -223.67328 -286.99991 curveto
-225.69582 -289.60942 -230.52289 -284.02098 -232.30193 -287.58165 curveto
-234.2326 -291.4458 -226.46999 -291.52461 -226.99629 -294.7199 curveto
-227.58687 -298.30547 -232.48296 -295.69896 -234.7012 -297.2832 curveto
-237.40244 -299.21239 -234.98195 -303.14091 -236.25093 -305.83763 curveto
 stroke
newpath -236.05775 -295.87682 moveto
-236.90993 -296.23781 -237.67358 -296.66942 -238.09286 -297.34134 curveto
-239.85019 -300.15741 -236.11057 -302.86057 -236.25093 -305.83763 curveto
-234.04654 -303.83182 -234.77936 -299.27608 -231.54547 -298.5275 curveto
-230.7738 -298.34888 -229.92868 -298.5837 -229.07086 -298.931 curveto
 closepath stroke
newpath -236.05775 -295.87682 moveto
-236.90993 -296.23781 -237.67358 -296.66942 -238.09286 -297.34134 curveto
-239.85019 -300.15741 -236.11057 -302.86057 -236.25093 -305.83763 curveto
-234.04654 -303.83182 -234.77936 -299.27608 -231.54547 -298.5275 curveto
-230.7738 -298.34888 -229.92868 -298.5837 -229.07086 -298.931 curveto
 closepath fill
newpath -234.48953 -305.25618 moveto
-234.98317 -306.3052 -233.38228 -307.49939 -234.16165 -308.50496 curveto
-235.17291 -309.80971 -237.58646 -307.01549 -238.47597 -308.79582 curveto
-239.44131 -310.7279 -235.56 -310.7673 -235.82315 -312.36494 curveto
-236.11844 -314.15771 -238.56648 -312.85448 -239.6756 -313.6466 curveto
-241.02623 -314.61118 -239.81598 -316.57545 -240.45047 -317.92381 curveto
 stroke
newpath -240.35388 -312.9434 moveto
-240.77997 -313.12392 -241.16179 -313.3397 -241.37143 -313.67567 curveto
-242.2501 -315.08371 -240.38028 -316.43529 -240.45047 -317.92381 curveto
-239.34827 -316.92091 -239.71469 -314.64305 -238.09775 -314.26875 curveto
-237.71191 -314.17943 -237.28935 -314.29684 -236.86043 -314.47049 curveto
 closepath stroke
newpath -240.35388 -312.9434 moveto
-240.77997 -313.12392 -241.16179 -313.3397 -241.37143 -313.67567 curveto
-242.2501 -315.08371 -240.38028 -316.43529 -240.45047 -317.92381 curveto
-239.34827 -316.92091 -239.71469 -314.64305 -238.09775 -314.26875 curveto
-237.71191 -314.17943 -237.28935 -314.29684 -236.86043 -314.47049 curveto
 closepath fill
newpath -169.75237 -177.93776 moveto
-152.66382 -167.72072 lineto
-165.15999 -183.22078 lineto
 closepath fill
newpath -167.1798 -180.21022 moveto
-150.36475 -169.54932 lineto
-162.4507 -185.37114 lineto
 closepath fill
newpath -171.3898 -175.16022 moveto
-154.57475 -164.49931 lineto
-166.6607 -180.32114 lineto
 closepath fill
newpath -125.06502 -176.11296 moveto
-138.58623 -161.49857 lineto
-120.84254 -170.52992 lineto
 closepath fill
 0 1.4 dtransform truncate idtransform setlinewidth pop
newpath -235.1 -320.23 moveto
-234.92 -319.74 -233.01 -314.47 -232.86 -312.79 curveto
-232.71 -311.1 -232.51 -305.5 -231.07 -302.97 curveto
-229.63 -300.46 -219.55 -283.06 -219.16 -282.2 curveto
-218.77 -281.34 -204.15 -251.67 -203.37 -249.28 curveto
-202.59 -246.88 -201.11 -241.96 -198.47 -238.23 curveto
-195.85 -234.54 -193.93 -234.35 -191.78 -233.72 curveto
-189.61 -233.07 -179.92 -233.33 -177.86 -233.9 curveto
-175.85 -234.45 -170.4 -233.93 -164.89 -246.61 curveto
-163.31 -250.25 -160.76 -255.66 -159.43 -257.3 curveto
-158.1 -258.95 -154.38 -262.64 -153.57 -264.73 curveto
-152.75 -266.83 -151.48 -269.43 -150.45 -271.15 curveto
-149.42 -272.87 -144.56 -284.57 -141.97 -286.31 curveto
-139.38 -288.05 -136.48 -295.05 -131.58 -295.74 curveto
-126.66 -296.42 -119.09 -296.26 -117.57 -295.7 curveto
-116.05 -295.14 -109.57 -290.78 -105.4 -291.4 curveto
-104.54 -291.53 -97.39 -287.15 -93.64 -287.83 curveto
-89.88 -288.5 -86.02 -284.44 -85.23 -284.33 curveto
-84.45 -284.22 -78.6 -282.59 -75.05 -282 curveto
-71.5 -281.42 -66.59 -280.43 -63.94 -280.16 curveto
-61.29 -279.89 -57.35 -279.17 -53.95 -280.05 curveto
-50.26 -281.02 -49.94 -281.72 -48.87 -282.72 curveto
-47.81 -283.72 -46.17 -287.21 -41.69 -287.45 curveto
-37.12 -287.7 -27.88 -288.38 -23.04 -289.44 curveto
-18.38 -290.47 -10.46 -292.37 -8.97 -292.73 curveto
-7.51 -293.07 -2.87 -292.94 -2.1 -292.84 curveto
-1.34 -292.73 4.51 -292.56 6.13 -293.18 curveto
7.75 -293.8 23.6 -297.33 25.22 -298.14 curveto
26.83 -298.96 42.01 -306.63 43.84 -306.78 curveto
45.66 -306.93 58.63 -307.41 61.88 -306.57 curveto
65.13 -305.73 83.09 -293.88 83.98 -292.23 curveto
86.69 -287.24 88.45 -276.66 96.74 -276.07 curveto
106.02 -275.41 115.61 -273.85 117.05 -270.36 curveto
118.5 -266.85 118.48 -261.73 120.39 -259.62 curveto
122.29 -257.52 126.53 -252.59 127.92 -251.47 curveto
129.31 -250.36 135.66 -246.74 136.78 -246.02 curveto
137.89 -245.29 140.66 -243.71 140.74 -239.54 curveto
140.76 -238.76 140.63 -235.56 140.78 -235.52 curveto
140.93 -235.48 140.87 -235.5 141.85 -235.92 curveto
142.86 -236.35 146.68 -237.2 147.62 -237.13 curveto
148.55 -237.06 149.47 -236.41 150.77 -235.97 curveto
152.05 -235.52 163.57 -234.44 164.22 -234.08 curveto
164.87 -233.71 170.04 -229.9 170.35 -229.53 curveto
170.66 -229.16 174.32 -228.32 175.18 -223.01 curveto
176.05 -217.67 177.25 -213.2 177.37 -212.23 curveto
177.49 -211.26 180.7 -209.16 181.15 -208 curveto
181.59 -206.83 183.18 -201.6 183.03 -200.57 curveto
182.87 -199.55 182.37 -198.81 183.08 -196.73 curveto
183.79 -194.65 182.86 -192.08 184.9 -189.49 curveto
186.94 -186.89 189.13 -185.5 190.8 -184.49 curveto
192.46 -183.47 194.05 -182.28 194.77 -181.77 curveto
195.48 -181.27 198.35 -180.34 198.61 -178.7 curveto
198.86 -177.06 198.77 -178.21 198.91 -174.11 curveto
199.05 -170 199.75 -168.96 200.74 -167.54 curveto stroke
newpath 83.82 62.45 moveto
84.34 61.51 82.81 58.32 73.62 38.21 curveto
64.43 18.09 68.97 24.06 61.5 24.95 curveto
54.04 25.84 54.16 17.17 50.31 11.7 curveto
46.46 6.23 46.35 -28.63 44.28 -36.18 curveto
42.22 -43.73 44.5 -40.98 32.53 -41.77 curveto
20.57 -42.56 27.76 -52.58 19.74 -66.37 curveto
11.71 -80.16 17.61 -94.06 19.9 -97.08 curveto
22.2 -100.1 24.7 -112.97 29.82 -125.47 curveto
34.94 -137.98 31.49 -135.97 30.44 -144.19 curveto
29.38 -152.4 25.29 -162.67 27.33 -170.75 curveto
29.36 -178.84 32.84 -202.48 33.03 -206.55 curveto
33.21 -210.63 30.63 -233.32 27.43 -237.07 curveto stroke
newpath 105.6 60.58 moveto
105.6 60.58 102.32 73.62 103.15 76.78 curveto
103.97 79.95 105.05 83.91 106.53 92.72 curveto
108.08 101.96 105.47 109.16 109.73 117.13 curveto
114.24 125.56 107.02 135.22 107.33 139.06 curveto
107.63 142.84 112.03 148.52 110.97 153.78 curveto
109.91 158.98 112.87 161.33 103.96 163.55 curveto
95.03 165.77 93.9 155.83 92.29 152.8 curveto
90.65 149.73 88.57 132.75 85.93 125.72 curveto
83.41 118.97 82.91 100.98 82.9 83.07 curveto
82.89 65.29 83.82 62.45 83.82 62.45 curveto stroke
 0 0.49 dtransform truncate idtransform setlinewidth pop
newpath 268.79 355.5 moveto
267.66634 352.96037 265.38564 351.08546 262.63998 350.73001 curveto
259.6494 350.34285 256.73834 348.79123 256.48997 345.95998 curveto
256.19577 342.60612 253.24158 340.15138 250.34001 341.18999 curveto
247.44861 342.22495 246.40596 338.13873 244.19 336.42 curveto
244.19 336.42 lineto stroke
newpath 248.41325 343.21442 moveto
248.29314 343.19792 248.1708 343.18652 248.04642 343.18042 curveto
244.97905 343.03008 245.57953 338.85591 244.19 336.42 curveto
244.19 336.42 lineto
244.19 336.42 lineto
246.89502 337.15987 249.42204 340.536 251.69727 338.47333 curveto
251.78955 338.38965 251.88411 338.31123 251.9807 338.23795 curveto
 closepath stroke
newpath 248.41325 343.21442 moveto
248.29314 343.19792 248.1708 343.18652 248.04642 343.18042 curveto
244.97905 343.03008 245.57953 338.85591 244.19 336.42 curveto
244.19 336.42 lineto
244.19 336.42 lineto
246.89502 337.15987 249.42204 340.536 251.69727 338.47333 curveto
251.78955 338.38965 251.88411 338.31123 251.9807 338.23795 curveto
 closepath fill
newpath 205.23 307.97 moveto
205.50237 304.4253 201.73216 302.05762 198.8175 303.87498 curveto
196.32254 305.43066 193.16481 303.21002 192.40498 299.77998 curveto
191.79881 297.04361 188.91992 295.62741 185.9925 295.685 curveto
183.31192 295.73773 181.7833 292.997 179.58 291.59 curveto
179.58 291.59 lineto stroke
newpath 184.35942 298.00543 moveto
184.22054 297.94247 184.07971 297.88303 183.93721 297.82726 curveto
181.44052 296.85016 181.07712 293.73306 179.58 291.59 curveto
179.58 291.59 lineto
179.58 291.59 lineto
182.15402 292.04669 184.61511 293.9938 187.07146 292.91927 curveto
187.21164 292.85794 187.35326 292.80038 187.49599 292.7467 curveto
 closepath stroke
newpath 184.35942 298.00543 moveto
184.22054 297.94247 184.07971 297.88303 183.93721 297.82726 curveto
181.44052 296.85016 181.07712 293.73306 179.58 291.59 curveto
179.58 291.59 lineto
179.58 291.59 lineto
182.15402 292.04669 184.61511 293.9938 187.07146 292.91927 curveto
187.21164 292.85794 187.35326 292.80038 187.49599 292.7467 curveto
 closepath fill
newpath 115.19 247.31 moveto
116.7661 244.10565 116.35567 240.39081 113.6125 240.02748 curveto
110.88866 239.66672 110.65953 235.98749 112.035 232.74498 curveto
113.13303 230.15654 112.66393 227.1079 110.4575 225.4625 curveto
108.29245 223.84793 109.42915 220.71524 108.88 218.18 curveto
108.88 218.18 lineto stroke
newpath 107.85825 226.11443 moveto
107.77014 225.9098 107.66774 225.70862 107.55048 225.51181 curveto
106.1681 223.1916 108.41713 220.7324 108.88 218.18 curveto
108.88 218.18 lineto
108.88 218.18 lineto
110.35756 220.31209 110.50624 223.64131 113.12436 224.30441 curveto
113.34645 224.36066 113.56113 224.4305 113.7681 224.5129 curveto
 closepath stroke
newpath 107.85825 226.11443 moveto
107.77014 225.9098 107.66774 225.70862 107.55048 225.51181 curveto
106.1681 223.1916 108.41713 220.7324 108.88 218.18 curveto
108.88 218.18 lineto
108.88 218.18 lineto
110.35756 220.31209 110.50624 223.64131 113.12436 224.30441 curveto
113.34645 224.36066 113.56113 224.4305 113.7681 224.5129 curveto
 closepath fill
newpath 168.64 266.92 moveto
170.13048 265.13048 169.53703 262.41629 167.43498 261.41998 curveto
165.48714 260.49675 166.65915 257.87889 166.23 255.92 curveto
166.23 255.92 lineto stroke
newpath 166.15663 263.9196 moveto
166.17567 263.05319 165.88077 262.17229 165.23845 261.46243 curveto
163.7922 259.86406 165.87683 257.894 166.23 255.92 curveto
166.23 255.92 lineto
166.23 255.92 lineto
167.37613 257.56554 167.29517 260.43263 169.44804 260.54016 curveto
170.40417 260.5879 171.23561 261.00226 171.8348 261.62834 curveto
 closepath stroke
newpath 166.15663 263.9196 moveto
166.17567 263.05319 165.88077 262.17229 165.23845 261.46243 curveto
163.7922 259.86406 165.87683 257.894 166.23 255.92 curveto
166.23 255.92 lineto
166.23 255.92 lineto
167.37613 257.56554 167.29517 260.43263 169.44804 260.54016 curveto
170.40417 260.5879 171.23561 261.00226 171.8348 261.62834 curveto
 closepath fill
newpath 151.16 274.5 moveto
150.45398 271.00674 147.17233 268.63245 144.04498 269.79498 curveto
140.95673 270.94298 139.47289 266.77156 136.93 265.09 curveto
136.93 265.09 lineto stroke
newpath 140.90802 272.03085 moveto
138.43509 271.2711 138.48492 267.39323 136.93 265.09 curveto
136.93 265.09 lineto
136.93 265.09 lineto
139.65814 265.6191 142.36502 268.39635 144.65085 267.1849 curveto
 closepath stroke
newpath 140.90802 272.03085 moveto
138.43509 271.2711 138.48492 267.39323 136.93 265.09 curveto
136.93 265.09 lineto
136.93 265.09 lineto
139.65814 265.6191 142.36502 268.39635 144.65085 267.1849 curveto
 closepath fill
 0 1.4 dtransform truncate idtransform setlinewidth pop
newpath 27.43 -237.07 moveto
24.24 -240.83 14.05 -241.47 0.02 -244.15 curveto
-14.85 -246.99 -19 -230.3 -20.79 -228.26 curveto
-22.69 -226.08 -30.43 -210.07 -30.43 -210.07 curveto
-35.5 -200.78 lineto
-35.5 -200.78 -43.34 -198.11 -44.96 -196.34 curveto
-46.59 -194.56 -48.26 -194.41 -49.93 -195.66 curveto
-51.61 -196.9 -52.77 -203.53 -53.94 -204.76 curveto
-55.12 -206 -59.48 -214.96 -63.11 -220.63 curveto
-65.73 -224.72 -66.03 -225.32 -69.89 -224.54 curveto
-73.75 -223.77 -79.66 -226.2 -80.58 -227.2 curveto
-81.5 -228.21 -83.24 -232.61 -86.49 -235.16 curveto
-89.73 -237.71 -95.81 -230.77 -95.81 -230.77 curveto
-95.81 -230.77 -98.82 -222.25 -98.09 -217.32 curveto
-97.37 -212.48 -96.92 -207.18 -97.73 -205.54 curveto
-98.52 -203.91 -98.8 -197.03 -95.34 -193.52 curveto
-91.88 -190 -90.55 -176.47 -92.07 -174.85 curveto
-98.1 -168.44 -104.83 -169.45 -108.28 -167.46 curveto
-114.64 -163.82 -118.13 -167.2 -118.13 -167.2 curveto
-118.13 -167.2 -130.26 -165.28 -132.91 -159.88 curveto
-135.55 -154.5 -143.54 -157.74 -147.1 -158.38 curveto
-150.69 -159.03 -159 -163.97 -161.8 -168.54 curveto
-165.64 -174.79 -181.43 -181.61 -183.59 -182.94 curveto
-185.74 -184.27 -214.24 -200.3 -217.33 -202.34 curveto
-220.43 -204.39 -227.1 -223.66 -227.97 -228.63 curveto
-228.84 -233.63 -238.39 -253.06 -240.36 -257.78 curveto
-242.32 -262.48 -251.26 -290.76 -251.26 -290.76 curveto
-259.72 -315.42 lineto stroke
showpage
%%EOF
