%!PS
%%BoundingBox: -181 -390 864 405 
%%HiResBoundingBox: -180.23502 -389.40501 863.98502 404.93501 
%%Creator: MetaPost 1.209
%%CreationDate: 2015.12.07:2306
%%Pages: 1
%%BeginProlog
%%EndProlog
%%Page: 1 1
 0 0 0 setrgbcolor 0 0.49 dtransform truncate idtransform setlinewidth pop
 [] 0 setdash 1 setlinecap 1 setlinejoin 10 setmiterlimit
newpath -78.74 404.69 moveto
-74.71 399.55 -71.15 393.91 -63.88 392.49 curveto
-56.62 391.06 -59.7 389.75 -54.95 384.64 curveto
-50.2 379.52 -47.8 372.88 -43.62 370.14 curveto
-39.44 367.41 -33.37 365.7 -28.79 365.38 curveto
-24.22 365.07 -19.37 363.8 -15.66 360.8 curveto
-11.95 357.81 -6.37 356.33 -1.54 355.54 curveto
3.29 354.75 9.41 358.33 14.58 354.67 curveto
19.75 351.01 20.84 347.45 22.39 344.38 curveto
23.94 341.32 24.31 337.49 29.47 334.07 curveto
34.64 330.65 41.59 324.18 44.99 323.1 curveto
48.39 322.02 54.6 322.96 57.83 320.2 curveto
61.05 317.43 59.63 316.66 66.07 317.85 curveto
72.52 319.04 73.78 323.89 76.72 322.31 curveto
79.66 320.73 84.53 318.98 88.51 315.04 curveto
92.49 311.1 97.43 307.2 100.8 300.35 curveto
104.16 293.51 105.28 288.99 106.56 280.15 curveto
107.83 271.31 104.57 268.55 106.91 263.59 curveto
109.25 258.63 113.47 254.7 116.78 249.29 curveto
120.1 243.89 123.06 234.87 124.24 228.67 curveto
125.42 222.46 127.06 210.04 131.51 206.59 curveto
135.95 203.15 145.02 191.22 145.34 182.35 curveto
145.66 173.48 145.42 139.85 142.69 128.7 curveto
139.97 117.56 138.8 103.35 139 97.59 curveto
139.21 91.84 139.59 81.28 142.23 74.41 curveto
144.88 67.54 152.48 56.53 150.95 45.43 curveto
149.42 34.33 151.38 26.47 154.7 20.83 curveto
158.03 15.18 169.31 -12.02 168.7 -21.89 curveto
168.09 -31.75 169.85 -54.01 170.08 -60.25 curveto
170.3 -66.48 171.2 -71.5 177.34 -75.12 curveto
183.48 -78.75 194.23 -83.89 199.46 -82.26 curveto
204.68 -80.64 214.56 -68.28 216.98 -62.19 curveto
219.41 -56.1 230.26 -37.46 234.12 -31.32 curveto
237.99 -25.17 252.65 -12.4 257.38 -10.31 curveto
262.11 -8.22 269.98 6.95 272.26 10.39 curveto
274.54 13.84 285.75 36.33 289.98 52.33 curveto
294.22 68.34 313.99 86.57 317.67 91.02 curveto
321.36 95.48 334.3 116.59 335.59 120.72 curveto
336.89 124.85 350.64 143.11 353.34 148.01 curveto
356.05 152.91 375.81 191.08 376.83 196.16 curveto
377.85 201.24 389.78 230.01 395.53 236.94 curveto
401.28 243.87 419.01 265.17 421.9 271.76 curveto
424.79 278.35 439.43 298.81 441.23 302.23 curveto
443.03 305.66 457.75 330.93 461.62 337.07 curveto
465.48 343.21 484.29 368.38 490.25 369.55 curveto
496.22 370.73 514.49 370.42 519.93 359.32 curveto
525.37 348.23 537.45 339.53 536.67 327.73 curveto
535.89 315.93 534.43 289.69 535.67 281.81 curveto
536.91 273.93 538.91 258.14 542.05 251.05 curveto
545.18 243.95 543.65 239.81 551.53 234.33 curveto
559.4 228.85 579.2 225.95 583.86 223.24 curveto
588.52 220.52 601.32 218.34 607.09 218.06 curveto
612.87 217.79 616.13 220.55 621.35 222.41 curveto
626.56 224.28 632.05 218.47 635.45 217.64 curveto
638.84 216.8 650.02 212.87 654.69 209.92 curveto
659.36 206.96 675.42 201.05 680.06 192.09 curveto
684.7 183.13 696.17 164.57 696.62 158.59 curveto
697.08 152.6 705.02 131.75 709.07 125.9 curveto
713.13 120.04 727.75 86.95 732.7 82.8 curveto
737.65 78.66 739.09 58.78 739.52 53.27 curveto
739.96 47.76 739.93 42 742.66 39.46 curveto
745.39 36.91 770.98 19.81 778.98 17.7 curveto
786.98 15.58 818.71 1.35 824.41 -3.49 curveto
830.11 -8.33 854.08 -20.45 863.74 -28.75 curveto stroke
newpath 853.31 -59.38 moveto
851.11 -58.5 842.31 -47.28 840.31 -45.19 curveto
838.31 -43.1 836.53 -33.56 833.71 -28.62 curveto
830.89 -23.68 828.68 -22.31 826.82 -23.82 curveto
824.95 -25.33 820.19 -26.46 816.83 -26.58 curveto
813.47 -26.7 793.9 -16.59 790.92 -14.06 curveto
787.95 -11.52 746.32 4.28 742.92 5.36 curveto
739.52 6.44 721.48 13.96 717.82 15.51 curveto
714.16 17.06 698.04 38.1 693.51 43.94 curveto
688.98 49.78 673.14 83.31 670.41 85.62 curveto
667.69 87.92 662.72 105.99 662.05 117.98 curveto
661.39 129.96 661.74 140.29 655.88 149.69 curveto
650.02 159.09 628.98 163.38 621.47 165.27 curveto
613.96 167.16 610.28 162.47 606.8 159.22 curveto
603.31 155.97 596.55 150.21 594.06 146.04 curveto
591.57 141.87 583.39 142.29 580.54 141.23 curveto
577.7 140.17 575.73 141.54 574 142.91 curveto
572.27 144.29 567.75 143.17 562.68 143.71 curveto
557.62 144.25 549.44 151.4 544.16 158.17 curveto
538.87 164.95 516.93 167.29 513.26 169.08 curveto
509.6 170.87 503.99 179.79 501.41 184.75 curveto
498.83 189.7 491.23 207.44 484.9 216.34 curveto
478.58 225.25 465.54 220.23 460.59 217.65 curveto
455.64 215.07 438.65 206.78 434 202.53 curveto
429.35 198.28 414.46 184.78 412.79 177.76 curveto
411.12 170.73 393.64 142.49 391.19 137.36 curveto
388.73 132.23 375.04 119.01 373.5 114.87 curveto
371.97 110.73 368.08 105.31 364.38 101.33 curveto
360.68 97.36 347.84 80.09 340.01 70.68 curveto
332.18 61.28 326.72 45.95 325.84 43.52 curveto
324.97 41.09 320.18 33.95 315.81 28.51 curveto
311.44 23.07 314.25 18.13 314.6 15.02 curveto
314.95 11.91 306.73 0.09 301.7 -7.05 curveto
296.67 -14.19 285.04 -24.93 276.02 -34.62 curveto
267.01 -44.3 265.77 -76.76 265.94 -81.56 curveto
266.12 -86.35 258.78 -102.71 256.74 -106.14 curveto
254.71 -109.58 249.57 -133.77 247.39 -139.85 curveto
245.21 -145.94 233.21 -159.57 228.45 -167.43 curveto
223.69 -175.28 220.03 -180.46 214.44 -185.22 curveto
208.85 -189.99 207.3 -193.64 206.44 -196.56 curveto
205.58 -199.47 201.26 -206.11 196.82 -209.63 curveto
192.39 -213.15 194 -217.89 191.3 -223.03 curveto
188.6 -228.17 191.79 -229.98 189.76 -233.66 curveto
187.73 -237.33 181.01 -257.5 179.93 -260.9 curveto
178.85 -264.31 178.01 -274.42 172.2 -286.4 curveto
166.39 -298.38 159.54 -288.29 158.02 -286.19 curveto
156.51 -284.08 154.78 -276.22 152.13 -269.11 curveto
149.47 -262 148.91 -259.86 145.29 -252.54 curveto
141.66 -245.23 138.99 -257.57 138.63 -260.95 curveto
138.27 -264.32 136.37 -271.6 130.98 -282.12 curveto
125.59 -292.64 125.56 -305.12 125.44 -308.49 curveto
125.32 -311.86 120.99 -331.71 119.43 -335.12 curveto
117.87 -338.54 114.66 -349.46 114.14 -355.01 curveto
113.62 -360.55 111.89 -365.89 107.06 -371.83 curveto stroke
newpath 105.55 -376.69 moveto
104.91 -379.11 lineto stroke
 0.49 0 dtransform exch truncate exch idtransform pop setlinewidth
newpath 104.09 -382.98 moveto
103.72 -386.12 lineto stroke
newpath 92.69 -386.51 moveto
92.55 -389.16 lineto stroke
 0 0.49 dtransform truncate idtransform setlinewidth pop
newpath 92.57 -383.16 moveto
91.91 -378.14 lineto stroke
newpath 91.53 -374.31 moveto
91.15 -370.24 90.38 -368.83 87.22 -367.98 curveto
84.07 -367.13 76.36 -366.45 71.27 -364.95 curveto
66.17 -363.45 60.72 -338.67 60.05 -326.69 curveto
59.38 -314.7 62.49 -300.9 61.08 -288.47 curveto
59.67 -276.03 62.5 -241.1 63.15 -225.71 curveto
63.8 -210.32 73.72 -192.43 76.53 -190.41 curveto
79.34 -188.38 87.21 -166.73 88.81 -164.51 curveto
90.41 -162.29 94.22 -134.53 96.64 -121.72 curveto
99.06 -108.9 98.01 -93.08 98.29 -87.55 curveto
98.57 -82.01 92.89 -64.2 92.15 -56.79 curveto
91.4 -49.37 94.36 -24.29 96.52 -17.49 curveto
98.68 -10.69 103.94 23.59 104.67 30.09 curveto
105.4 36.6 107.01 52.03 105.29 59.89 curveto
103.57 67.75 105.15 77.17 106.37 90.18 curveto
107.58 103.2 107.28 105.11 106.41 109.16 curveto
105.55 113.21 103.24 144.11 103.31 148.91 curveto
103.38 153.72 101.37 163.01 97.12 174.39 curveto
92.87 185.76 87.56 186.53 85.91 192.48 curveto
84.25 198.42 80.72 210.07 78.14 215.02 curveto
75.56 219.97 69.85 232.01 68.58 233.89 curveto
67.32 235.76 57.26 241.65 55.23 244.7 curveto
53.2 247.75 45.99 261.42 43.71 264.7 curveto
41.43 267.98 28.01 274.23 21.83 279.05 curveto
15.65 283.87 -0.08 287.39 -7.16 290.5 curveto
-14.23 293.61 -18.4 289.13 -23.13 287.28 curveto
-27.87 285.42 -42.96 283.67 -54.98 283.49 curveto
-67 283.31 -74.85 274.39 -77.36 270.7 curveto
-79.88 267 -96.35 257.3 -102.9 252.5 curveto
-109.46 247.7 -112.95 237.73 -116.85 232.54 curveto
-120.75 227.36 -129.49 209.75 -132.09 201.97 curveto
-134.7 194.19 -149.95 184.29 -149.95 184.29 curveto stroke
newpath -179.99 225.02 moveto
-179.99 225.02 -174.66 230.49 -173.85 234.85 curveto
-173.05 239.2 -169.56 256.14 -168.79 261.45 curveto
-168.02 266.76 -161.96 292.68 -159.01 297.58 curveto
-156.06 302.49 -151.59 312.01 -147.81 313.83 curveto
-144.04 315.64 -142.45 318.34 -137.25 313.96 curveto
-132.05 309.59 -121.23 302.3 -117.84 301.7 curveto
-114.46 301.1 -111.47 297.85 -109.08 298.18 curveto
-106.69 298.5 -104.54 299.06 -101.07 302.79 curveto
-97.6 306.51 -95.39 312.11 -93.63 316.97 curveto
-91.88 321.83 -88.68 326.5 -91.7 336.95 curveto
-94.72 347.41 -95.22 354.84 -94.09 356.8 curveto
-92.96 358.76 -94.26 361.36 -95.85 365.63 curveto
-97.45 369.9 -102.13 373.33 -104.15 375.9 curveto stroke
showpage
%%EOF
