%!PS
%%BoundingBox: -189 -133 189 133 
%%HiResBoundingBox: -188.23 -132.07579 188.05316 132.94124 
%%Creator: MetaPost 1.209
%%CreationDate: 2015.12.07:2306
%%Pages: 1
%%BeginProlog
%%EndProlog
%%Page: 1 1
 0 0 0 setrgbcolor 0 1.4 dtransform truncate idtransform setlinewidth pop
 [] 0 setdash 1 setlinecap 1 setlinejoin 10 setmiterlimit
newpath -50.58 -66.09 moveto
-48.43 -66.34 -41.99 -64.09 -38.64 -66.3 curveto
-35.29 -68.51 -30.46 -74.58 -28.26 -77.04 curveto
-26.06 -79.5 -6.21 -99.54 -1.73 -108.2 curveto
2.76 -116.86 7.82 -121.14 13.34 -123.5 curveto
18.87 -125.86 28.98 -121.7 31.41 -122.38 curveto
33.85 -123.06 49.91 -126.29 52.53 -127.93 curveto
55.14 -129.57 63.82 -132.48 66.22 -130.94 curveto
68.62 -129.41 82.42 -118.44 83.78 -116.96 curveto
85.14 -115.47 96.84 -102.52 103.5 -96.01 curveto
110.19 -89.46 120.67 -79.04 122.5 -75.74 curveto
124.34 -72.42 123.59 -74.35 126.43 -64.72 curveto
129.28 -55.03 127.75 -56.23 131.08 -54.43 curveto
134.42 -52.62 138.62 -51.1 139.21 -50.1 curveto
139.81 -49.1 161.82 -30.46 162.11 -28.66 curveto
162.41 -26.86 160.01 -10.74 162.9 -0.17 curveto
163.54 2.16 161.67 6.86 165.9 14.44 curveto
170.09 21.96 172.29 19.3 171.49 25.48 curveto
170.7 31.63 170.22 35.83 169.98 38.57 curveto
169.74 41.31 170.82 40.66 172.23 41.81 curveto
173.64 42.97 178.06 44.17 180.18 46.04 curveto
182.31 47.92 187.25 50.06 187.31 53.42 curveto
187.38 56.77 187.44 60.12 186.85 62.09 curveto
186.25 64.05 184.62 68.05 180.7 65.26 curveto
176.79 62.47 177.67 62.05 176.48 61.23 curveto
175.28 60.4 172.78 59.41 170.96 59.44 curveto
169.15 59.48 167.3 57.93 165.84 59.32 curveto
164.38 60.72 163.09 60.37 160.04 70.47 curveto
157 80.55 156.4 81.7 155.3 85.05 curveto
154.2 88.39 149.94 102.42 147.43 104.78 curveto
144.91 107.14 140.55 111.78 138.5 113.03 curveto
136.45 114.28 127.66 117.22 126.07 118.15 curveto
124.48 119.07 124.71 120.63 124.85 121.12 curveto stroke
newpath 100.87 124.84 moveto
99.15 120.5 95.26 123.25 92.54 122.58 curveto
89.81 121.92 86.44 122.77 81.59 123.13 curveto
76.76 123.49 52.59 130.72 50.19 131.01 curveto
47.79 131.3 46.05 132.55 26.53 132.17 curveto
23.87 132.12 21.29 132.93 19.2 128.62 curveto
17.11 124.32 14.9 122.97 16.53 119.13 curveto
16.92 118.22 16.59 108.55 16.59 108.55 curveto
16.59 108.55 17.54 99.9 16.91 95.84 curveto
16.3 91.88 17.81 91.96 10.27 88.07 curveto
2.73 84.18 -9.74 79.56 -12.02 74.99 curveto
-14.3 70.4 -15.63 70.41 -17.3 67.89 curveto
-18.97 65.36 -21.8 63.15 -24.66 61.68 curveto
-27.51 60.2 -32.56 55.11 -34.5 53.06 curveto
-36.44 51.01 -40.96 45.66 -42.7 44.4 curveto stroke
newpath -187.53 -44.04 moveto
-185.23 -43.74 -183.39 -43.89 -182.31 -44.74 curveto
-181.24 -45.6 -176.9 -47.15 -175.75 -46.97 curveto
-174.6 -46.79 -170.53 -46.64 -169.64 -47.39 curveto
-168.75 -48.14 -168.19 -47.26 -166.63 -49.19 curveto
-165.08 -51.12 -163.84 -52.95 -160.83 -53.59 curveto
-157.82 -54.23 -157.45 -55.49 -155.17 -57.39 curveto
-152.89 -59.29 -149.04 -62.34 -147.43 -64.15 curveto
-145.82 -65.97 -138.63 -73.76 -136.25 -75 curveto
-133.87 -76.23 -125.94 -78.76 -123.25 -78.76 curveto
-120.56 -78.76 -104.97 -78.79 -103.56 -77.63 curveto
-102.14 -76.46 -95.52 -66.54 -94.08 -63.41 curveto
-92.65 -60.28 -92.64 -55.77 -88.69 -53.41 curveto
-84.75 -51.05 -80.04 -48.07 -76.7 -49.6 curveto
-73.36 -51.12 -72.31 -52.41 -69.89 -54.17 curveto
-67.47 -55.93 -58.82 -61.82 -57.26 -62.41 curveto
-55.7 -63 -52.74 -65.84 -50.58 -66.09 curveto stroke
newpath -42.7 44.4 moveto
-44.45 43.13 -52.21 38.47 -53.28 37.45 curveto
-54.35 36.42 -55.36 35.39 -56.26 34.85 curveto
-57.15 34.31 -59.98 33.52 -61.98 33.25 curveto
-63.97 32.99 -70.39 29.76 -71.24 28.51 curveto
-72.08 27.27 -72.88 27.02 -73.93 26.76 curveto
-74.98 26.49 -76.01 27.41 -77.21 26.39 curveto
-78.41 25.38 -77.97 25.29 -79.28 24.27 curveto
-80.59 23.25 -84.71 23.23 -85.44 23.25 curveto
-86.18 23.26 -89.82 21.5 -91.66 21.45 curveto
-93.49 21.41 -95.22 21.8 -97.85 21.73 curveto
-100.48 21.65 -102.28 19.85 -102.5 19.41 curveto
-102.73 18.97 -104.72 17.22 -106.66 16.75 curveto
-108.6 16.29 -106.9 16.56 -110.69 14.04 curveto
-114.49 11.53 -116.31 10.33 -117.87 9.75 curveto
-119.42 9.18 -123.17 6.54 -126.17 5.72 curveto
-129.16 4.9 -129.54 5.13 -129.88 4.74 curveto
-130.22 4.36 -131.04 3.71 -131.54 2.9 curveto
-132.04 2.08 -132.61 1.57 -133.39 1.34 curveto
-134.17 1.12 -133.97 -0.2 -141.3 2.42 curveto
-148.63 5.05 -149.16 5.75 -157.6 4.49 curveto
-161.71 3.88 -161.11 4.08 -170.95 2.69 curveto
-180.81 1.29 -182.11 0.62 -182.97 0.76 curveto stroke
 0 0.7 dtransform truncate idtransform setlinewidth pop
newpath -42.8647 -44.29657 moveto
-45.18265 -44.23586 -46.08264 -48.12762 -48.55072 -47.50868 curveto
-51.7531 -46.70558 -48.57616 -40.03935 -52.5516 -39.84154 curveto
-56.86592 -39.62685 -53.81795 -46.7665 -56.9553 -47.56891 curveto
-60.47588 -48.46931 -60.05714 -42.93846 -62.39938 -41.54407 curveto
-65.2516 -39.84605 -67.87596 -43.64145 -70.8553 -43.56342 curveto stroke
newpath -61.65685 -39.7366 moveto
-62.32994 -39.10143 -63.03207 -38.57565 -63.81587 -38.46179 curveto
-67.10078 -37.98457 -68.07289 -42.49533 -70.8553 -43.56342 curveto
-68.13261 -44.7757 -64.25562 -42.27351 -62.27032 -44.93379 curveto
-61.7966 -45.56857 -61.67192 -46.43683 -61.64514 -47.36191 curveto
 closepath stroke
newpath -61.65685 -39.7366 moveto
-62.32994 -39.10143 -63.03207 -38.57565 -63.81587 -38.46179 curveto
-67.10078 -37.98457 -68.07289 -42.49533 -70.8553 -43.56342 curveto
-68.13261 -44.7757 -64.25562 -42.27351 -62.27032 -44.93379 curveto
-61.7966 -45.56857 -61.67192 -46.43683 -61.64514 -47.36191 curveto
 closepath fill
newpath -43.02798 -56.03662 moveto
-45.31558 -55.6579 -46.74191 -59.38902 -49.10147 -58.43674 curveto
-52.16306 -57.20113 -48.1001 -51.03485 -52.0106 -50.29253 curveto
-56.25444 -49.48691 -54.21667 -56.97768 -57.43454 -57.34126 curveto
-61.04543 -57.74924 -59.8705 -52.32848 -61.99884 -50.6254 curveto
-64.59062 -48.55148 -67.71169 -51.95016 -70.65201 -51.46338 curveto stroke
newpath -61.01495 -48.93715 moveto
-61.59435 -48.2155 -62.21756 -47.5982 -62.97826 -47.37772 curveto
-66.1664 -46.45354 -67.7492 -50.78786 -70.65201 -51.46338 curveto
-68.1218 -53.03835 -63.93771 -51.0928 -62.3369 -54.00067 curveto
-61.95493 -54.69453 -61.95076 -55.57169 -62.05138 -56.49165 curveto
 closepath stroke
newpath -61.01495 -48.93715 moveto
-61.59435 -48.2155 -62.21756 -47.5982 -62.97826 -47.37772 curveto
-66.1664 -46.45354 -67.7492 -50.78786 -70.65201 -51.46338 curveto
-68.1218 -53.03835 -63.93771 -51.0928 -62.3369 -54.00067 curveto
-61.95493 -54.69453 -61.95076 -55.57169 -62.05138 -56.49165 curveto
 closepath fill
newpath -61.30122 -45.3141 moveto
-63.61311 -45.1362 -64.70885 -48.97745 -67.14241 -48.23445 curveto
-70.30005 -47.27037 -66.78998 -40.77342 -70.75032 -40.37477 curveto
-75.04822 -39.9421 -72.36533 -47.22676 -75.53928 -47.86942 curveto
-79.10086 -48.59058 -78.40286 -43.08801 -80.67155 -41.57692 curveto
-83.43422 -39.7368 -86.2472 -43.39456 -89.21877 -43.16591 curveto stroke
newpath -79.83855 -39.80936 moveto
-80.47864 -39.14093 -81.15327 -38.58032 -81.9303 -38.42696 curveto
-85.18686 -37.78416 -86.38588 -42.23994 -89.21877 -43.16591 curveto
-86.5609 -44.51436 -82.56232 -42.21153 -80.71414 -44.96883 curveto
-80.27315 -45.62675 -80.19254 -46.5002 -80.2126 -47.42545 curveto
 closepath stroke
newpath -79.83855 -39.80936 moveto
-80.47864 -39.14093 -81.15327 -38.58032 -81.9303 -38.42696 curveto
-85.18686 -37.78416 -86.38588 -42.23994 -89.21877 -43.16591 curveto
-86.5609 -44.51436 -82.56232 -42.21153 -80.71414 -44.96883 curveto
-80.27315 -45.62675 -80.19254 -46.5002 -80.2126 -47.42545 curveto
 closepath fill
newpath -40.35916 6.34059 moveto
-41.39941 5.82872 -40.8933 3.89667 -42.12975 3.59703 curveto
-43.73409 3.20825 -43.87708 6.89775 -45.68297 6.06131 curveto
-47.64279 5.1536 -44.63403 2.70135 -45.83641 1.61693 curveto
-47.18568 0.40004 -48.28581 2.94585 -49.6468 3.01874 curveto
-51.30414 3.10751 -51.58376 0.81734 -52.92084 0.15941 curveto stroke
newpath -49.73817 3.99147 moveto
-50.18379 4.11621 -50.61684 4.18578 -50.99026 4.05402 curveto
-52.5554 3.50177 -51.93733 1.27895 -52.92084 0.15941 curveto
-51.43376 0.25557 -50.299 2.26437 -48.8018 1.54813 curveto
-48.44455 1.37721 -48.18755 1.02182 -47.9607 0.61852 curveto
 closepath stroke
newpath -49.73817 3.99147 moveto
-50.18379 4.11621 -50.61684 4.18578 -50.99026 4.05402 curveto
-52.5554 3.50177 -51.93733 1.27895 -52.92084 0.15941 curveto
-51.43376 0.25557 -50.299 2.26437 -48.8018 1.54813 curveto
-48.44455 1.37721 -48.18755 1.02182 -47.9607 0.61852 curveto
 closepath fill
newpath -29.75171 -8.99274 moveto
-30.51991 -8.12442 -32.24994 -9.12238 -32.8652 -8.00882 curveto
-33.66353 -6.56393 -30.14253 -5.45251 -31.42581 -3.93132 curveto
-32.81847 -2.28049 -34.38991 -5.82965 -35.75316 -4.956 curveto
-37.28293 -3.97565 -35.11763 -2.24278 -35.40643 -0.9108 curveto
-35.7581 0.71121 -38.04088 0.37665 -39.02829 1.49274 curveto stroke
newpath -34.4923 -0.56598 moveto
-34.48955 -0.10326 -34.5367 0.33278 -34.76233 0.65822 curveto
-35.70796 2.02217 -37.68892 0.83948 -39.02829 1.49274 curveto
-38.54317 0.08374 -36.30614 -0.48076 -36.60196 -2.11386 curveto
-36.67255 -2.50356 -36.94754 -2.84521 -37.27667 -3.17047 curveto
 closepath stroke
newpath -34.4923 -0.56598 moveto
-34.48955 -0.10326 -34.5367 0.33278 -34.76233 0.65822 curveto
-35.70796 2.02217 -37.68892 0.83948 -39.02829 1.49274 curveto
-38.54317 0.08374 -36.30614 -0.48076 -36.60196 -2.11386 curveto
-36.67255 -2.50356 -36.94754 -2.84521 -37.27667 -3.17047 curveto
 closepath fill
showpage
%%EOF
