%!PS
%%BoundingBox: -42 -71 43 73 
%%HiResBoundingBox: -41.36913 -70.40417 42.7 72.34 
%%Creator: MetaPost 1.209
%%CreationDate: 2015.12.07:2306
%%Pages: 1
%%BeginProlog
%%EndProlog
%%Page: 1 1
 0 0 0 setrgbcolor 0 1.4 dtransform truncate idtransform setlinewidth pop
 [] 0 setdash 1 setlinejoin 10 setmiterlimit
newpath 17.28 55.8 moveto
16.8 54.6 11.04 47.88 8.88 44.76 curveto
6.72 41.64 6 36.6 3.12 33.24 curveto
0.24 29.88 -2.4 25.56 -4.08 22.92 curveto
-5.76 20.28 -9.12 15.72 -9.6 12.6 curveto
-10.08 9.48 -10.08 4.44 -10.56 2.04 curveto
-11.04 -0.36 -10.8 -3.72 -11.28 -6.36 curveto
-11.76 -9 -11.52 -12.36 -13.44 -17.16 curveto
-15.36 -21.96 -15.6 -24.12 -17.28 -26.76 curveto
-18.96 -29.4 -21.36 -31.56 -23.28 -33.48 curveto
-25.2 -35.4 -28.8 -38.28 -30.96 -41.64 curveto
-33.12 -45 -34.56 -47.16 -36.72 -49.8 curveto
-38.88 -52.44 -42.24 -57 -39.84 -59.4 curveto
-37.44 -61.8 -34.56 -65.64 -33.6 -66.36 curveto
-32.64 -67.08 -32.4 -71.64 -28.32 -68.76 curveto
-24.24 -65.88 -20.88 -64.2 -19.44 -63.24 curveto
-18 -62.28 -13.68 -61.8 -13.68 -61.8 curveto
-13.68 -61.8 -12 -64.92 -7.44 -65.4 curveto
-2.88 -65.88 -1.44 -66.12 4.32 -65.64 curveto
10.08 -65.16 19.44 -65.16 22.32 -63.96 curveto
25.2 -62.76 26.64 -61.08 26.64 -61.08 curveto
26.64 -61.08 28.32 -58.44 27.6 -56.76 curveto
26.88 -55.08 25.68 -52.2 25.68 -52.2 curveto
25.68 -52.2 25.2 -49.8 25.2 -45.96 curveto
25.2 -42.12 25.44 -38.76 25.68 -35.88 curveto
25.92 -33 26.88 -31.8 25.92 -28.68 curveto
24.96 -25.56 25.68 -29.4 23.76 -23.64 curveto
21.84 -17.88 18.04 -24.08 21.12 -14.04 curveto
26.64 3.96 27.84 7.32 30.24 10.92 curveto
32.64 14.52 36 16.68 37.68 22.44 curveto
39.36 28.2 42.24 29.64 41.76 40.68 curveto
41.28 51.72 42 51.24 42 56.52 curveto
42 61.8 41.52 64.68 41.52 66.36 curveto
41.52 68.04 40.8 71.64 38.88 71.64 curveto
36.96 71.64 34.56 71.64 33.6 71.4 curveto
32.64 71.16 28.56 67.8 27.6 66.84 curveto
26.64 65.88 22.56 62.28 21.36 61.32 curveto
20.16 60.36 17.76 57 17.28 55.8 curveto closepath stroke
showpage
%%EOF
