%!PS
%%BoundingBox: -121 -127 122 127 
%%HiResBoundingBox: -120.65 -126.37 121.1861 126.58 
%%Creator: MetaPost 1.209
%%CreationDate: 2015.12.07:2306
%%Pages: 1
%%BeginProlog
%%EndProlog
%%Page: 1 1
 0 0 0 setrgbcolor 0 1.4 dtransform truncate idtransform setlinewidth pop
 [] 0 setdash 1 setlinecap 1 setlinejoin 10 setmiterlimit
newpath 112.75 125.88 moveto
110.53 124.58 105.59 124.57 102.56 123.27 curveto
99.54 121.98 96.53 121.28 95.64 120.87 curveto
94.75 120.46 91.84 119.1 89.39 119.86 curveto
86.94 120.61 84.9 120.85 84.64 120.24 curveto
84.37 119.63 84.87 116.92 85.29 116.23 curveto
85.71 115.54 87.64 111.42 86.51 109.98 curveto
85.38 108.54 80.26 108.26 78.59 107.58 curveto
76.92 106.89 74.02 106.85 72.41 106.93 curveto
70.8 107.02 69.15 106.74 67 103.04 curveto
66.24 101.73 62.03 97.78 59.9 97.88 curveto
57.76 97.97 55.11 96.39 53.5 94.11 curveto
52.47 92.66 48.97 91.45 47.94 90.45 curveto
46.91 89.45 46.59 88.52 46.79 87.51 curveto
46.98 86.51 47.96 83.54 46.63 82.02 curveto
45.29 80.5 44.57 78.44 44.02 77.71 curveto
43.47 76.99 40.16 74.94 38.7 71.47 curveto
38.21 70.3 33.4 63.66 32.23 62.42 curveto
31.06 61.17 24.9 55.62 24.14 55.3 curveto
23.4 55 21.17 52.08 18 50.75 curveto stroke
newpath 87.75 38.75 moveto
88.17 40.22 87.32 40.99 89.32 42.24 curveto
91.33 43.48 92.76 46.53 93.66 47.34 curveto
94.56 48.15 98.15 51.26 98.93 51.62 curveto
99.71 51.98 102.98 54.8 105.19 55.99 curveto
107.39 57.17 107.96 59.56 109.33 60.44 curveto
110.69 61.32 113.05 61.5 114.14 61.74 curveto
115.22 61.98 116.65 63.94 119.94 63.68 curveto stroke
newpath -14.09 -2.99 moveto
-15.23 -4.25 -16.98 -5.41 -18 -6.65 curveto
-19.02 -7.9 -18.13 -9.05 -22.8 -11.92 curveto
-27.47 -14.78 -26.99 -14.76 -28.41 -17.72 curveto
-29.83 -20.67 -31.93 -22.2 -33.1 -22.85 curveto
-34.28 -23.5 -37.54 -25.8 -38.74 -25.85 curveto
-39.94 -25.9 -43.46 -25.1 -40.47 -22.08 curveto
-37.48 -19.07 -30.14 -8.88 -29.31 -8.6 curveto
-28.48 -8.32 -20.8 -3.05 -19.79 -1.56 curveto
-18.78 -0.07 -15.78 2.34 -14.82 2.39 curveto
-13.86 2.43 -10.4 2.83 -10.23 1.64 curveto
-10.05 0.44 -10.35 -1.02 -11.52 -1.55 curveto
-12.7 -2.09 -12.95 -1.74 -14.09 -2.99 curveto closepath stroke
newpath -9.26 -41.15 moveto
-9.26 -41.15 -12.51 -44.82 -13.21 -46.21 curveto
-13.91 -47.59 -14.44 -48.61 -15.24 -49.47 curveto
-16.03 -50.32 -17.92 -51.16 -19.99 -51.13 curveto
-22.06 -51.1 -23.99 -52.15 -24.42 -53 curveto
-24.86 -53.84 -28.32 -54.65 -29.71 -54.73 curveto
-31.09 -54.81 -36.31 -57.55 -35.03 -54.48 curveto
-33.73 -51.36 -31.75 -48.63 -29.93 -46.56 curveto
-28.11 -44.49 -27.39 -45.71 -25.87 -43.6 curveto
-24.35 -41.48 -20.02 -37.67 -17.95 -37.09 curveto
-15.87 -36.51 -13.31 -34.72 -12.03 -32.56 curveto
-10.74 -30.4 -9.23 -27.99 -8.77 -27.37 curveto
-8.32 -26.75 -7.55 -26.47 -6.5 -25.77 curveto
-5.45 -25.06 -4.46 -22.85 -4.18 -21.15 curveto
-3.89 -19.46 -3.19 -17.8 -2.92 -15.75 curveto
-2.66 -13.69 -2.47 -12.6 -2.36 -12.36 curveto
-2.26 -12.11 -1.85 -9.21 -3.4 -12.11 curveto
-4.94 -15 -5.23 -16.25 -5.11 -12.79 curveto
-5.08 -12.07 -3.5 -11.15 -3.46 -10.73 curveto
-3.42 -10.31 -4.26 -9.15 -3.33 -8.51 curveto
-2.4 -7.86 0.93 -4.51 1.43 -3.65 curveto
1.93 -2.78 5.01 0.6 5.17 1.21 curveto
5.32 1.81 6.39 4.59 8.93 4.2 curveto
11.46 3.82 12.7 2.98 13.19 2.73 curveto
13.69 2.47 15.64 2.76 12.65 1.43 curveto
9.63 0.08 5.42 -3.14 4.58 -4.39 curveto
3.74 -5.63 -0.56 -7.29 -0.34 -13.28 curveto
-0.25 -15.57 -1.3 -17.18 -1.01 -19.51 curveto
-0.72 -21.83 -0.27 -23.91 -0.98 -25.45 curveto
-1.69 -26.98 -3.38 -30.71 -4.09 -32.11 curveto
-4.81 -33.52 -5.17 -33.66 -5.69 -36.36 curveto
-6.21 -39.06 -6.78 -39.8 -7.62 -40.09 curveto
-8.45 -40.39 -9.26 -41.15 -9.26 -41.15 curveto closepath stroke
 0 0.7 dtransform truncate idtransform setlinewidth pop
newpath -63.60551 -100.34685 moveto
-64.28697 -101.28479 -62.9382 -102.7578 -63.89218 -103.59952 curveto
-65.13002 -104.69167 -66.97723 -101.4947 -68.18457 -103.07683 curveto
-69.49484 -104.7938 -65.68967 -105.55975 -66.24753 -107.0798 curveto
-66.87352 -108.7855 -69.034 -107.04663 -70.2719 -107.61688 curveto
-71.77934 -108.31133 -70.95859 -110.46756 -71.83449 -111.67314 curveto stroke
newpath -70.8064 -106.79906 moveto
-71.25876 -106.89651 -71.67426 -107.03696 -71.94313 -107.32768 curveto
-73.07007 -108.54613 -71.48663 -110.22412 -71.83449 -111.67314 curveto
-70.5639 -110.89453 -70.497 -108.58835 -68.83856 -108.52367 curveto
-68.44284 -108.50824 -68.04974 -108.70274 -67.66096 -108.95367 curveto
 closepath stroke
newpath -70.8064 -106.79906 moveto
-71.25876 -106.89651 -71.67426 -107.03696 -71.94313 -107.32768 curveto
-73.07007 -108.54613 -71.48663 -110.22412 -71.83449 -111.67314 curveto
-70.5639 -110.89453 -70.497 -108.58835 -68.83856 -108.52367 curveto
-68.44284 -108.50824 -68.04974 -108.70274 -67.66096 -108.95367 curveto
 closepath fill
newpath -80.3155 -90.91685 moveto
-80.99696 -91.8548 -79.6482 -93.3278 -80.60217 -94.16953 curveto
-81.84001 -95.26167 -83.68723 -92.06471 -84.89456 -93.64684 curveto
-86.20483 -95.3638 -82.39966 -96.12976 -82.95752 -97.64981 curveto
-83.58351 -99.35551 -85.74399 -97.61664 -86.98189 -98.18689 curveto
-88.48933 -98.88133 -87.66858 -101.03757 -88.54448 -102.24315 curveto stroke
newpath -87.51639 -97.36906 moveto
-87.96875 -97.46652 -88.38425 -97.60696 -88.65312 -97.89769 curveto
-89.78006 -99.11613 -88.19662 -100.79413 -88.54448 -102.24315 curveto
-87.2739 -101.46454 -87.20699 -99.15836 -85.54855 -99.09367 curveto
-85.15283 -99.07825 -84.75974 -99.27275 -84.37096 -99.52368 curveto
 closepath stroke
newpath -87.51639 -97.36906 moveto
-87.96875 -97.46652 -88.38425 -97.60696 -88.65312 -97.89769 curveto
-89.78006 -99.11613 -88.19662 -100.79413 -88.54448 -102.24315 curveto
-87.2739 -101.46454 -87.20699 -99.15836 -85.54855 -99.09367 curveto
-85.15283 -99.07825 -84.75974 -99.27275 -84.37096 -99.52368 curveto
 closepath fill
newpath -83.8155 -106.35686 moveto
-84.49696 -107.2948 -83.1482 -108.7678 -84.10217 -109.60953 curveto
-85.34001 -110.70168 -87.18723 -107.50471 -88.39456 -109.08684 curveto
-89.70483 -110.8038 -85.89966 -111.56976 -86.45752 -113.08981 curveto
-87.08351 -114.79552 -89.24399 -113.05664 -90.48189 -113.62689 curveto
-91.98933 -114.32133 -91.16858 -116.47757 -92.04448 -117.68315 curveto stroke
newpath -91.01639 -112.80907 moveto
-91.46875 -112.90652 -91.88425 -113.04697 -92.15312 -113.33769 curveto
-93.28006 -114.55614 -91.69662 -116.23413 -92.04448 -117.68315 curveto
-90.7739 -116.90454 -90.70699 -114.59836 -89.04855 -114.53368 curveto
-88.65283 -114.51825 -88.25974 -114.71275 -87.87096 -114.96368 curveto
 closepath stroke
newpath -91.01639 -112.80907 moveto
-91.46875 -112.90652 -91.88425 -113.04697 -92.15312 -113.33769 curveto
-93.28006 -114.55614 -91.69662 -116.23413 -92.04448 -117.68315 curveto
-90.7739 -116.90454 -90.70699 -114.59836 -89.04855 -114.53368 curveto
-88.65283 -114.51825 -88.25974 -114.71275 -87.87096 -114.96368 curveto
 closepath fill
newpath -97.55551 -111.41685 moveto
-98.23697 -112.3548 -96.8882 -113.8278 -97.84218 -114.66953 curveto
-99.08002 -115.76167 -100.92723 -112.56471 -102.13457 -114.14684 curveto
-103.44484 -115.8638 -99.63966 -116.62976 -100.19753 -118.14981 curveto
-100.82352 -119.85551 -102.984 -118.11664 -104.2219 -118.68689 curveto
-105.72934 -119.38133 -104.90858 -121.53757 -105.78448 -122.74315 curveto
 stroke
newpath -104.7564 -117.86906 moveto
-105.20876 -117.96652 -105.62425 -118.10696 -105.89313 -118.39769 curveto
-107.02007 -119.61613 -105.43663 -121.29413 -105.78448 -122.74315 curveto
-104.5139 -121.96454 -104.44699 -119.65836 -102.78856 -119.59367 curveto
-102.39284 -119.57825 -101.99974 -119.77275 -101.61096 -120.02368 curveto
 closepath stroke
newpath -104.7564 -117.86906 moveto
-105.20876 -117.96652 -105.62425 -118.10696 -105.89313 -118.39769 curveto
-107.02007 -119.61613 -105.43663 -121.29413 -105.78448 -122.74315 curveto
-104.5139 -121.96454 -104.44699 -119.65836 -102.78856 -119.59367 curveto
-102.39284 -119.57825 -101.99974 -119.77275 -101.61096 -120.02368 curveto
 closepath fill
newpath -85.07552 -97.03685 moveto
-85.75697 -97.9748 -84.4082 -99.4478 -85.36218 -100.28952 curveto
-86.60002 -101.38167 -88.44724 -98.18471 -89.65457 -99.76683 curveto
-90.96484 -101.4838 -87.15967 -102.24976 -87.71753 -103.7698 curveto
-88.34352 -105.47551 -90.504 -103.73663 -91.7419 -104.30688 curveto
-93.24934 -105.00133 -92.42859 -107.15756 -93.30449 -108.36314 curveto stroke
newpath -92.2764 -103.48906 moveto
-92.72876 -103.58652 -93.14426 -103.72696 -93.41313 -104.01768 curveto
-94.54007 -105.23613 -92.95663 -106.91412 -93.30449 -108.36314 curveto
-92.0339 -107.58453 -91.967 -105.27835 -90.30856 -105.21367 curveto
-89.91284 -105.19824 -89.51974 -105.39275 -89.13097 -105.64368 curveto
 closepath stroke
newpath -92.2764 -103.48906 moveto
-92.72876 -103.58652 -93.14426 -103.72696 -93.41313 -104.01768 curveto
-94.54007 -105.23613 -92.95663 -106.91412 -93.30449 -108.36314 curveto
-92.0339 -107.58453 -91.967 -105.27835 -90.30856 -105.21367 curveto
-89.91284 -105.19824 -89.51974 -105.39275 -89.13097 -105.64368 curveto
 closepath fill
newpath -70.66551 -112.53685 moveto
-71.34697 -113.4748 -69.9982 -114.9478 -70.95218 -115.78952 curveto
-72.19002 -116.88167 -74.03723 -113.68471 -75.24457 -115.26683 curveto
-76.55484 -116.9838 -72.74966 -117.74976 -73.30753 -119.2698 curveto
-73.93352 -120.97551 -76.094 -119.23663 -77.3319 -119.80688 curveto
-78.83934 -120.50133 -78.01859 -122.65756 -78.89449 -123.86314 curveto stroke
newpath -77.8664 -118.98906 moveto
-78.31876 -119.08652 -78.73425 -119.22696 -79.00313 -119.51768 curveto
-80.13007 -120.73613 -78.54663 -122.41412 -78.89449 -123.86314 curveto
-77.6239 -123.08453 -77.55699 -120.77835 -75.89856 -120.71367 curveto
-75.50284 -120.69824 -75.10974 -120.89275 -74.72096 -121.14368 curveto
 closepath stroke
newpath -77.8664 -118.98906 moveto
-78.31876 -119.08652 -78.73425 -119.22696 -79.00313 -119.51768 curveto
-80.13007 -120.73613 -78.54663 -122.41412 -78.89449 -123.86314 curveto
-77.6239 -123.08453 -77.55699 -120.77835 -75.89856 -120.71367 curveto
-75.50284 -120.69824 -75.10974 -120.89275 -74.72096 -121.14368 curveto
 closepath fill
 0 1.4 dtransform truncate idtransform setlinewidth pop
newpath -29.69 -35.07 moveto
-29.69 -35.07 -32.4 -36.15 -34.77 -36.86 curveto
-37.14 -37.56 -39.57 -39.48 -40.89 -42.07 curveto
-42.21 -44.66 -41.96 -45.01 -43.53 -47.6 curveto
-45.09 -50.19 -48.08 -53.21 -48.08 -53.21 curveto
-48.08 -53.21 -49.29 -53.03 -48.43 -56.11 curveto
-47.57 -59.2 -47.65 -60.04 -48.36 -60.19 curveto
-49.07 -60.34 -50.22 -63.52 -52.7 -59.02 curveto
-55.24 -54.41 -56.28 -49.6 -55.73 -48.37 curveto
-55.19 -47.14 -48.78 -40.12 -47.98 -39.24 curveto
-47.19 -38.36 -44.45 -35.11 -44.63 -33.8 curveto
-44.81 -32.49 -40.49 -32.53 -39.32 -31.88 curveto
-38.14 -31.23 -32.21 -26.89 -28.77 -25.66 curveto
-25.34 -24.43 -23.73 -22.67 -20.88 -22.06 curveto
-18.02 -21.44 -16.44 -21.96 -14.77 -19 curveto
-13.11 -16.03 -13.55 -19.66 -13.55 -19.66 curveto
-13.55 -19.66 -13.82 -21.71 -13.51 -23.49 curveto
-13.2 -25.28 -12.96 -27.91 -17.31 -29.91 curveto
-21.68 -31.91 -21.55 -31.91 -23.94 -32.27 curveto
-26.32 -32.63 -28.44 -33.57 -28.54 -34.05 curveto
-28.64 -34.54 -29.69 -35.07 -29.69 -35.07 curveto closepath stroke
newpath 10.21 36.54 moveto
9.84 35.55 6.2 32.1 3.85 31.99 curveto
3.49 31.97 2.59 30.67 1.1 30.25 curveto
-0.38 29.82 -6.13 29.8 -7.3 29.2 curveto
-8.48 28.61 -12.62 27.28 -13.83 26.02 curveto
-15.04 24.76 -17.84 25.72 -19.06 24.7 curveto
-20.28 23.68 -21.47 22.01 -27.61 21.31 curveto
-30.1 21.03 -32.06 20.15 -32.06 20.15 curveto
-32.06 20.15 -32.17 21.4 -31.94 21.65 curveto
-31.72 21.9 -29.54 22.96 -28.9 23.47 curveto
-28.27 23.98 -27.52 26.11 -24.79 26.72 curveto
-22.05 27.32 -19.34 27.21 -18.35 27.85 curveto
-17.36 28.5 -15.3 29.56 -14.92 30.36 curveto
-14.53 31.15 -9.74 32.76 -7.36 34.49 curveto
-4.98 36.21 -1.07 38.81 4.26 38.66 curveto
5.86 38.62 8.65 39.91 9.69 38.5 curveto
10.2 37.82 10.36 36.94 10.21 36.54 curveto closepath stroke
newpath -7.01 17.98 moveto
-12 16.79 -14.09 15.5 -18.8 13.36 curveto
-23.51 11.23 -30.89 7.41 -32.63 6.14 curveto
-34.37 4.86 -37.28 5.57 -38.24 3.01 curveto
-39.2 0.44 -40.77 -2.15 -42.67 -2.59 curveto
-44.57 -3.04 -49.85 -5.68 -52.01 -8.31 curveto
-54.17 -10.93 -55.2 -12.18 -55.2 -12.18 curveto
-55.2 -12.18 -59.99 -15.05 -58.21 -9.19 curveto
-56.44 -3.34 -53.86 3.26 -49.96 4.76 curveto
-46.07 6.26 -44.07 9.71 -43.42 11.18 curveto
-42.76 12.65 -37.89 16.46 -33.13 17.28 curveto
-28.37 18.09 -23.23 21.08 -18.65 20.57 curveto
-14.07 20.06 -15.12 22.06 -10.52 24.19 curveto
-5.92 26.33 -4.77 27.46 -3.8 27.27 curveto
-2.83 27.07 -3.25 25.61 -3.47 25.12 curveto
-3.69 24.63 -4.12 23.53 -3.93 21.98 curveto
-3.75 20.42 -3.98 20.17 -4.18 19.2 curveto
-4.38 18.22 -4.85 18.5 -7.01 17.98 curveto closepath stroke
newpath 43.67 25.99 moveto
43.67 25.99 42.26 24.96 41.24 23.61 curveto
40.27 22.33 39.55 21.75 38.52 21.04 curveto
37.49 20.33 36.45 18.89 35.8 18.71 curveto
35.13 18.52 34.18 17.97 33.83 18.29 curveto
33.48 18.61 31.13 19.44 31.29 19.91 curveto
31.45 20.38 31.75 21.64 32.7 21.78 curveto
33.6 21.91 36.63 23.1 37.67 23.63 curveto
38.7 24.15 40.79 25.31 40.79 25.31 curveto
40.79 25.31 42.65 26.64 42.93 26.75 curveto
43.2 26.86 43.59 27.33 43.83 27.15 curveto
44.06 26.98 44.23 26.63 44.23 26.63 curveto
 closepath stroke
newpath 33.15 25.23 moveto
29.47 22.62 lineto
29.47 22.62 26.86 21.16 27.38 23.04 curveto
27.88 24.88 28.6 24.67 29.42 25.35 curveto
30.22 26.01 32.64 27.27 32.64 27.27 curveto
32.64 27.27 34.22 27.74 34.42 27.1 curveto
34.65 26.34 34.38 26 33.8 25.71 curveto
33.36 25.49 33.15 25.23 33.15 25.23 curveto closepath stroke
newpath 41.6 28.59 moveto
41.6 28.59 38.79 27.11 38.61 27.11 curveto
38.43 27.1 36.66 26.31 36.71 27.86 curveto
36.76 29.42 36.39 30.5 38.41 31.02 curveto
40.35 31.51 40.66 32.3 42.05 31.58 curveto
43.43 30.86 42.81 30.22 42.77 29.84 curveto
42.62 28.72 41.6 28.59 41.6 28.59 curveto closepath stroke
newpath 24.74 20.1 moveto
24.74 20.1 27 16.96 26.67 14.63 curveto
26.35 12.33 27.38 10.97 24.17 9.3 curveto
21.33 7.82 19.22 8.18 18.5 8.05 curveto
17.78 7.93 12.09 7.71 11.78 7.87 curveto
11.47 8.03 10.08 8.5 10.34 10.05 curveto
10.59 11.6 11.51 12.52 13.26 13.64 curveto
15 14.77 18.05 16.96 18.7 17.57 curveto
19.36 18.19 22.26 20.71 22.57 20.85 curveto
22.89 21 23.08 21.32 24.06 20.73 curveto
24.57 20.43 24.74 20.1 24.74 20.1 curveto closepath stroke
newpath -57.67 6.54 moveto
-56.95 6.45 -55.68 6.24 -55.59 5.62 curveto
-55.5 4.99 -55.38 4.27 -56.59 3.29 curveto
-57.81 2.3 -58.19 1.45 -58.99 1.83 curveto
-59.78 2.21 -59.98 3.26 -59.68 3.87 curveto
-59.38 4.48 -58.97 5.43 -58.81 5.8 curveto
-58.65 6.17 -58.81 6.49 -58.09 6.55 curveto
-57.38 6.62 -58.4 6.63 -57.67 6.54 curveto closepath stroke
newpath -58.28 13.32 moveto
-57.89 12.62 -57.67 12.36 -57.8 11.85 curveto
-57.92 11.33 -58.75 9.82 -59.32 9.71 curveto
-59.88 9.59 -60.49 9.68 -60.69 10.07 curveto
-60.88 10.45 -60.94 11.73 -60.28 12.24 curveto
-59.61 12.75 -59.52 13.51 -59.26 13.61 curveto
-58.99 13.71 -58.42 13.59 -58.42 13.59 curveto
-58.42 13.59 -58.68 14.03 -58.28 13.32 curveto closepath stroke
newpath -47.87 19.97 moveto
-48.15 19.42 -50.42 16.49 -50.61 16.13 curveto
-50.8 15.76 -51.87 14.21 -52.26 14.13 curveto
-52.65 14.06 -52.91 13.86 -52.91 13.86 curveto
-52.91 13.86 -54.7 15.07 -54.71 15.31 curveto
-54.72 15.55 -54.08 17.86 -53.83 18.23 curveto
-53.57 18.6 -51.48 20.8 -51.13 20.96 curveto
-50.78 21.13 -49.06 21.63 -48.84 21.55 curveto
-48.63 21.47 -47.72 21.36 -47.75 20.48 curveto
-47.77 19.61 -47.6 20.52 -47.87 19.97 curveto closepath stroke
newpath -52.98 13.41 moveto
-52.93 13.02 -52.62 11.51 -53.75 10.71 curveto
-54.89 9.91 -56.22 9.55 -56.57 10.07 curveto
-56.93 10.6 -57.55 11.74 -57.31 12.35 curveto
-57.07 12.96 -55.78 14.25 -55.6 14.28 curveto
-55.42 14.32 -55.04 14.52 -54.71 14.47 curveto
-54.37 14.43 -53.33 13.85 -53.33 13.85 curveto
-53.33 13.85 -53.02 13.8 -52.98 13.41 curveto closepath stroke
newpath -74.09 -125.67 moveto
-74.09 -125.67 -73.43 -121.59 -72.81 -120.54 curveto
-72.19 -119.49 -69.68 -114.55 -69.1 -113.99 curveto
-68.52 -113.42 -67.22 -109.62 -65.29 -109.54 curveto
-63.36 -109.47 -61.44 -110.43 -60.94 -110.95 curveto
-60.43 -111.48 -58.32 -112.79 -57.35 -112.69 curveto
-56.39 -112.59 -55.17 -112.78 -54.05 -113.46 curveto
-52.92 -114.14 -48.22 -118.89 -46.54 -118.09 curveto
-44.87 -117.29 -43.84 -115.49 -44.19 -114.42 curveto
-44.55 -113.35 -45.43 -109.9 -45.03 -109.15 curveto
-44.63 -108.41 -43.69 -105.82 -43.5 -104.48 curveto
-43.3 -103.14 -42.85 -98.08 -42.67 -97.88 curveto
-42.49 -97.69 -40.26 -94.35 -40.14 -93.79 curveto
-40.03 -93.22 -38.91 -87.12 -37.32 -85.48 curveto
-36.2 -84.32 -35.92 -83.01 -34.32 -81.84 curveto
-33.56 -81.29 -32.08 -80.4 -31.1 -81.86 curveto
-30.9 -82.14 -26.04 -81.01 -23.61 -81.09 curveto
-21.18 -81.16 -16.36 -83.65 -14.3 -85.86 curveto
-12.23 -88.07 -12.2 -89.85 -10.23 -88.87 curveto
-8.26 -87.9 -3.8 -85.62 -1.38 -85.26 curveto
1.04 -84.89 6.97 -84.62 8.11 -85.54 curveto
9.25 -86.46 10.77 -89.07 13.19 -90.24 curveto
15.6 -91.4 18.92 -90.99 20.44 -87.74 curveto
21.96 -84.49 22.5 -84.16 25.21 -82 curveto
27.91 -79.84 29.6 -76.38 31.43 -75.31 curveto
33.26 -74.24 35.02 -72.57 37.64 -72.71 curveto
40.26 -72.85 43.45 -73.46 45.03 -73.15 curveto
46.6 -72.84 51.18 -71.36 52.64 -69.94 curveto
54.11 -68.52 58.43 -66.23 59.67 -65.55 curveto
60.9 -64.87 65.34 -60.73 66.27 -59 curveto
67.2 -57.28 69.72 -52.82 72.26 -52.02 curveto
73.2 -51.73 75.68 -48.5 76.46 -47.13 curveto
77.23 -45.75 76.55 -43.91 80 -44.48 curveto
83.45 -45.05 86.91 -45.98 88.49 -45.06 curveto
90.07 -44.15 91.07 -43.8 91.68 -43.9 curveto
92.28 -43.99 96.89 -45.08 97.96 -44.8 curveto
99.03 -44.52 101.66 -44.12 103.09 -43.89 curveto
104.52 -43.66 106.57 -44.99 108.62 -43.84 curveto
110.67 -42.69 115.17 -39.61 115.98 -38.86 curveto
116.79 -38.12 120.77 -35.25 120.47 -31.18 curveto
120.18 -27.11 117.23 -17.9 116.24 -15.73 curveto
115.26 -13.57 115.21 -11.62 113.67 -10.9 curveto
112.13 -10.18 109.41 -7.96 107.66 -8.26 curveto
105.91 -8.55 104.71 -8.94 103.77 -9.97 curveto
102.83 -10.99 99.46 -11.52 99.5 -12.57 curveto
99.53 -13.63 99.88 -15.2 98.19 -18.04 curveto
97.2 -19.7 98.03 -21.31 96.92 -22.06 curveto
95.81 -22.82 94.58 -26.15 88.31 -26.59 curveto
84.54 -26.86 85.75 -27 83.97 -27.38 curveto
82.19 -27.76 80.1 -26.78 79.54 -26.45 curveto
78.98 -26.12 78.85 -25.89 76.75 -25.99 curveto
74.65 -26.09 73.18 -25.69 72.47 -24.47 curveto
71.75 -23.25 69.15 -20.62 68.72 -20.12 curveto
68.29 -19.62 66.93 -17.5 64.13 -17.35 curveto
61.34 -17.21 58.79 -16.53 58.55 -16.23 curveto
58.32 -15.94 57.11 -12.71 55.8 -12.8 curveto
54.49 -12.89 52.21 -12.7 51.83 -9.31 curveto
51.69 -8.1 51.37 -5.31 51.4 -3.97 curveto
51.43 -2.63 50.42 -3.02 50.52 0.46 curveto
50.62 3.92 49.02 5.86 51.94 7.05 curveto
54.83 8.24 58.02 8.1 59.83 9.21 curveto
61.64 10.31 63.65 12.62 65.45 12.61 curveto
67.25 12.59 69.87 12.77 71.07 12.74 curveto
72.26 12.71 73.87 12.64 74.23 15.3 curveto
74.58 17.98 75.51 20.38 75.12 22.2 curveto
74.74 24.03 73.64 26.19 79.13 31.27 curveto
84.66 36.39 87.33 37.28 87.75 38.75 curveto stroke
newpath 18 50.75 moveto
14.83 49.41 9.7 49.64 1.07 45.41 curveto
-0.09 44.84 -5.14 43.52 -5.56 43.62 curveto
-5.99 43.72 -7.01 43.86 -9.59 42.48 curveto
-12.16 41.11 -12.03 39.56 -14.89 40.39 curveto
-17.76 41.21 -19.61 42.33 -23.27 42.16 curveto
-26.93 41.99 -29 41.36 -31.8 42.13 curveto
-34.59 42.91 -36.47 43.3 -37.05 44.05 curveto
-37.62 44.81 -37.56 47.4 -37.56 47.4 curveto
-37.56 47.4 -38.58 48.74 -38.77 50.47 curveto
-38.97 52.21 -38.43 53.62 -38.7 55.72 curveto
-38.97 57.82 -39.1 61.02 -41.54 60.42 curveto
-43.98 59.83 -45.92 58.65 -46.34 57.24 curveto
-46.76 55.84 -49.55 52.34 -49.47 50.53 curveto
-49.39 48.73 -50.19 45.14 -53.06 44.9 curveto
-55.93 44.65 -55.46 43.71 -55.86 43.15 curveto
-56.25 42.59 -58.93 40.85 -58.62 37.92 curveto
-58.31 34.99 -57.26 34.31 -59.81 32.34 curveto
-62.36 30.36 -61.16 31.74 -62.67 29.33 curveto
-64.18 26.92 -68.79 20.11 -69.33 18.83 curveto
-69.88 17.54 -71.5 12.19 -72.64 10.87 curveto
-73.78 9.56 -75.35 7.09 -76.84 5.52 curveto
-78.33 3.96 -78.3 3.18 -78.36 0.53 curveto
-78.42 -2.11 -79.8 -4.82 -80.73 -6.84 curveto
-81.67 -8.87 -84.09 -13.9 -84.38 -15.48 curveto
-84.67 -17.05 -86.88 -21.41 -87.9 -22.78 curveto
-88.92 -24.14 -88.44 -25.44 -89.27 -26.86 curveto
-90.11 -28.28 -93.15 -28.83 -92.77 -30.67 curveto
-92.39 -32.52 -92.23 -33.23 -91.01 -34.92 curveto
-89.8 -36.61 -86.95 -36.97 -86.83 -38.46 curveto
-86.7 -39.96 -86.33 -41.5 -89.08 -44.43 curveto
-89.94 -45.35 -94.7 -49.27 -94.97 -51.26 curveto
-95.24 -53.25 -95.71 -54.89 -95.27 -56.43 curveto
-94.84 -57.97 -94.55 -57.84 -94.1 -59.74 curveto
-93.65 -61.64 -94.64 -62.41 -94.91 -64.28 curveto
-95.19 -66.16 -96.18 -72.09 -97.74 -73.66 curveto
-99.3 -75.24 -100.6 -75.83 -101.31 -77.61 curveto
-102.02 -79.38 -103.36 -83.28 -103.48 -84.9 curveto
-103.59 -86.53 -105.7 -92.8 -106.44 -93.86 curveto
-107.18 -94.91 -111.62 -101.43 -112.15 -103.38 curveto
-112.67 -105.34 -114.52 -107.35 -115.29 -109.13 curveto
-116.06 -110.91 -117.02 -110.84 -118.35 -113.73 curveto
-119.67 -116.62 -119.95 -117.18 -119.95 -117.18 curveto stroke
 0 0.7 dtransform truncate idtransform setlinewidth pop
newpath -48.75162 -63.04184 moveto
-48.05536 -63.72081 -47.21066 -64.63083 -46.23 -65.84 curveto
-43.89972 -68.70915 -43.65349 -68.41776 -43.17047 -69.90874 curveto stroke
newpath -45.79643 -66.3667 moveto
-43.6537 -64.56435 lineto stroke
newpath -41.70036 -75.65506 moveto
-41.37698 -77.3385 -41.28064 -77.68661 -38.92 -80.16 curveto
-37.93307 -81.19731 -37.14378 -82.03435 -36.52167 -82.6987 curveto stroke
newpath -39.57738 -79.4625 moveto
-37.51727 -77.56627 lineto stroke
showpage
%%EOF
