%!PS
%%BoundingBox: -104 -119 121 126 
%%HiResBoundingBox: -103.47838 -118.18047 120.4861 125.88002 
%%Creator: MetaPost 1.209
%%CreationDate: 2015.12.07:2306
%%Pages: 1
%%BeginProlog
%%EndProlog
%%Page: 1 1
 0.00002 0.00018 0.00018 setrgbcolor
newpath 73.86552 -25.64284 moveto
74.19489 -26.06723 74.82274 -26.84421 75.18 -27.08 curveto
75.67 -27.42 76.62 -29.65 77.51 -30.57 curveto
78.39 -31.48 78.6 -36.04 79.3 -38.3 curveto
79.8838 -40.1716 78.35217 -43.59108 77.90715 -44.5211 curveto
77.90717 -44.52109 lineto
78.34904 -44.35193 79.00157 -44.31505 80 -44.48 curveto
83.45 -45.05 86.91 -45.98 88.49 -45.06 curveto
90.07 -44.15 91.07 -43.8 91.68 -43.9 curveto
92.28 -43.99 96.89 -45.08 97.96 -44.8 curveto
99.03 -44.52 101.66 -44.12 103.09 -43.89 curveto
104.52 -43.66 106.57 -44.99 108.62 -43.84 curveto
110.67 -42.69 115.17 -39.61 115.98 -38.86 curveto
116.79 -38.12 120.77 -35.25 120.47 -31.18 curveto
120.18 -27.11 117.23 -17.9 116.24 -15.73 curveto
115.26 -13.57 115.21 -11.62 113.67 -10.9 curveto
112.13 -10.18 109.41 -7.96 107.66 -8.26 curveto
105.91 -8.55 104.71 -8.94 103.77 -9.97 curveto
102.83 -10.99 99.46 -11.52 99.5 -12.57 curveto
99.53 -13.63 99.88 -15.2 98.19 -18.04 curveto
97.2 -19.7 98.03 -21.31 96.92 -22.06 curveto
95.81 -22.82 94.58 -26.15 88.31 -26.59 curveto
84.54 -26.86 85.75 -27 83.97 -27.38 curveto
82.19 -27.76 80.1 -26.78 79.54 -26.45 curveto
78.98 -26.12 78.85 -25.89 76.75 -25.99 curveto
75.58842 -26.04532 74.6196 -25.94765 73.86552 -25.64285 curveto
 closepath fill
gsave newpath 77.90717 -44.52109 moveto
78.34904 -44.35193 79.00157 -44.31505 80 -44.48 curveto
83.45 -45.05 86.91 -45.98 88.49 -45.06 curveto
90.07 -44.15 91.07 -43.8 91.68 -43.9 curveto
92.28 -43.99 96.89 -45.08 97.96 -44.8 curveto
99.03 -44.52 101.66 -44.12 103.09 -43.89 curveto
104.52 -43.66 106.57 -44.99 108.62 -43.84 curveto
110.67 -42.69 115.17 -39.61 115.98 -38.86 curveto
116.79 -38.12 120.77 -35.25 120.47 -31.18 curveto
120.18 -27.11 117.23 -17.9 116.24 -15.73 curveto
115.26 -13.57 115.21 -11.62 113.67 -10.9 curveto
112.13 -10.18 109.41 -7.96 107.66 -8.26 curveto
105.91 -8.55 104.71 -8.94 103.77 -9.97 curveto
102.83 -10.99 99.46 -11.52 99.5 -12.57 curveto
99.53 -13.63 99.88 -15.2 98.19 -18.04 curveto
97.2 -19.7 98.03 -21.31 96.92 -22.06 curveto
95.81 -22.82 94.58 -26.15 88.31 -26.59 curveto
84.54 -26.86 85.75 -27 83.97 -27.38 curveto
82.19 -27.76 80.1 -26.78 79.54 -26.45 curveto
78.98 -26.12 78.85 -25.89 76.75 -25.99 curveto
75.58842 -26.04532 74.6196 -25.94765 73.86552 -25.64285 curveto
73.86552 -25.64284 lineto
74.19489 -26.06723 74.82274 -26.84421 75.18 -27.08 curveto
75.67 -27.42 76.62 -29.65 77.51 -30.57 curveto
78.39 -31.48 78.6 -36.04 79.3 -38.3 curveto
79.8838 -40.1716 78.35217 -43.59108 77.90715 -44.5211 curveto
 closepath clip
 0 0 0 setrgbcolor 0 0.7 dtransform truncate idtransform setlinewidth pop
 [] 0 setdash 1 setlinejoin 10 setmiterlimit
newpath 68.48227 -43.96675 moveto
68.44247 -44.41797 68.69853 -44.835 69.08731 -45.07423 curveto
69.70114 -45.45198 70.43182 -45.54419 71.14844 -45.60739 curveto
71.86505 -45.6706 72.60059 -45.70766 73.27106 -45.44319 curveto
73.6957 -45.27568 74.02078 -44.90988 74.06058 -44.45866 curveto
74.10037 -44.00745 73.84431 -43.59041 73.45554 -43.35118 curveto
72.8417 -42.97343 72.11102 -42.88123 71.39441 -42.81802 curveto
70.6778 -42.75482 69.94226 -42.71776 69.27179 -42.98222 curveto
68.84715 -43.14973 68.52206 -43.51553 68.48227 -43.96675 curveto closepath
 stroke
newpath 73.60608 -27.368 moveto
73.84296 -26.9819 73.7998 -26.49445 73.55856 -26.1069 curveto
73.17766 -25.49506 72.56482 -25.08661 71.95163 -24.71042 curveto
71.33844 -24.33423 70.69667 -23.97296 69.97864 -23.91061 curveto
69.52386 -23.87112 69.06976 -24.05353 68.83289 -24.43962 curveto
68.59601 -24.82571 68.63916 -25.31317 68.8804 -25.70071 curveto
69.2613 -26.31256 69.87415 -26.72101 70.48734 -27.0972 curveto
71.10052 -27.47339 71.7423 -27.83466 72.46033 -27.897 curveto
72.9151 -27.9365 73.3692 -27.75409 73.60608 -27.368 curveto closepath stroke
newpath 90.7323 -53.97383 moveto
91.13264 -54.18575 91.61638 -54.11176 91.98784 -53.84642 curveto
92.57431 -53.42747 92.94305 -52.78998 93.2796 -52.15416 curveto
93.61615 -51.51834 93.93597 -50.85497 93.95265 -50.13441 curveto
93.96321 -49.67804 93.7524 -49.23643 93.35205 -49.02452 curveto
92.9517 -48.8126 92.46797 -48.8866 92.09651 -49.15193 curveto
91.51004 -49.57088 91.1413 -50.20837 90.80475 -50.8442 curveto
90.4682 -51.48001 90.14838 -52.14339 90.1317 -52.86394 curveto
90.12114 -53.32031 90.33195 -53.76192 90.7323 -53.97383 curveto closepath
 stroke
newpath 98.8752 -30.90575 moveto
98.80785 -30.45781 98.46097 -30.11264 98.02686 -29.97145 curveto
97.34146 -29.74855 96.60959 -29.83063 95.8982 -29.93759 curveto
95.1868 -30.04456 94.46317 -30.18135 93.87363 -30.59596 curveto
93.50024 -30.85858 93.27022 -31.29051 93.33757 -31.73845 curveto
93.40492 -32.18639 93.7518 -32.53156 94.18591 -32.67274 curveto
94.8713 -32.89565 95.60318 -32.81357 96.31458 -32.7066 curveto
97.02597 -32.59964 97.7496 -32.46284 98.33914 -32.04823 curveto
98.71252 -31.78561 98.94255 -31.35368 98.8752 -30.90575 curveto closepath
 stroke
newpath 110.26553 -27.40573 moveto
110.19992 -27.85393 110.43163 -28.28494 110.80605 -28.5461 curveto
111.3972 -28.95842 112.12137 -29.0924 112.83318 -29.1966 curveto
113.54498 -29.30078 114.27718 -29.37999 114.96172 -29.1544 curveto
115.39528 -29.01154 115.74078 -28.665 115.8064 -28.2168 curveto
115.87201 -27.7686 115.6403 -27.33759 115.26588 -27.07643 curveto
114.67473 -26.66411 113.95056 -26.53012 113.23875 -26.42593 curveto
112.52695 -26.32175 111.79475 -26.24254 111.11021 -26.46812 curveto
110.67665 -26.611 110.33115 -26.95753 110.26553 -27.40573 curveto closepath
 stroke
grestore
newpath 76.58086 -46.8848 moveto
75.92712 -46.27786 75.24608 -45.65067 75.18 -45.61 curveto
75.06 -45.52 72.22 -42.69 71.65 -42.02 curveto
71.08 -41.36 69.84 -38.5 69.54 -38.03 curveto
69.25 -37.57 67.08 -34.91 65.24 -33.31 curveto
63.39 -31.72 60.02 -32.68 59.33 -32.75 curveto
56.79 -32.98 57.69 -35.64 56.99 -36.69 curveto
56.29 -37.74 57.05 -42.51 56.39 -44.4 curveto
55.73 -46.31 51.45 -48.09 49.12 -47.52 curveto
46.78 -46.96 47.01 -45.82 46.31 -44.25 curveto
45.6 -42.69 44.72 -42.08 42.26 -39.87 curveto
39.87 -37.72 32.3 -39.77 30.08 -40.46 curveto
25.9 -41.75 25.5 -42.88 23.66 -47.32 curveto
21.45 -52.65 14.41 -55.32 13.17 -56.5 curveto
11.22 -58.35 2.72 -63.49 0.88 -64.21 curveto
-5.86 -66.85 -11.34 -69.56 -12.09 -69.95 curveto
-12.84 -70.34 -16.28 -73.13 -17.12 -75.07 curveto
-17.97 -77.01 -17.55 -77.89 -17.55 -77.89 curveto
-18.08 -78.62 lineto
-20.53795 -81.8812 lineto
-20.53792 -81.8812 lineto
-18.24614 -82.8056 -15.66615 -84.39438 -14.3 -85.86 curveto
-12.23 -88.07 -12.2 -89.85 -10.23 -88.87 curveto
-8.26 -87.9 -3.8 -85.62 -1.38 -85.26 curveto
1.04 -84.89 6.97 -84.62 8.11 -85.54 curveto
9.25 -86.46 10.77 -89.07 13.19 -90.24 curveto
15.6 -91.4 18.92 -90.99 20.44 -87.74 curveto
21.96 -84.49 22.5 -84.16 25.21 -82 curveto
27.91 -79.84 29.6 -76.38 31.43 -75.31 curveto
33.26 -74.24 35.02 -72.57 37.64 -72.71 curveto
40.26 -72.85 43.45 -73.46 45.03 -73.15 curveto
46.6 -72.84 51.18 -71.36 52.64 -69.94 curveto
54.11 -68.52 58.43 -66.23 59.67 -65.55 curveto
60.9 -64.87 65.34 -60.73 66.27 -59 curveto
67.2 -57.28 69.72 -52.82 72.26 -52.02 curveto
73.2 -51.73 75.68 -48.5 76.46 -47.13 curveto
76.50484 -47.04965 76.54475 -46.96774 76.58086 -46.88484 curveto
 closepath fill
gsave newpath 76.58086 -46.8848 moveto
75.92712 -46.27786 75.24608 -45.65067 75.18 -45.61 curveto
75.06 -45.52 72.22 -42.69 71.65 -42.02 curveto
71.08 -41.36 69.84 -38.5 69.54 -38.03 curveto
69.25 -37.57 67.08 -34.91 65.24 -33.31 curveto
63.39 -31.72 60.02 -32.68 59.33 -32.75 curveto
56.79 -32.98 57.69 -35.64 56.99 -36.69 curveto
56.29 -37.74 57.05 -42.51 56.39 -44.4 curveto
55.73 -46.31 51.45 -48.09 49.12 -47.52 curveto
46.78 -46.96 47.01 -45.82 46.31 -44.25 curveto
45.6 -42.69 44.72 -42.08 42.26 -39.87 curveto
39.87 -37.72 32.3 -39.77 30.08 -40.46 curveto
25.9 -41.75 25.5 -42.88 23.66 -47.32 curveto
21.45 -52.65 14.41 -55.32 13.17 -56.5 curveto
11.22 -58.35 2.72 -63.49 0.88 -64.21 curveto
-5.86 -66.85 -11.34 -69.56 -12.09 -69.95 curveto
-12.84 -70.34 -16.28 -73.13 -17.12 -75.07 curveto
-17.97 -77.01 -17.55 -77.89 -17.55 -77.89 curveto
-18.08 -78.62 lineto
-20.53795 -81.8812 lineto
-20.53792 -81.8812 lineto
-18.24614 -82.8056 -15.66615 -84.39438 -14.3 -85.86 curveto
-12.23 -88.07 -12.2 -89.85 -10.23 -88.87 curveto
-8.26 -87.9 -3.8 -85.62 -1.38 -85.26 curveto
1.04 -84.89 6.97 -84.62 8.11 -85.54 curveto
9.25 -86.46 10.77 -89.07 13.19 -90.24 curveto
15.6 -91.4 18.92 -90.99 20.44 -87.74 curveto
21.96 -84.49 22.5 -84.16 25.21 -82 curveto
27.91 -79.84 29.6 -76.38 31.43 -75.31 curveto
33.26 -74.24 35.02 -72.57 37.64 -72.71 curveto
40.26 -72.85 43.45 -73.46 45.03 -73.15 curveto
46.6 -72.84 51.18 -71.36 52.64 -69.94 curveto
54.11 -68.52 58.43 -66.23 59.67 -65.55 curveto
60.9 -64.87 65.34 -60.73 66.27 -59 curveto
67.2 -57.28 69.72 -52.82 72.26 -52.02 curveto
73.2 -51.73 75.68 -48.5 76.46 -47.13 curveto
76.50484 -47.04965 76.54475 -46.96774 76.58086 -46.88484 curveto
 closepath clip
newpath -28.0694 -84.30571 moveto
-27.46033 -99.50584 lineto
-11.93813 -97.68016 lineto
-16.2118 -85.36739 lineto
 closepath fill
 0 0 0 setrgbcolor 0 0.7 dtransform truncate idtransform setlinewidth pop
 [] 0 setdash 1 setlinejoin 10 setmiterlimit
newpath -28.0694 -84.30571 moveto
-27.46033 -99.50584 lineto
-11.93813 -97.68016 lineto
-16.2118 -85.36739 lineto
 closepath stroke
 0.00002 0.00018 0.00018 setrgbcolor
newpath -16.45308 -33.79686 moveto
-30.1532 -40.1118 lineto
-21.17482 -53.40005 lineto
-7.84567 -42.47842 lineto
 closepath fill
 0 0 0 setrgbcolor
newpath -16.45308 -33.79686 moveto
-30.1532 -40.1118 lineto
-21.17482 -53.40005 lineto
-7.84567 -42.47842 lineto
 closepath stroke
 0.00002 0.00018 0.00018 setrgbcolor
newpath 6.36993 -25.75311 moveto
6.2598 -40.82791 lineto
23.02234 -40.45895 lineto
18.22882 -26.89474 lineto
 closepath fill
 0 0 0 setrgbcolor
newpath 6.36993 -25.75311 moveto
6.2598 -40.82791 lineto
23.02234 -40.45895 lineto
18.22882 -26.89474 lineto
 closepath stroke
 0.00002 0.00018 0.00018 setrgbcolor
newpath 34.98366 -20.96156 moveto
35.54814 -30.14246 lineto
47.87883 -36.33139 lineto
50.81897 -20.6006 lineto
 closepath fill
 0 0 0 setrgbcolor
newpath 34.98366 -20.96156 moveto
35.54814 -30.14246 lineto
47.87883 -36.33139 lineto
50.81897 -20.6006 lineto
 closepath stroke
 0.00002 0.00018 0.00018 setrgbcolor
newpath 57.87404 -106.20692 moveto
74.54564 -111.27484 lineto
78.86946 -99.8019 lineto
64.48097 -89.14021 lineto
 closepath fill
 0 0 0 setrgbcolor
newpath 57.87404 -106.20692 moveto
74.54564 -111.27484 lineto
78.86946 -99.8019 lineto
64.48097 -89.14021 lineto
 closepath stroke
 0.00002 0.00018 0.00018 setrgbcolor
newpath 80.10391 -74.41599 moveto
69.48975 -60.01338 lineto
55.42125 -73.01997 lineto
64.48122 -79.901 lineto
 closepath fill
 0 0 0 setrgbcolor
newpath 80.10391 -74.41599 moveto
69.48975 -60.01338 lineto
55.42125 -73.01997 lineto
64.48122 -79.901 lineto
 closepath stroke
 0.00002 0.00018 0.00018 setrgbcolor
newpath 57.57278 -33.55873 moveto
50.97186 -22.40266 lineto
40.0695 -28.31581 lineto
45.76984 -43.05971 lineto
 closepath fill
 0 0 0 setrgbcolor
newpath 57.57278 -33.55873 moveto
50.97186 -22.40266 lineto
40.0695 -28.31581 lineto
45.76984 -43.05971 lineto
 closepath stroke
grestore
 0.1 0.2 0.8 setrgbcolor
newpath 43.42003 27.97012 moveto
43.42499 27.98999 44.06085 30.53706 44.28 32.34 curveto
44.49 34.11 45.01 35.66 46.21 36.78 curveto
47.41 37.9 47.48 38.58 53.17 39.05 curveto
58.83 39.52 60.44 39.18 61.91 40.37 curveto
63.38 41.56 65.79 44.09 68.18 44.37 curveto
70.57 44.65 76.18 46.78 77.16 46.77 curveto
78.14 46.75 79.44 45.88 80.6 46.12 curveto
81.76 46.37 81.83 46 82.52 44.84 curveto
83.21 43.68 82.66 42.96 83.71 41.69 curveto
84.76 40.43 85.43 40.4 86.22 39.81 curveto
87.01276 39.22534 87.73676 38.75853 87.74982 38.75012 curveto
87.75 38.75 lineto
87.33 37.28 84.66 36.39 79.13 31.27 curveto
73.64 26.19 74.74 24.03 75.12 22.2 curveto
75.51 20.38 74.58 17.98 74.23 15.3 curveto
73.87 12.64 72.26 12.71 71.07 12.74 curveto
69.87 12.77 67.25 12.59 65.45 12.61 curveto
63.65 12.62 61.64 10.31 59.83 9.21 curveto
58.02 8.1 54.83 8.24 51.94 7.05 curveto
51.58249 6.9043 51.29272 6.74736 51.05931 6.57776 curveto
51.0593 6.57773 lineto
51.08923 7.7666 51.13376 12.27966 50.23 15.8 curveto
49.17 19.89 46.86 24.67 46.5 25.29 curveto
46.13095 25.89844 43.4338 27.95946 43.42004 27.96996 curveto
 closepath fill
 0.00002 0.00018 0.00018 setrgbcolor
newpath -56.95 -84.57 moveto
-56.52 -84.93 -53.13 -87.31 -52.02 -87.8 curveto
-50.9 -88.3 -51.23 -91.65 -51.4 -92.2 curveto
-51.56 -92.75 -53.43 -96.87 -54.37 -99.33 curveto
-55.3 -101.78 -57.94 -100.86 -60.34 -101.37 curveto
-62.74 -101.88 -64.82 -101.3 -65.49 -101.08 curveto
-66.17 -100.86 -69.44 -99.05 -69.82 -98.7 curveto
-70.19 -98.36 -75.13 -97.16 -76.66 -96.55 curveto
-78.19 -95.95 -80.04 -93.07 -80.36 -92.54 curveto
-80.67 -92.01 -79.39 -90.88 -79.45 -89.2 curveto
-79.5 -87.52 -80.4 -87.56 -79.85 -86.15 curveto
-79.3 -84.75 -78.52 -82.98 -77.15 -81 curveto
-75.79 -79.03 -74.64 -79.28 -72.81 -78.48 curveto
-70.99 -77.69 -65.51 -80.27 -64.3 -80.71 curveto
-63.09 -81.14 -57.38 -84.22 -56.95 -84.57 curveto
 closepath fill
 0.1 0.2 0.8 setrgbcolor
newpath -103.47836 -84.8788 moveto
-103.34839 -83.24623 -102.01692 -79.37233 -101.31 -77.61 curveto
-100.6 -75.83 -99.3 -75.24 -97.74 -73.66 curveto
-97.61392 -73.53311 -97.49156 -73.37773 -97.37299 -73.1983 curveto
-97.373 -73.19836 lineto
-96.05281 -72.76231 -94.03105 -71.971 -92.91 -70.92 curveto
-91.23 -69.34 -85.26 -69.28 -84.3 -67.88 curveto
-82.72 -65.59 -80.08 -64.02 -75.3 -63.23 curveto
-70.56 -62.44 -65.14 -63.31 -60.89 -60.5 curveto
-58.19635 -58.72183 -55.14624 -55.89757 -54.45451 -55.24681 curveto
-54.45453 -55.24683 lineto
-53.98457 -56.46716 -53.39911 -57.75116 -52.7 -59.02 curveto
-50.22 -63.52 -49.07 -60.34 -48.36 -60.19 curveto
-48.00496 -60.11499 -47.80746 -59.86745 -47.80624 -59.25232 curveto
-47.80624 -59.25233 lineto
-47.62862 -58.8143 -47.03163 -57.47365 -46.33 -57.34 curveto
-45.5 -57.19 -41.47 -57.12 -40.87 -57.09 curveto
-40.33553 -57.06328 -36.02394 -55.94945 -35.0886 -55.70648 curveto
-35.08865 -55.70648 lineto
-35.28171 -55.49208 -35.29156 -55.10735 -35.03 -54.48 curveto
-33.73 -51.36 -31.75 -48.63 -29.93 -46.56 curveto
-28.11 -44.49 -27.39 -45.71 -25.87 -43.6 curveto
-24.35 -41.48 -20.02 -37.67 -17.95 -37.09 curveto
-15.87 -36.51 -13.31 -34.72 -12.03 -32.56 curveto
-10.74 -30.4 -9.23 -27.99 -8.77 -27.37 curveto
-8.32 -26.75 -7.55 -26.47 -6.5 -25.77 curveto
-5.45 -25.06 -4.46 -22.85 -4.18 -21.15 curveto
-3.89 -19.46 -3.19 -17.8 -2.92 -15.75 curveto
-2.66 -13.69 -2.47 -12.6 -2.36 -12.36 curveto
-2.26 -12.11 -1.85 -9.21 -3.4 -12.11 curveto
-4.94 -15 -5.23 -16.25 -5.11 -12.79 curveto
-5.08 -12.07 -3.5 -11.15 -3.46 -10.73 curveto
-3.42 -10.31 -4.26 -9.15 -3.33 -8.51 curveto
-2.4 -7.86 0.93 -4.51 1.43 -3.65 curveto
1.93 -2.78 5.01 0.6 5.17 1.21 curveto
5.32 1.81 6.39 4.59 8.93 4.2 curveto
11.46 3.82 12.7 2.98 13.19 2.73 curveto
13.5121 2.56252 14.43588 2.62326 14.25323 2.33217 curveto
14.25325 2.33218 lineto
17.54103 4.05638 19.88 5.41 19.88 5.41 curveto
22.48 6.45 lineto
22.48 6.45 24.46 6.71 26.77 7.4 curveto
29.29 8.15 30.95 8.25 31.67 12.38 curveto
31.98 14.17 33.11 16.17 35.59 17.32 curveto
37.8 18.35 40.23 19.68 41.77 21.8 curveto
43.39 24.04 43.91 24.59 44.68 25.69 curveto
45.28 26.53 43.42 27.97 43.42 27.97 curveto
43.42 27.97 lineto
43.42 27.97 46.13 25.9 46.5 25.29 curveto
46.86 24.67 49.17 19.89 50.23 15.8 curveto
51.28 11.71 51.05 6.28 51.05 6.28 curveto
51.05 6.571 lineto
51.05 6.57097 lineto
49.39087 5.35521 50.60759 3.49072 50.52 0.46 curveto
50.42 -3.02 51.43 -2.63 51.4 -3.97 curveto
51.37 -5.31 51.69 -8.1 51.83 -9.31 curveto
52.21 -12.7 54.49 -12.89 55.8 -12.8 curveto
57.11 -12.71 58.32 -15.94 58.55 -16.23 curveto
58.79 -16.53 61.34 -17.21 64.13 -17.35 curveto
66.93 -17.5 68.29 -19.62 68.72 -20.12 curveto
69.15 -20.62 71.75 -23.25 72.47 -24.47 curveto
72.78728 -25.01518 73.25632 -25.3966 73.86552 -25.64285 curveto
73.86552 -25.64284 lineto
74.19489 -26.06723 74.82274 -26.84421 75.18 -27.08 curveto
75.67 -27.42 76.62 -29.65 77.51 -30.57 curveto
78.39 -31.48 78.6 -36.04 79.3 -38.3 curveto
79.8838 -40.1716 78.35217 -43.59108 77.90715 -44.5211 curveto
77.90714 -44.5211 lineto
76.91106 -44.90245 76.98537 -45.95596 76.58086 -46.88484 curveto
76.58086 -46.8848 lineto
75.92712 -46.27786 75.24608 -45.65067 75.18 -45.61 curveto
75.06 -45.52 72.22 -42.69 71.65 -42.02 curveto
71.08 -41.36 69.84 -38.5 69.54 -38.03 curveto
69.25 -37.57 67.08 -34.91 65.24 -33.31 curveto
63.39 -31.72 60.02 -32.68 59.33 -32.75 curveto
56.79 -32.98 57.69 -35.64 56.99 -36.69 curveto
56.29 -37.74 57.05 -42.51 56.39 -44.4 curveto
55.73 -46.31 51.45 -48.09 49.12 -47.52 curveto
46.78 -46.96 47.01 -45.82 46.31 -44.25 curveto
45.6 -42.69 44.72 -42.08 42.26 -39.87 curveto
39.87 -37.72 32.3 -39.77 30.08 -40.46 curveto
25.9 -41.75 25.5 -42.88 23.66 -47.32 curveto
21.45 -52.65 14.41 -55.32 13.17 -56.5 curveto
11.22 -58.35 2.72 -63.49 0.88 -64.21 curveto
-5.86 -66.85 -11.34 -69.56 -12.09 -69.95 curveto
-12.84 -70.34 -16.28 -73.13 -17.12 -75.07 curveto
-17.97 -77.01 -17.55 -77.89 -17.55 -77.89 curveto
-18.08 -78.62 lineto
-20.53795 -81.8812 lineto
-20.53792 -81.8812 lineto
-21.70189 -81.4117 -22.79152 -81.11357 -23.61 -81.09 curveto
-26.04 -81.01 -30.9 -82.14 -31.1 -81.86 curveto
-32.08 -80.4 -33.56 -81.29 -34.32 -81.84 curveto
-35.92 -83.01 -36.2 -84.32 -37.32 -85.48 curveto
-38.91 -87.12 -40.03 -93.22 -40.14 -93.79 curveto
-40.26 -94.35 -42.49 -97.69 -42.67 -97.88 curveto
-42.85 -98.08 -43.3 -103.14 -43.5 -104.48 curveto
-43.69 -105.82 -44.63 -108.41 -45.03 -109.15 curveto
-45.43 -109.9 -44.55 -113.35 -44.19 -114.42 curveto
-43.84 -115.49 -44.87 -117.29 -46.54 -118.09 curveto
-47.01021 -118.3139 -47.71701 -118.10304 -48.51591 -117.66832 curveto
-48.51599 -117.66835 lineto
-48.11859 -116.13463 -46.76532 -110.54395 -47.72 -108.97 curveto
-48.6 -107.54 -47.2 -105.39 -48.85 -105.28 curveto
-50.5 -105.17 -51.49 -105.48 -52.93 -105.2 curveto
-56.04 -104.6 -58.06 -105.61 -58.44 -105.11 curveto
-58.75883 -104.70123 -60.76196 -102.37425 -61.48235 -101.5387 curveto
-61.4823 -101.5387 lineto
-63.38004 -101.70065 -64.92911 -101.26418 -65.49 -101.08 curveto
-66.17 -100.86 -69.44 -99.05 -69.82 -98.7 curveto
-70.19 -98.36 -75.13 -97.16 -76.66 -96.55 curveto
-77.79822 -96.10364 -79.11351 -94.39548 -79.84425 -93.3317 curveto
-79.84425 -93.33168 lineto
-80.32 -93.68 lineto
-80.32 -93.68 -82.23 -94.01 -83.12 -92.6 curveto
-84.01 -91.2 -82.12 -90.03 -82.56 -87.89 curveto
-83 -85.75 -82.8 -84.55 -83.32 -83.49 curveto
-83.84 -82.44 -84.34 -81.98 -88.31 -79.41 curveto
-92.28 -76.83 -90.6 -79.39 -93.89 -78.95 curveto
-97.17 -78.5 -95.55 -79.5 -99.92 -81.86 curveto
-101.95909 -82.96121 -102.97487 -84.04065 -103.47836 -84.87886 curveto
 closepath fill
newpath 66.12215 101.93404 moveto
66.53177 102.37727 66.8412 102.76627 67 103.04 curveto
69.15 106.74 70.8 107.02 72.41 106.93 curveto
74.02 106.85 76.92 106.89 78.59 107.58 curveto
80.26 108.26 85.38 108.54 86.51 109.98 curveto
87.64 111.42 85.71 115.54 85.29 116.23 curveto
84.87 116.92 84.37 119.63 84.64 120.24 curveto
84.9 120.85 86.94 120.61 89.39 119.86 curveto
91.84 119.1 94.75 120.46 95.64 120.87 curveto
96.53 121.28 99.54 121.98 102.56 123.27 curveto
105.58995 124.56999 110.52985 124.58 112.74991 125.87996 curveto
112.75 125.88 lineto
119.94 63.68 lineto
119.93987 63.68 lineto
116.64996 63.93994 115.21999 61.98 114.14 61.74 curveto
113.05 61.5 110.69 61.32 109.33 60.44 curveto
107.96 59.56 107.39 57.17 105.19 55.99 curveto
103.35754 55.0033 100.79634 52.89595 99.53008 51.99951 curveto
99.5301 51.9995 lineto
99.38696 53.00436 99.11963 54.44736 96.85 55.45 curveto
94.37 56.56 94.24 59.54 93.79 61.31 curveto
93.34 63.07 90.16 64.25 88.48 64.77 curveto
86.81 65.29 86.95 66.04 87.08 67.02 curveto
87.21 68.01 87.52 68.14 86.59 68.22 curveto
82.67 68.56 80.67 70.65 79.38 72.11 curveto
78.9921 72.54903 78.68918 72.93652 78.43456 73.28444 curveto
78.43452 73.28447 lineto
78.04953 73.40108 77.24825 73.54169 75.6 73.57 curveto
72.69 73.61 72.58 75.81 72 76.33 curveto
71.42 76.85 70.25 80.39 69.89 81.35 curveto
69.53 82.3 70.8 84.67 72.57 85.97 curveto
74.33 87.27 73.65 88.33 72.52 88.88 curveto
71.38 89.43 70.42 90.95 70.09 91.35 curveto
69.76 91.76 69.59 93.31 69.9 94.23 curveto
70.21 95.15 70.06 95.56 69.92 96.69 curveto
69.78 97.83 68.19 99.41 67.28 100.01 curveto
66.58083 100.47867 66.24174 101.49045 66.12216 101.9341 curveto
 closepath fill
0 0 0 THsetpatterncolor
 0.00002 0.00015 0.00015 setrgbcolor
newpath -97.37305 -73.1984 moveto
-96.02463 -71.15804 -95.16737 -66.00807 -94.91 -64.28 curveto
-94.64 -62.41 -93.65 -61.64 -94.1 -59.74 curveto
-94.1868 -59.37355 -94.26764 -59.08261 -94.34468 -58.84064 curveto
-94.34467 -58.84067 lineto
-94.19016 -58.55052 -93.52338 -57.42693 -92.24 -56.95 curveto
-90.75 -56.41 -89.06 -56.51 -88.67 -54.52 curveto
-88.28 -52.53 -88.01 -49.29 -87.08 -48.59 curveto
-86.15 -47.89 -83.89 -46.19 -83.54 -45.75 curveto
-83.2 -45.32 -80.27 -42.5 -78.69 -42.98 curveto
-77.1 -43.45 -75.95 -43.64 -75.1 -43.96 curveto
-74.24 -44.29 -72.66 -43.44 -70.95 -42.76 curveto
-69.24 -42.09 -66.12 -43.27 -65.43 -43.96 curveto
-64.74 -44.65 -62.37 -46.46 -61.74 -47.21 curveto
-61.1 -47.96 -59.61 -49.22 -58.43 -49.88 curveto
-57.76326 -50.26181 -56.43732 -51.36777 -55.42 -52.24857 curveto
-55.42006 -52.24857 lineto
-55.1871 -53.16449 -54.86484 -54.1814 -54.45453 -55.24683 curveto
-54.45451 -55.24681 lineto
-55.14624 -55.89757 -58.19635 -58.72183 -60.89 -60.5 curveto
-65.14 -63.31 -70.56 -62.44 -75.3 -63.23 curveto
-80.08 -64.02 -82.72 -65.59 -84.3 -67.88 curveto
-85.26 -69.28 -91.23 -69.34 -92.91 -70.92 curveto
-94.03105 -71.971 -96.05281 -72.76231 -97.373 -73.19836 curveto
 closepath fill
 0.1 0.2 0.8 setrgbcolor
newpath 29.74084 50.97554 moveto
33.64821 50.25764 31.34096 47.90036 35.88 49.42 curveto
40.21 50.87 39.47 51.18 41.05 51.36 curveto
42.56 51.54 42.96 51.68 42.96 51.68 curveto
43.44429 51.311 lineto
43.44429 51.31104 lineto
44.26175 50.20137 44.75198 51.25945 48.58 51.48 curveto
53.33 51.76 51.28 50.37 56.75 48.74 curveto
62.10312 47.12917 61.75449 49.78256 61.95834 50.35121 curveto
61.9584 50.35123 lineto
63.63516 49.75462 65.02528 49.47 65.61 49.26 curveto
65.90753 49.15314 66.24063 49.04495 66.59421 48.9453 curveto
66.59425 48.94531 lineto
66.71915 48.7004 66.7846 48.07695 65.42 46.92 curveto
63.59 45.35 64.11 45.59 63.27 44.47 curveto
62.43 43.34 63.31 43.97 61.57 42.78 curveto
60.12997 41.78688 57.93651 41.21156 56.9396 41.13339 curveto
56.93959 41.1334 lineto
55.86212 41.30917 54.8655 41.60571 54.29 41.98 curveto
52.85 42.92 50.81 41.43 46.57 42.48 curveto
42.28 43.54 43.53 44.06 40.03 42.31 curveto
36.36 40.47 36.55 45.08 32.27 46.59 curveto
28.69478 47.85495 30.51334 47.87753 29.74078 50.97562 curveto
 closepath fill
newpath 29.74078 50.97562 moveto
29.63387 51.40436 29.47733 51.892 29.25 52.45 curveto
27.37596 57.04286 26.10533 55.26202 24.7332 55.70422 curveto
24.73318 55.7042 lineto
26.0639 56.72937 29.06924 59.40735 30.90349 61.12798 curveto
30.9035 61.12799 lineto
31.34456 60.35213 33.1854 58.13927 35.98 57.62 curveto
38.94 57.07 40.07 56.78 40.07 56.78 curveto
40.07 56.78 41.05 55.88 42.64 52.74 curveto
42.97977 52.06683 43.22394 51.61012 43.44432 51.31097 curveto
43.44434 51.31096 lineto
42.96 51.68 lineto
42.96 51.68 42.56 51.54 41.05 51.36 curveto
39.47 51.18 40.21 50.87 35.88 49.42 curveto
31.34096 47.90036 33.64821 50.25764 29.74084 50.97554 curveto
 closepath fill
newpath 34.84819 65.77228 moveto
36.53952 68.07184 38.40463 70.76472 38.7 71.47 curveto
40.16 74.94 43.47 76.99 44.02 77.71 curveto
44.57 78.44 45.29 80.5 46.63 82.02 curveto
47.96 83.54 46.98 86.51 46.79 87.51 curveto
46.59 88.52 46.91 89.45 47.94 90.45 curveto
48.97 91.45 52.47 92.66 53.5 94.11 curveto
53.64377 94.3136 53.79582 94.51161 53.95506 94.70335 curveto
53.95505 94.7033 lineto
53.98804 94.36104 54.06427 93.8642 54.24 93.46 curveto
54.54 92.76 54.59 90.37 54.96 88.66 curveto
55.33 86.94 56.08 86.1 57.62 84.58 curveto
59.16 83.05 60.37 83.62 63.95 82.73 curveto
67.45627 81.86572 67.51886 82.89204 70.0874 82.82478 curveto
70.08743 82.82478 lineto
69.84323 82.22563 69.75946 81.69447 69.89 81.35 curveto
70.08347 80.8341 70.51085 79.5731 70.9549 78.43611 curveto
70.9549 78.43611 lineto
70.53188 78.03737 69.49574 77.05289 69.04 76.55 curveto
68.46 75.91 68.46 73.72 68.32 71.64 curveto
68.18 69.55 70.28 68.19 70.56 67.47 curveto
70.84 66.75 71.44 65.91 72.51 63.99 curveto
73.57 62.07 75.06 62.95 78.42 61.46 curveto
81.73703 59.97919 79.7913 61.85094 84.11867 61.00429 curveto
84.1187 61.00423 lineto
84.1658 60.576 84.30832 60.11806 84.6 59.62 curveto
85.66 57.81 85.32 58.67 85.6 57.75 curveto
85.84192 56.95512 86.06891 55.78699 87.76439 53.14272 curveto
87.7645 53.14276 lineto
83.20088 51.00795 83.58585 50.11014 79.91 50.23 curveto
76.23 50.35 72.07 49.21 70.66 48.71 curveto
69.26 48.21 67.03 48.75 65.61 49.26 curveto
64.19 49.77 58.02 50.72 54.53 55.51 curveto
51.04 60.28 50.35 56.42 47.65 58.22 curveto
44.94 60.04 44.57 59.24 43.99 61.04 curveto
43.41 62.84 43.63 62.71 41.67 64.04 curveto
39.85529 65.27438 35.52036 65.7111 34.8482 65.77228 curveto
 closepath fill
 0 0 0 setrgbcolor 0 0.7 dtransform truncate idtransform setlinewidth pop
 [] 0 setdash 1 setlinecap 1 setlinejoin 10 setmiterlimit
newpath 78.78 73.12 moveto
71.79489 72.37189 67.36154 77.50378 70.11302 80.73158 curveto stroke
newpath 70.11302 80.73158 moveto
66.26477 81.441 68.56964 86.43787 70.46478 90.85092 curveto stroke
newpath 70.46478 90.85092 moveto
64.54858 90.14966 61.18343 97.8561 66.07 102.15 curveto stroke
newpath 66.07 102.15 moveto
66.07 102.15 lineto stroke
newpath 99.57 51.72 moveto
94.65555 53.67628 91.20746 58.10635 93.71452 61.54039 curveto stroke
newpath 93.71452 61.54039 moveto
89.92583 61.94739 86.8832 64.72864 85.60732 68.34732 curveto stroke
newpath 85.60732 68.34732 moveto
81.17607 63.17351 72.56393 69.27031 76.58861 75.76465 curveto stroke
newpath 76.58861 75.76465 moveto
71.84543 75.91266 74.00946 82.31406 73.34 86.89 curveto stroke
newpath 73.34 86.89 moveto
73.34 86.89 lineto stroke
newpath 104.24 75.44 moveto
99.2556 75.81258 95.14336 79.43356 96.40828 83.532 curveto stroke
newpath 96.40828 83.532 moveto
91.08614 82.31813 85.72908 83.5048 86.41907 87.35724 curveto stroke
newpath 86.41907 87.35724 moveto
80.54456 85.23706 77.22722 96.71991 86.3114 97.5551 curveto stroke
newpath 86.3114 97.5551 moveto
83.71628 101.22664 85.33278 106.34526 89.49048 108.42627 curveto stroke
newpath 89.49048 108.42627 moveto
85.20102 111.25583 85.15431 117.44937 89.39 119.85999 curveto stroke
newpath 89.39 119.85999 moveto
89.39 119.86 lineto stroke
newpath 14.23 2.32 moveto
17.53 4.05 19.88 5.41 19.88 5.41 curveto
22.48 6.45 lineto
22.48 6.45 24.46 6.71 26.77 7.4 curveto
29.29 8.15 30.95 8.25 31.67 12.38 curveto
31.98 14.17 33.11 16.17 35.59 17.32 curveto
37.8 18.35 40.23 19.68 41.77 21.8 curveto
43.39 24.04 43.91 24.59 44.68 25.69 curveto
45.28 26.53 43.42 27.97 43.42 27.97 curveto stroke
newpath -47.86 -59.39 moveto
-47.86 -59.39 -47.17 -57.5 -46.33 -57.34 curveto
-45.5 -57.19 -41.47 -57.12 -40.87 -57.09 curveto
-40.27 -57.06 -34.91 -55.66 -34.91 -55.66 curveto stroke
 0 0.49 dtransform truncate idtransform setlinewidth pop
newpath -55.62 -52.14 moveto
-53.8194 -49.99577 lineto stroke
newpath -55.2784 -52.37143 moveto
-57.11514 -54.48477 lineto stroke
newpath -58.12828 -50.07056 moveto
-59.71603 -52.37683 lineto stroke
newpath -61.06877 -47.89766 moveto
-62.9746 -49.94888 lineto stroke
newpath -63.74994 -45.40622 moveto
-65.54187 -47.55766 lineto stroke
newpath -66.67639 -43.23898 moveto
-67.74625 -45.82648 lineto stroke
 0.49 0 dtransform exch truncate exch idtransform pop setlinewidth
newpath -70.24648 -42.59045 moveto
-69.95847 -45.37555 lineto stroke
 0 0.49 dtransform truncate idtransform setlinewidth pop
newpath -73.67778 -43.85097 moveto
-72.8426 -46.52344 lineto stroke
newpath -77.23279 -43.37401 moveto
-77.91249 -46.09023 lineto stroke
newpath -80.73186 -43.47598 moveto
-79.3432 -45.90732 lineto stroke
newpath -83.5641 -45.77887 moveto
-81.49472 -47.66501 lineto stroke
newpath -86.40926 -48.08394 moveto
-84.71799 -50.31541 lineto stroke
newpath -88.09837 -51.17546 moveto
-85.35173 -51.71938 lineto stroke
newpath -88.73251 -54.78372 moveto
-86.0565 -55.60757 lineto stroke
newpath -91.57338 -56.74431 moveto
-90.8481 -59.44868 lineto stroke
newpath -94.38 -58.91 moveto
-91.85121 -60.11089 lineto stroke
 0 0.7 dtransform truncate idtransform setlinewidth pop
newpath -55.62 -52.14 moveto
-54.06 -53.45 lineto
-54.06 -53.45 -57.26 -50.55 -58.43 -49.88 curveto
-59.61 -49.22 -61.1 -47.96 -61.74 -47.21 curveto
-62.37 -46.46 -64.74 -44.65 -65.43 -43.96 curveto
-66.12 -43.27 -69.24 -42.09 -70.95 -42.76 curveto
-72.66 -43.44 -74.24 -44.29 -75.1 -43.96 curveto
-75.95 -43.64 -77.1 -43.45 -78.69 -42.98 curveto
-80.27 -42.5 -83.2 -45.32 -83.54 -45.75 curveto
-83.89 -46.19 -86.15 -47.89 -87.08 -48.59 curveto
-88.01 -49.29 -88.28 -52.53 -88.67 -54.52 curveto
-89.06 -56.51 -90.75 -56.41 -92.24 -56.95 curveto
-93.72 -57.5 -94.38 -58.91 -94.38 -58.91 curveto stroke
newpath 44.48 33.27 moveto
42.76439 29.11156 36.31969 29.72885 35.15388 34.7413 curveto stroke
newpath 35.15388 34.7413 moveto
32.13676 31.91867 27.29913 37.38914 31.74368 40.44572 curveto stroke
newpath 31.74368 40.44572 moveto
28.36176 42.05763 22.61049 41.71799 23.97986 45.40472 curveto stroke
newpath 23.97986 45.40472 moveto
20.65424 44.84084 17.6903 47.52597 17.51 51 curveto stroke
newpath 17.51 51 moveto
17.51 51 lineto stroke
newpath 87.75 38.75 moveto
84.13947 36.8954 82.35605 42.14938 80.17195 46.07817 curveto stroke
newpath 80.17195 46.07817 moveto
77.7297 42.00218 72.19931 41.16455 69.11404 44.53256 curveto stroke
newpath 69.11404 44.53256 moveto
67.24283 38.6011 61.55934 36.0469 59.13736 39.44249 curveto stroke
newpath 59.13736 39.44249 moveto
57.33281 35.48288 51.88187 35.27635 47.8023 38.06705 curveto stroke
newpath 47.8023 38.06705 moveto
47.48186 33.87827 47.25772 29.07031 43.42 27.97 curveto stroke
newpath 43.42 27.97 moveto
43.42 27.97 lineto stroke
newpath 77.82 -48.04 moveto
77.82 -48.04 75.31 -45.69 75.18 -45.61 curveto
75.06 -45.52 72.22 -42.69 71.65 -42.02 curveto
71.08 -41.36 69.84 -38.5 69.54 -38.03 curveto
69.25 -37.57 67.08 -34.91 65.24 -33.31 curveto
63.39 -31.72 60.02 -32.68 59.33 -32.75 curveto
56.79 -32.98 57.69 -35.64 56.99 -36.69 curveto
56.29 -37.74 57.05 -42.51 56.39 -44.4 curveto
55.73 -46.31 51.45 -48.09 49.12 -47.52 curveto
46.78 -46.96 47.01 -45.82 46.31 -44.25 curveto
45.6 -42.69 44.72 -42.08 42.26 -39.87 curveto
39.87 -37.72 32.3 -39.77 30.08 -40.46 curveto
25.9 -41.75 25.5 -42.88 23.66 -47.32 curveto
21.45 -52.65 14.41 -55.32 13.17 -56.5 curveto
11.22 -58.35 2.72 -63.49 0.88 -64.21 curveto
-5.86 -66.85 -11.34 -69.56 -12.09 -69.95 curveto
-12.84 -70.34 -16.28 -73.13 -17.12 -75.07 curveto
-17.97 -77.01 -17.55 -77.89 -17.55 -77.89 curveto
-18.08 -78.62 lineto
-21.14 -82.68 lineto
-22.88 -84.32 lineto
-22.88 -84.32 -28.42 -87.02 -27.34 -86.6 curveto stroke
 0.00002 0.00018 0.00018 setrgbcolor
newpath -56.95 -84.57 moveto
-56.52 -84.93 -53.13 -87.31 -52.02 -87.8 curveto
-50.9 -88.3 -51.23 -91.65 -51.4 -92.2 curveto
-51.56 -92.75 -53.43 -96.87 -54.37 -99.33 curveto
-55.3 -101.78 -57.94 -100.86 -60.34 -101.37 curveto
-62.74 -101.88 -64.82 -101.3 -65.49 -101.08 curveto
-66.17 -100.86 -69.44 -99.05 -69.82 -98.7 curveto
-70.19 -98.36 -75.13 -97.16 -76.66 -96.55 curveto
-78.19 -95.95 -80.04 -93.07 -80.36 -92.54 curveto
-80.67 -92.01 -79.39 -90.88 -79.45 -89.2 curveto
-79.5 -87.52 -80.4 -87.56 -79.85 -86.15 curveto
-79.3 -84.75 -78.52 -82.98 -77.15 -81 curveto
-75.79 -79.03 -74.64 -79.28 -72.81 -78.48 curveto
-70.99 -77.69 -65.51 -80.27 -64.3 -80.71 curveto
-63.09 -81.14 -57.38 -84.22 -56.95 -84.57 curveto closepath fill
 0 0 0 setrgbcolor
newpath -56.95 -84.57 moveto
-56.52 -84.93 -53.13 -87.31 -52.02 -87.8 curveto
-50.9 -88.3 -51.23 -91.65 -51.4 -92.2 curveto
-51.56 -92.75 -53.43 -96.87 -54.37 -99.33 curveto
-55.3 -101.78 -57.94 -100.86 -60.34 -101.37 curveto
-62.74 -101.88 -64.82 -101.3 -65.49 -101.08 curveto
-66.17 -100.86 -69.44 -99.05 -69.82 -98.7 curveto
-70.19 -98.36 -75.13 -97.16 -76.66 -96.55 curveto
-78.19 -95.95 -80.04 -93.07 -80.36 -92.54 curveto
-80.67 -92.01 -79.39 -90.88 -79.45 -89.2 curveto
-79.5 -87.52 -80.4 -87.56 -79.85 -86.15 curveto
-79.3 -84.75 -78.52 -82.98 -77.15 -81 curveto
-75.79 -79.03 -74.64 -79.28 -72.81 -78.48 curveto
-70.99 -77.69 -65.51 -80.27 -64.3 -80.71 curveto
-63.09 -81.14 -57.38 -84.22 -56.95 -84.57 curveto closepath stroke
newpath 96.21 49.41 moveto
91.49374 42.24489 81.24959 49.66045 86.15181 56.10455 curveto stroke
newpath 86.15181 56.10455 moveto
80.94571 56.76787 79.34546 64.00952 83.84 68.96 curveto stroke
newpath 83.84 68.96 moveto
83.84 68.96 lineto stroke
newpath 84.29 60.97 moveto
81.16914 57.37833 75.49536 58.40141 74.32135 62.63101 curveto stroke
newpath 74.32135 62.63101 moveto
70.29234 58.52919 62.82472 65.35979 68.39246 70.75726 curveto stroke
newpath 68.39246 70.75726 moveto
61.45868 72.73105 66.47568 81.08374 70.32 77.9 curveto stroke
newpath 70.32 77.9 moveto
70.32 77.9 lineto stroke
newpath 92.52 45.76 moveto
90.68979 45.90594 88.55025 43.52138 87.22763 45.29228 curveto stroke
newpath 87.22763 45.29228 moveto
86.06969 42.59648 82.18639 43.08986 81.77 45.87 curveto stroke
newpath 81.77 45.87 moveto
81.77 45.87 lineto stroke
newpath 90.59 49.91 moveto
92.45068 46.65662 87.86028 43.27884 85.11964 46.36557 curveto stroke
newpath 85.11964 46.36557 moveto
84.09677 43.29062 79.4993 43.234 78.02 46.68 curveto stroke
newpath 78.02 46.68 moveto
78.02 46.68 lineto stroke
newpath 87.78 53.15 moveto
87.36282 47.99174 81.00365 46.29224 78.4539 50.21692 curveto stroke
newpath 78.4539 50.21692 moveto
76.06097 45.51843 70.29126 44.8998 68.63385 48.5456 curveto stroke
newpath 68.63385 48.5456 moveto
65.74625 44.50519 59.2968 46.4883 59.13918 51.59204 curveto stroke
newpath 59.13918 51.59204 moveto
56.04648 49.67685 53.19121 53.64928 51.60518 57.97673 curveto stroke
newpath 51.60518 57.97673 moveto
47.0093 52.47452 40.62474 58.52615 43.64946 62.10657 curveto stroke
newpath 43.64946 62.10657 moveto
40.24104 62.71931 36.22714 62.67188 34.76 65.78 curveto stroke
newpath 34.76 65.78 moveto
34.76 65.78 lineto stroke
newpath 66.5 49.07 moveto
70.23401 50.50945 69.02902 42.84888 62.76012 43.65092 curveto stroke
newpath 62.76012 43.65092 moveto
64.66719 39.09409 57.78358 36.75542 56.49 41.15 curveto stroke
newpath 56.49 41.15 moveto
56.49 41.15 lineto stroke
newpath 63.81 41.7 moveto
60.60626 38.13698 54.94588 38.38986 52.18864 42.26129 curveto stroke
newpath 52.18864 42.26129 moveto
50.41339 38.37323 44.9636 39.68979 40.58197 42.58638 curveto stroke
newpath 40.58197 42.58638 moveto
40.3045 38.00858 30.62791 38.02156 30.66217 47.25978 curveto stroke
newpath 30.66217 47.25978 moveto
27.24663 45.30469 25.49542 50.57484 24.61 55.75 curveto stroke
newpath 24.61 55.75 moveto
24.61 55.75 lineto stroke
newpath 61.97 50.38 moveto
65.72014 45.84387 53.99744 40.80087 51.30296 51.34903 curveto stroke
newpath 51.30296 51.34903 moveto
45.82622 45.99904 39.112 51.09879 41.24223 55.22186 curveto stroke
newpath 41.24223 55.22186 moveto
34.30887 54.89778 28.3945 57.58467 30.84 61.25 curveto stroke
newpath 30.84 61.25 moveto
30.84 61.25 lineto stroke
newpath 43.59 51.2 moveto
41.10019 50.15877 38.5592 47.8899 36.51753 49.63783 curveto stroke
newpath 36.51753 49.63783 moveto
35.99454 46.83446 31.13583 46.68794 29.66 50.99 curveto stroke
newpath 29.66 50.99 moveto
29.66 50.99 lineto stroke
newpath 70.23 82.82 moveto
66.20111 76.28069 57.85323 78.81485 58.21208 84.08035 curveto stroke
newpath 58.21208 84.08035 moveto
52.27286 81.1706 46.6207 90.76706 53.93 95.11 curveto stroke
newpath 53.93 95.11 moveto
53.93 95.11 lineto stroke
 0 0.49 dtransform truncate idtransform setlinewidth pop
newpath 73.65 -25.36 moveto
73.65 -25.36 74.68 -26.75 75.18 -27.08 curveto
75.67 -27.42 76.62 -29.65 77.51 -30.57 curveto
78.39 -31.48 78.6 -36.04 79.3 -38.3 curveto
79.98 -40.48 77.79 -44.76 77.79 -44.76 curveto stroke
 0 0.7 dtransform truncate idtransform setlinewidth pop
newpath 45.31764 26.44458 moveto
45.86667 25.97755 46.35732 25.52522 46.5 25.29 curveto
46.7342 24.88664 47.79375 22.72258 48.79749 20.13329 curveto stroke
newpath 47.37585 23.49712 moveto
49.92276 24.66035 lineto stroke
newpath 50.30286 15.50557 moveto
50.89366 13.02875 51.04132 10.13203 51.06686 8.2547 curveto stroke
newpath 50.87395 11.90094 moveto
53.66147 12.16455 lineto stroke
showpage
%%EOF
