%!PS
%%BoundingBox: -1 -1 141 141 
%%HiResBoundingBox: -0.24501 -0.24501 140.24501 140.24501 
%%Creator: MetaPost 1.209
%%CreationDate: 2015.12.07:2306
%%Pages: 1
%%BeginProlog
%%EndProlog
%%Page: 1 1
gsave newpath 0 0 moveto
46.66595 0 93.33405 0 140 0 curveto
140 46.66595 140 93.33405 140 140 curveto
93.33405 140 46.66595 140 0 140 curveto
0 93.33405 0 46.66595 0 0 curveto closepath clip
 1 1 1 setrgbcolor
newpath 0 0 moveto
326.66168 0 653.33832 0 980 0 curveto
980 326.66168 980 653.33832 980 980 curveto
653.33832 980 326.66168 980 0 980 curveto
0 653.33832 0 326.66168 0 0 curveto closepath fill
gsave newpath 0.0001 0 moveto
153.85997 0 lineto
153.85997 51.28587 153.85997 102.5741 153.85997 153.85997 curveto
102.5741 153.85997 51.28587 153.85997 0 153.85997 curveto
0 -0.0001 lineto
 closepath clip
 0 0 0 setrgbcolor 0 2.45004 dtransform truncate idtransform setlinewidth pop
 [] 0 setdash 1 setlinejoin 10 setmiterlimit
newpath -21.99548 -12.363 moveto
-20.74739 -11.38536 -20.29419 -9.73363 -20.61292 -8.16798 curveto
-21.1161 -5.69604 -22.62813 -3.60863 -24.18074 -1.62642 curveto
-25.73335 0.35579 -27.3979 2.32379 -29.67737 3.4044 curveto
-31.12103 4.08885 -32.83333 4.04442 -34.08142 3.06677 curveto
-35.32951 2.08913 -35.78271 0.4374 -35.46399 -1.12825 curveto
-34.9608 -3.60019 -33.44878 -5.6876 -31.89616 -7.66982 curveto
-30.34355 -9.65202 -28.679 -11.62003 -26.39954 -12.70064 curveto
-24.95587 -13.38509 -23.24358 -13.34065 -21.99548 -12.363 curveto closepath
 stroke
newpath 63.56653 -33.09822 moveto
64.80319 -34.09029 66.51474 -34.15459 67.96642 -33.48691 curveto
70.25816 -32.43289 71.94557 -30.48422 73.52104 -28.52017 curveto
75.09651 -26.55612 76.63268 -24.48633 77.1646 -22.02048 curveto
77.50137 -20.45857 77.06729 -18.80171 75.83063 -17.80965 curveto
74.59396 -16.81758 72.88242 -16.75328 71.43074 -17.42096 curveto
69.13899 -18.47498 67.45158 -20.42365 65.87611 -22.3877 curveto
64.30064 -24.35175 62.76448 -26.42154 62.23256 -28.88739 curveto
61.89578 -30.4493 62.32986 -32.10616 63.56653 -33.09822 curveto closepath
 stroke
newpath 56.80472 56.58757 moveto
58.16272 57.40575 58.81374 58.98987 58.68845 60.58275 curveto
58.4902 63.09752 57.24393 65.3538 55.94446 67.51044 curveto
54.64499 69.66707 53.23273 71.82338 51.10205 73.17369 curveto
49.75249 74.02893 48.04767 74.19353 46.68967 73.37535 curveto
45.33167 72.55717 44.68065 70.97305 44.80594 69.38017 curveto
45.00418 66.8654 46.25046 64.60912 47.54993 62.45248 curveto
48.8494 60.29585 50.26166 58.13954 52.39233 56.78923 curveto
53.7419 55.93399 55.44672 55.7694 56.80472 56.58757 curveto closepath stroke
newpath 149.61517 -30.97641 moveto
150.51068 -29.66808 150.44499 -27.95653 149.66933 -26.55965 curveto
148.44463 -24.35431 146.37387 -22.81953 144.29607 -21.39745 curveto
142.21826 -19.97536 140.03792 -18.60037 137.53896 -18.25697 curveto
135.95601 -18.0395 134.33685 -18.5977 133.44135 -19.90604 curveto
132.54584 -21.21437 132.61153 -22.92592 133.38719 -24.3228 curveto
134.6119 -26.52814 136.68265 -28.06291 138.76045 -29.485 curveto
140.83826 -30.90709 143.0186 -32.28207 145.51756 -32.62547 curveto
147.10051 -32.84294 148.71967 -32.28474 149.61517 -30.97641 curveto closepath
 stroke
newpath 122.20744 55.78467 moveto
120.73024 56.36038 119.07808 55.90868 117.89343 54.83661 curveto
116.02295 53.14407 114.99724 50.77937 114.08293 48.43336 curveto
113.16862 46.08736 112.32343 43.65237 112.5552 41.14038 curveto
112.70207 39.54942 113.61275 38.09882 115.08995 37.5231 curveto
116.56715 36.94739 118.21931 37.3991 119.40396 38.47116 curveto
121.27444 40.1637 122.30016 42.5284 123.21446 44.8744 curveto
124.12877 47.22041 124.97397 49.6554 124.74219 52.16739 curveto
124.59532 53.75835 123.68465 55.20895 122.20744 55.78467 curveto closepath
 stroke
grestore
grestore
 0 0 0 setrgbcolor 0 0.49 dtransform truncate idtransform setlinewidth pop
 [] 0 setdash 1 setlinejoin 10 setmiterlimit
newpath 0 0 moveto
46.66595 0 93.33405 0 140 0 curveto
140 46.66595 140 93.33405 140 140 curveto
93.33405 140 46.66595 140 0 140 curveto
0 93.33405 0 46.66595 0 0 curveto closepath stroke
showpage
%%EOF
