%!PS
%%BoundingBox: -137 -188 135 189 
%%HiResBoundingBox: -136.11646 -187.395 134.6559 188.195 
%%Creator: MetaPost 1.209
%%CreationDate: 2015.12.07:2306
%%Pages: 1
%%BeginProlog
%%EndProlog
%%Page: 1 1
 0 0 0 setrgbcolor 0 0.49 dtransform truncate idtransform setlinewidth pop
 [] 0 setdash 1 setlinecap 1 setlinejoin 10 setmiterlimit
newpath 45.93 -176.56 moveto
48.8 -167.16 48.74 -148.97 48.18 -146.39 curveto
47.61 -143.79 41.86 -132.26 40.46 -130.08 curveto
39.05 -127.89 39.52 -119.78 39.35 -114.22 curveto
39.17 -108.51 45.55 -94.95 45.55 -94.95 curveto
45.55 -94.95 48.18 -77.15 48.62 -74.08 curveto
49.05 -71.05 46.69 -71.94 45.92 -71.95 curveto
45.16 -71.97 43.18 -73.63 42.61 -76.27 curveto
42.04 -78.87 38.52 -80.82 38.52 -80.82 curveto
38.52 -80.82 38.63 -79.2 38.71 -78.37 curveto
38.8 -77.37 39.7 -72.76 38.11 -68.04 curveto
37.08 -64.98 38.86 -58.88 39.54 -57.34 curveto
40.23 -55.77 44.52 -43.85 44.64 -42.84 curveto
44.75 -41.82 47.89 -34.67 47.46 -32.73 curveto
47.13 -31.28 47.49 -29.92 47.97 -28.94 curveto
48.46 -27.96 50.46 -21.68 47.4 -16.08 curveto
44.38 -10.55 44.25 -0.13 45.33 3.83 curveto
46.4 7.76 47.89 11.76 48.59 16.23 curveto
50.14 25.98 47.27 28.38 45.61 30.14 curveto
43.94 31.89 41.32 37.3 41.18 38.8 curveto
41.03 40.31 38.86 47.4 35.7 51.78 curveto
32.55 56.14 35.22 62.32 36.77 65.93 curveto
38.17 69.2 36.55 69.51 40.31 70.78 curveto
44.1 72.07 43.88 75.27 45.6 83.91 curveto
47.29 92.42 52.84 91.01 56.01 90.87 curveto
59.26 90.72 69.53 90.59 78.41 87.6 curveto
87.17 84.65 109.31 91.2 110.63 92.11 curveto
111.94 93.02 124.56 98.37 130.5 100.01 curveto
136.38 101.62 133.93 104.84 133.77 112.13 curveto
133.61 119.38 126.67 128.22 126.01 129.75 curveto
125.37 131.29 125.86 140.5 127.69 145.43 curveto
129.51 150.32 131.71 155.88 133.98 159.89 curveto stroke
newpath 122.79 187.95 moveto
122.79 187.95 119.08 184.93 114.48 179.47 curveto
109.83 173.95 106.44 163.08 104.76 163.36 curveto
103.07 163.64 101.01 164.13 96.24 162.27 curveto
91.44 160.4 90.25 152.09 88.03 148.65 curveto
85.81 145.21 83.6 143.45 72.33 135.95 curveto
61.03 128.42 41.12 124.88 34.41 121.24 curveto
27.46 117.45 15.99 106.95 16.06 103.61 curveto
16.29 92.48 11 96.69 9.25 97.07 curveto
7.5 97.46 -0.71 102.84 -4.65 107.04 curveto
-8.58 111.23 -14.67 114.98 -20.59 116.04 curveto
-26.61 117.12 -26.88 109.84 -25.6 107.53 curveto
-24.32 105.23 -26.03 98.75 -26.61 95.01 curveto
-27.18 91.29 -34.14 84.51 -35.08 83.8 curveto
-36.02 83.09 -51.87 61 -53.06 58.36 curveto
-54.25 55.74 -62.47 48.25 -64.28 46.24 curveto
-66.08 44.24 -68.83 40.61 -70.7 40.41 curveto
-72.54 40.22 -71.53 40.41 -77.01 43.08 curveto
-82.95 45.97 -86.36 43.31 -96.96 44.33 curveto
-108.1 45.41 -108.81 42.44 -111.83 41.24 curveto
-114.82 40.05 -116.29 41.66 -118.1 42.62 curveto
-119.88 43.56 -119.34 45.5 -122.91 47.39 curveto
-126.49 49.29 -126.06 46.1 -129.55 43.38 curveto
-132.97 40.72 -129.25 38.37 -129.2 33.77 curveto
-129.16 29.27 -127.98 29.04 -129.27 24.81 curveto
-130.55 20.64 -129.76 22.18 -130.45 20.93 curveto
-131.14 19.68 -134.42 17.03 -135.65 11.43 curveto
-136.95 5.53 -132.22 4.03 -129.44 0.38 curveto
-126.77 -3.13 -128.93 -5.79 -129.81 -9.93 curveto stroke
newpath -129.81 -9.93 moveto
-133.85 -47.04 lineto
-133.85 -47.04 -130.87 -82.8 -127.78 -82.64 curveto
-125.29 -82.51 -121.38 -75.47 -120.73 -77.36 curveto
-112.7 -100.62 -120.42 -84.76 -114.81 -105.11 curveto
-111.06 -118.71 -113.88 -113.54 -114.74 -121.82 curveto
-115.41 -128.33 -113.6 -130.53 -113.6 -130.53 curveto
-113.6 -130.53 -114.23 -132.09 -114 -137.73 curveto
-113.8 -142.65 -125.95 -144.87 -129.07 -143.77 curveto stroke
newpath -86.21 -148.47 moveto
-86.21 -148.47 -88.07 -144.73 -90.14 -143.01 curveto
-92.36 -141.16 -94.1 -139.16 -94.52 -132.59 curveto
-95.06 -124.31 -97.73 -119.24 -99.11 -114.14 curveto
-100.56 -108.77 -109.28 -74.34 -112.02 -66.24 curveto
-123.05 -33.71 -122.01 -41.19 -123.77 -43.1 curveto
-123.99 -43.34 -123.72 -46.17 -123.88 -47.34 curveto
-124.04 -48.48 -123.31 -10.71 -122.99 -8.58 curveto
-122.67 -6.51 -122.5 -6.76 -121.37 -5.32 curveto
-119.95 -3.53 -118.6 3.3 -109.9 4.05 curveto
-107.39 4.27 -102.41 7.8 -99.79 9.32 curveto
-97.21 10.81 -89.37 18.99 -87.7 20.43 curveto
-86.02 21.88 -86.42 27.65 -78.85 29.68 curveto
-71.6 31.64 -73.07 29.81 -69.38 28.81 curveto
-65.57 27.78 -59.27 22.06 -56.47 25.64 curveto
-53.63 29.29 -51.88 34.49 -49.52 37.06 curveto
-47.2 39.58 -44.25 41.7 -42.21 43.3 curveto
-40.16 44.89 -32.13 52.89 -30.62 55.31 curveto
-29.11 57.74 -25.22 67.18 -23.89 68.91 curveto
-22.55 70.65 -23.21 74.8 -18.86 75.09 curveto
-14.58 75.38 -13.51 74.43 -13.13 72.96 curveto
-12.74 71.51 -13.87 69.72 -10.29 70.19 curveto
-6.8 70.65 -1.06 71.88 1.95 73.01 curveto
4.91 74.12 11.85 73.97 14.56 74.04 curveto
17.3 74.11 22.45 74.35 23.92 71.08 curveto
25.39 67.84 26.42 63.99 26.12 61.61 curveto
25.81 59.22 24 51.88 24.57 50.66 curveto
25.14 49.45 26.16 46.95 24.08 43.31 curveto
22.01 39.69 18.95 29.64 25.11 25.91 curveto
31.17 22.24 32.58 22.61 33.14 20.28 curveto
33.7 17.95 33.83 8.46 33.41 6.52 curveto
32.98 4.57 31.61 -2.36 31.32 -3.7 curveto
31.04 -5.01 29.55 -9.48 32.07 -14.22 curveto
34.54 -18.86 37 -21.8 37.43 -27.44 curveto
37.82 -32.46 36.33 -33.58 36.35 -35.29 curveto
36.37 -37.13 36.53 -37.89 36.86 -38.9 curveto
37.19 -39.95 39.12 -44.3 34.86 -42.28 curveto
30.95 -40.42 26.48 -37.31 27 -43.29 curveto
27.55 -49.58 29.25 -48.4 29.59 -52.28 curveto
29.92 -56.06 31.09 -60.61 31.09 -64.15 curveto
31.09 -67.71 28.62 -77.57 27.73 -78.33 curveto
26.84 -79.09 28.83 -82 26.38 -82.06 curveto
23.92 -82.11 15.16 -80.6 15.31 -85.61 curveto
15.45 -90.67 14.62 -100.17 18.12 -109.97 curveto
18.9 -112.16 19.09 -117.56 17.83 -121.46 curveto
16.6 -125.23 15.48 -129.01 13.54 -133.12 curveto
11.63 -137.17 10.28 -142.09 9.78 -143.54 curveto
9.29 -144.99 8.22 -149.62 8.22 -149.62 curveto stroke
newpath 11.4 -149.46 moveto
12.67 -147.91 16.85 -141.14 16.85 -141.14 curveto
16.85 -141.14 17.6 -137.83 19.47 -137.81 curveto
21.34 -137.79 22.15 -138.49 21.57 -140.64 curveto
21 -142.76 16.32 -149.32 15.89 -149.84 curveto
15.46 -150.36 9.88 -157.5 10 -158.84 curveto
10.12 -160.2 9.49 -164.72 12.61 -160.86 curveto
15.73 -157.01 17.9 -154.87 18.44 -154.13 curveto
18.98 -153.39 24.59 -147.43 26.75 -146.92 curveto
28.9 -146.4 26.67 -152.36 26.88 -154.16 curveto
27.1 -155.97 26.02 -159.51 26.46 -161.34 curveto
26.89 -163.18 23.54 -169.7 24.3 -173.39 curveto
25.06 -177.09 23.71 -182.08 25.89 -187.15 curveto stroke
newpath 41.41 -3.76 moveto
41.41 -3.76 41.98 -7.12 41.87 -7.85 curveto
41.77 -8.58 41.97 -10.81 41.62 -11.52 curveto
41.27 -12.23 40.85 -13.68 40.85 -13.68 curveto
40.85 -13.68 38.98 -14.78 38.8 -12.51 curveto
38.63 -10.27 38.7 -5.98 39.13 -4.55 curveto
39.57 -3.12 39.35 -1.47 39.94 -1.91 curveto
40.53 -2.34 41.41 -3.76 41.41 -3.76 curveto closepath stroke
newpath 95.58 96.36 moveto
94.75 96.14 88.52 93.17 86.67 93.08 curveto
84.82 92.99 77.36 93.66 73.32 95.18 curveto
69.26 96.7 64.29 95.84 63.84 103.49 curveto
63.77 104.63 64.26 107.88 69.78 108.21 curveto
75.29 108.53 77.57 108.47 79.51 108.02 curveto
81.45 107.57 86.24 107.8 86.94 108.19 curveto
87.65 108.58 94.18 108.23 95.05 107.3 curveto
95.91 106.38 104.62 104.96 105.16 104.25 curveto
105.7 103.55 108.61 103.31 109.13 100.84 curveto
109.65 98.36 111.35 96.29 108.75 94.66 curveto
106.71 93.38 104.56 95.16 103.34 95.54 curveto
102.11 95.91 101.42 96.8 98.83 96.81 curveto
96.23 96.82 96.41 96.58 95.58 96.36 curveto closepath stroke
newpath 43.77 -15.6 moveto
43.77 -15.6 45.6 -16.55 45.89 -17.69 curveto
46.18 -18.84 46.01 -20.64 45.78 -21.39 curveto
45.54 -22.13 45.25 -23.09 45.25 -23.73 curveto
45.26 -24.37 44.32 -27.32 42.99 -22.91 curveto
41.69 -18.61 41.66 -19.2 41.56 -17.84 curveto
41.47 -16.5 41.23 -14.23 42.14 -14.82 curveto
43.04 -15.41 43.77 -15.6 43.77 -15.6 curveto closepath stroke
newpath 43.23 23.25 moveto
44.18 20.26 43.85 16.55 43.66 15.45 curveto
43.46 14.36 42.89 10.86 42.93 8.67 curveto
42.96 6.5 41.02 3.86 41.02 3.86 curveto
41.02 3.86 37.56 5.12 38.33 10.98 curveto
39.11 16.85 39.25 20.5 39.44 21.81 curveto
39.62 23.11 39.32 24.01 39.86 25.27 curveto
40.33 26.35 41.82 25.93 43.23 23.25 curveto stroke
showpage
%%EOF
