%!PS
%%BoundingBox: -604 -608 604 612 
%%HiResBoundingBox: -603.41 -607.66876 603.23999 611.27 
%%Creator: MetaPost 1.209
%%CreationDate: 2015.12.07:2306
%%Pages: 1
%%BeginProlog
%%EndProlog
%%Page: 1 1
 0 0 0 setrgbcolor 0 0.7 dtransform truncate idtransform setlinewidth pop
 [] 0 setdash 1 setlinecap 1 setlinejoin 10 setmiterlimit
newpath 221.55293 -448.0718 moveto
220.99265 -449.08676 222.51312 -450.38174 221.67049 -451.33492 curveto
220.57715 -452.57167 218.34898 -449.62758 217.34645 -451.34679 curveto
216.25845 -453.21251 220.12907 -453.50227 219.7634 -455.07959 curveto
219.35303 -456.84956 216.99422 -455.39107 215.83632 -456.10997 curveto
214.42628 -456.98537 215.50723 -459.02362 214.78706 -460.3282 curveto stroke
newpath 215.20483 -455.36447 moveto
214.76799 -455.5171 214.37305 -455.70781 214.14217 -456.02954 curveto
213.17447 -457.37793 214.95316 -458.84732 214.78706 -460.3282 curveto
215.95166 -459.39853 215.733 -457.10179 217.37071 -456.83261 curveto
217.7615 -456.7684 218.17561 -456.91283 218.5924 -457.11378 curveto
 closepath stroke
newpath 215.20483 -455.36447 moveto
214.76799 -455.5171 214.37305 -455.70781 214.14217 -456.02954 curveto
213.17447 -457.37793 214.95316 -458.84732 214.78706 -460.3282 curveto
215.95166 -459.39853 215.733 -457.10179 217.37071 -456.83261 curveto
217.7615 -456.7684 218.17561 -456.91283 218.5924 -457.11378 curveto
 closepath fill
 0 1.4 dtransform truncate idtransform setlinewidth pop
newpath -129.71 418.06 moveto
-131.21 419.19 -147.48 412.68 -155.68 408.22 curveto
-163.88 403.75 -181.46 394.28 -187.99 389.89 curveto
-194.51 385.5 -211.33 370.07 -221.86 358.77 curveto
-232.39 347.47 -241.94 326.09 -244.67 317.79 curveto
-247.4 309.5 -262.2 301.87 -267.16 299.96 curveto
-272.12 298.05 -282.52 294.43 -284.73 290.24 curveto
-286.94 286.05 -305.59 268.58 -310.26 265.72 curveto
-314.93 262.86 -329.02 255.71 -333.56 255.26 curveto
-338.11 254.81 -344.14 250.21 -344.78 248.49 curveto
-345.43 246.78 -359.53 229.78 -362.72 226.03 curveto
-365.91 222.28 -367.12 222.46 -370.53 223.5 curveto
-373.94 224.54 -372.9 222.91 -376.01 222.53 curveto
-379.11 222.14 -398.59 212.35 -408.92 202.26 curveto
-419.26 192.17 -437.63 194.68 -445.83 195.27 curveto
-454.02 195.85 -483.63 171.17 -491.75 165.02 curveto
-499.87 158.88 -513 141.69 -516.01 134.1 curveto
-519.02 126.51 -525.76 106.02 -528.94 102.27 curveto
-532.13 98.51 -541.61 85.34 -546.95 76.2 curveto
-552.3 67.06 -566.41 29.39 -569.87 26.34 curveto
-573.33 23.3 -579.48 21.09 -581.62 20.74 curveto
-583.77 20.4 -588.39 11.29 -591.03 6.12 curveto
-593.67 0.95 -594.51 -1.73 -596.83 -3.52 curveto
-599.15 -5.31 -602.71 -6.2 -602.71 -6.2 curveto stroke
newpath -70.53 233.3 moveto
-68.99 236.38 -68.42 239.52 -66.61 244.65 curveto
-64.81 249.78 -57.83 270.28 -57.61 275.94 curveto
-57.39 281.6 -56.51 285.85 -56.37 295.83 curveto
-56.24 305.81 -56.76 309.39 -55.16 311.02 curveto
-53.55 312.66 -50.41 324.94 -50.59 328.78 curveto
-50.77 332.62 -48.75 340.76 -47.16 345.28 curveto
-45.57 349.8 -45.97 353.15 -43.34 358.44 curveto
-40.71 363.73 -39.73 368.22 -37.81 370.72 curveto
-35.89 373.21 -35.78 381.02 -35.29 385.84 curveto
-34.79 390.67 -35.1 402.29 -32.83 407.56 curveto
-30.55 412.83 -25.18 421.13 -23.28 421.58 curveto
-21.38 422.03 -10.09 445.24 -7.22 448.02 curveto
-4.35 450.8 5.38 476.82 6.77 480.49 curveto stroke
newpath -15.65 172.7 moveto
-12.96 166.58 -12.02 166.98 -12.43 160.48 curveto
-12.85 153.97 -14.96 150.27 -15.74 146.38 curveto
-16.52 142.5 -17.19 138.87 -15.45 132.58 curveto
-13.72 126.29 -16.25 121.24 -17.44 118.42 curveto
-18.63 115.6 -24.66 98.01 -24.62 92 curveto
-24.59 86 -25.31 80.92 -23.65 73.54 curveto
-21.99 66.17 -18.73 60.55 -17.13 54.5 curveto
-15.53 48.45 -10.42 26.45 -11.05 21.86 curveto
-11.68 17.26 -13.74 12.6 -17.1 9.92 curveto
-20.47 7.25 -23.09 9.41 -25.14 1.74 curveto
-27.18 -5.93 -29.5 -5.19 -25.89 -12.72 curveto
-22.28 -20.27 -17.02 -27.02 -14.24 -32.21 curveto
-11.46 -37.4 -2.84 -49.1 1.09 -53.53 curveto
5.02 -57.95 16.24 -74.79 16.81 -82.28 curveto
17.37 -89.77 13.29 -107.39 9.25 -115.07 curveto
5.22 -122.74 -0.12 -131.06 -1.91 -135 curveto
-3.69 -138.94 -6.42 -140.01 -8.91 -144.46 curveto
-11.4 -148.9 -16.99 -153.93 -18.21 -156.87 curveto
-19.43 -159.8 -22.28 -164.48 -20.88 -170.2 curveto
-19.47 -175.91 -14.9 -182.96 -12.98 -186.37 curveto
-11.06 -189.78 -9.3 -191.88 -7.14 -195.29 curveto
-4.97 -198.69 1.7 -210.7 2.03 -216.57 curveto
2.36 -222.44 4.43 -236.53 4.16 -242.19 curveto
3.88 -247.84 7.63 -261.87 6.03 -267.58 curveto
4.43 -273.28 4.37 -274.73 5.56 -281.29 curveto
6.76 -287.85 8.42 -297.4 9.6 -300.12 curveto
10.78 -302.84 11.03 -306.55 9.83 -309.96 curveto
8.63 -313.37 9.09 -322.84 8.02 -326.48 curveto
6.95 -330.13 5.7 -345.66 4.72 -348.7 curveto
3.75 -351.74 1.44 -360.95 1.95 -365.14 curveto
2.45 -369.32 11.2 -392.31 12.03 -395.28 curveto
12.85 -398.26 18.9 -409.57 19.11 -412.08 curveto stroke
newpath 128.76 -459.32 moveto
121.28 -471.84 lineto
115.15 -481.66 lineto
109.37 -488.11 lineto
109.37 -488.11 103.69 -490.48 103 -491.22 curveto
102.31 -491.97 102.14 -494.13 100.59 -491.07 curveto
99.04 -488 95.36 -485.73 95.93 -481.63 curveto
96.51 -477.52 97.24 -477.74 98.99 -473.11 curveto
100.75 -468.49 101.85 -465.81 103.44 -463.11 curveto
105.02 -460.41 108.98 -456.91 110.36 -455.18 curveto stroke
newpath 97.51 -438.11 moveto
97.51 -438.11 94.82 -443.49 93.38 -443.78 curveto
91.95 -444.07 85.01 -444.55 84.03 -444.11 curveto
83.05 -443.66 80.37 -442.56 79.63 -441.86 curveto
78.88 -441.17 76.18 -439.59 74.91 -437.71 curveto
73.65 -435.83 73.3 -432.96 72.48 -430.11 curveto
71.66 -427.26 70.44 -426.82 71.56 -424.38 curveto
72.67 -421.94 73.33 -419.99 74.01 -419.01 curveto stroke
newpath 54.26 -410.82 moveto
52.88 -412.55 52.27 -415.7 47.79 -418.02 curveto
43.31 -420.34 46.92 -420.69 41.4 -420.89 curveto
35.89 -421.09 34.63 -419.69 31.71 -418.6 curveto
28.79 -417.5 19.11 -412.08 19.11 -412.08 curveto stroke
newpath -551.83 -117.7 moveto
-551.83 -117.7 -557.95 -110.07 -558.79 -102.42 curveto
-559.63 -94.78 -558.57 -86.56 -555.34 -83.76 curveto
-552.11 -80.97 -537.5 -79.8 -536.4 -72.54 curveto
-535.3 -65.28 -538.01 -63.73 -537.45 -55.29 curveto
-536.88 -46.85 -532.34 -41.11 -528.22 -36.84 curveto
-524.09 -32.56 -521.97 -31.74 -520.57 -25.66 curveto
-519.17 -19.59 -506.22 -3.6 -503.09 1.35 curveto
-499.96 6.3 -475.44 26.68 -470.3 29.8 curveto
-465.16 32.92 -438.43 46.41 -435.3 61.69 curveto
-432.17 76.97 -425.8 74.38 -423.29 77.14 curveto
-420.77 79.9 -404.23 80.67 -400.63 80.83 curveto
-397.04 81 -386.89 79.79 -384.8 81.57 curveto
-382.72 83.34 -386.23 86.31 -379.77 87.09 curveto
-373.32 87.87 -363.24 88.33 -363.07 89.78 curveto
-362.9 91.23 -359.95 89.93 -360.38 93.99 curveto
-360.81 98.06 -359.27 95.97 -353.57 97.43 curveto
-347.87 98.9 -334.18 99.06 -333.66 103.41 curveto
-333.14 107.76 -335.54 107.64 -332.82 111.13 curveto
-330.09 114.63 -326.61 117.19 -324.1 119.95 curveto
-321.58 122.71 -320.88 133.32 -316.75 137.36 curveto
-312.61 141.4 -304.26 147.8 -299.73 153.54 curveto
-295.19 159.27 -287.33 160.84 -284.13 174.45 curveto
-280.92 188.05 -278.54 193.69 -276.82 198.09 curveto
-275.11 202.5 -270.3 217.86 -266.93 222.82 curveto
-263.55 227.78 -260.05 240.21 -257.61 244.41 curveto
-255.16 248.61 -242.5 255.21 -240.4 256.51 curveto
-238.3 257.81 -230.89 268.73 -228.64 272.2 curveto
-226.4 275.67 -221.87 291.97 -218.12 294.06 curveto
-214.37 296.15 -211.08 297.74 -206.76 302.98 curveto
-202.43 308.23 -192.58 313.26 -188.87 316.08 curveto
-185.16 318.9 -163.17 331.7 -159.17 333.33 curveto
-155.16 334.96 -139.51 354.91 -136.81 358.88 curveto
-134.11 362.85 -121.63 373.28 -115.07 371.67 curveto
-108.51 370.05 -99.1 369.05 -96.74 370.12 curveto
-94.39 371.19 -87 377.53 -88.67 372.17 curveto
-90.34 366.81 -93.34 364.27 -92.99 356.84 curveto
-92.64 349.4 -91.45 334.32 -91.02 330.25 curveto
-90.59 326.19 -92.06 311.23 -95.6 309.86 curveto
-99.14 308.49 -101.42 300.7 -104.9 292.85 curveto
-108.38 284.99 -107.55 272.3 -117.7 263.17 curveto
-127.86 254.04 -128.62 249.68 -129.71 247.47 curveto
-130.81 245.25 -134.74 241.95 -134.74 241.95 curveto stroke
 0 0.7 dtransform truncate idtransform setlinewidth pop
newpath -462.59004 169.76993 moveto
-462.59004 164.38007 lineto
-464.05998 161.93008 lineto stroke
newpath -462.59004 164.38007 moveto
-461.1201 161.93008 lineto stroke
newpath -458.39 169.76993 moveto
-458.39 164.38007 lineto
-459.85994 161.93008 lineto stroke
newpath -458.39 164.38007 moveto
-456.92006 161.93008 lineto stroke
newpath -454.18996 169.76993 moveto
-454.18996 164.38007 lineto
-455.6599 161.93008 lineto stroke
newpath -454.18996 164.38007 moveto
-452.72002 161.93008 lineto stroke
newpath -440.95004 174.37993 moveto
-440.95004 168.99007 lineto
-442.41998 166.54008 lineto stroke
newpath -440.95004 168.99007 moveto
-439.4801 166.54008 lineto stroke
newpath -436.75 174.37993 moveto
-436.75 168.99007 lineto
-438.21994 166.54008 lineto stroke
newpath -436.75 168.99007 moveto
-435.28006 166.54008 lineto stroke
newpath -432.54996 174.37993 moveto
-432.54996 168.99007 lineto
-434.0199 166.54008 lineto stroke
newpath -432.54996 168.99007 moveto
-431.08002 166.54008 lineto stroke
newpath -414.24004 183.77992 moveto
-414.24004 178.39006 lineto
-415.70998 175.94008 lineto stroke
newpath -414.24004 178.39006 moveto
-412.7701 175.94008 lineto stroke
newpath -410.04 183.77992 moveto
-410.04 178.39006 lineto
-411.50993 175.94008 lineto stroke
newpath -410.04 178.39006 moveto
-408.57005 175.94008 lineto stroke
newpath -405.83995 183.77992 moveto
-405.83995 178.39006 lineto
-407.30989 175.94008 lineto stroke
newpath -405.83995 178.39006 moveto
-404.37001 175.94008 lineto stroke
newpath -381.84004 179.27992 moveto
-381.84004 173.89006 lineto
-383.30998 171.44008 lineto stroke
newpath -381.84004 173.89006 moveto
-380.3701 171.44008 lineto stroke
newpath -377.64 179.27992 moveto
-377.64 173.89006 lineto
-379.10994 171.44008 lineto stroke
newpath -377.64 173.89006 moveto
-376.17006 171.44008 lineto stroke
newpath -373.43996 179.27992 moveto
-373.43996 173.89006 lineto
-374.9099 171.44008 lineto stroke
newpath -373.43996 173.89006 moveto
-371.97002 171.44008 lineto stroke
newpath -349.38004 204.33992 moveto
-349.38004 198.95006 lineto
-350.84998 196.50008 lineto stroke
newpath -349.38004 198.95006 moveto
-347.9101 196.50008 lineto stroke
newpath -345.18 204.33992 moveto
-345.18 198.95006 lineto
-346.64993 196.50008 lineto stroke
newpath -345.18 198.95006 moveto
-343.71005 196.50008 lineto stroke
newpath -340.97995 204.33992 moveto
-340.97995 198.95006 lineto
-342.44989 196.50008 lineto stroke
newpath -340.97995 198.95006 moveto
-339.51001 196.50008 lineto stroke
newpath -377.85004 206.84991 moveto
-377.85004 201.46005 lineto
-379.31998 199.01007 lineto stroke
newpath -377.85004 201.46005 moveto
-376.3801 199.01007 lineto stroke
newpath -373.65 206.84991 moveto
-373.65 201.46005 lineto
-375.11993 199.01007 lineto stroke
newpath -373.65 201.46005 moveto
-372.18005 199.01007 lineto stroke
newpath -369.44995 206.84991 moveto
-369.44995 201.46005 lineto
-370.91989 199.01007 lineto stroke
newpath -369.44995 201.46005 moveto
-367.98001 199.01007 lineto stroke
newpath -382.13004 160.04993 moveto
-382.13004 154.66006 lineto
-383.59998 152.21008 lineto stroke
newpath -382.13004 154.66006 moveto
-380.6601 152.21008 lineto stroke
newpath -377.93 160.04993 moveto
-377.93 154.66006 lineto
-379.39993 152.21008 lineto stroke
newpath -377.93 154.66006 moveto
-376.46005 152.21008 lineto stroke
newpath -373.72995 160.04993 moveto
-373.72995 154.66006 lineto
-375.19989 152.21008 lineto stroke
newpath -373.72995 154.66006 moveto
-372.26001 152.21008 lineto stroke
newpath -351.68004 176.58992 moveto
-351.68004 171.20006 lineto
-353.14998 168.75008 lineto stroke
newpath -351.68004 171.20006 moveto
-350.2101 168.75008 lineto stroke
newpath -347.48 176.58992 moveto
-347.48 171.20006 lineto
-348.94994 168.75008 lineto stroke
newpath -347.48 171.20006 moveto
-346.01006 168.75008 lineto stroke
newpath -343.27995 176.58992 moveto
-343.27995 171.20006 lineto
-344.7499 168.75008 lineto stroke
newpath -343.27995 171.20006 moveto
-341.81001 168.75008 lineto stroke
newpath -325.39005 199.92992 moveto
-325.39005 194.54005 lineto
-326.85999 192.09007 lineto stroke
newpath -325.39005 194.54005 moveto
-323.9201 192.09007 lineto stroke
newpath -321.19 199.92992 moveto
-321.19 194.54005 lineto
-322.65994 192.09007 lineto stroke
newpath -321.19 194.54005 moveto
-319.72006 192.09007 lineto stroke
newpath -316.98996 199.92992 moveto
-316.98996 194.54005 lineto
-318.4599 192.09007 lineto stroke
newpath -316.98996 194.54005 moveto
-315.52002 192.09007 lineto stroke
newpath -332.47005 227.95992 moveto
-332.47005 222.57005 lineto
-333.93999 220.12007 lineto stroke
newpath -332.47005 222.57005 moveto
-331.0001 220.12007 lineto stroke
newpath -328.27 227.95992 moveto
-328.27 222.57005 lineto
-329.73994 220.12007 lineto stroke
newpath -328.27 222.57005 moveto
-326.80006 220.12007 lineto stroke
newpath -324.06996 227.95992 moveto
-324.06996 222.57005 lineto
-325.5399 220.12007 lineto stroke
newpath -324.06996 222.57005 moveto
-322.60002 220.12007 lineto stroke
newpath -350.89005 236.46992 moveto
-350.89005 231.08006 lineto
-352.35999 228.63008 lineto stroke
newpath -350.89005 231.08006 moveto
-349.4201 228.63008 lineto stroke
newpath -346.69 236.46992 moveto
-346.69 231.08006 lineto
-348.15994 228.63008 lineto stroke
newpath -346.69 231.08006 moveto
-345.22006 228.63008 lineto stroke
newpath -342.48996 236.46992 moveto
-342.48996 231.08006 lineto
-343.9599 228.63008 lineto stroke
newpath -342.48996 231.08006 moveto
-341.02002 228.63008 lineto stroke
 0 1.4 dtransform truncate idtransform setlinewidth pop
newpath 6.77 480.49 moveto
6.77 480.49 6.98 483.74 8.06 486.43 curveto
9.13 489.13 9.03 491.28 9.38 494.18 curveto
9.73 497.08 9.88 499.01 11.16 502.43 curveto
12.45 505.85 11.39 513.24 10.83 514.9 curveto
10.28 516.55 7.34 522.9 5.89 528.35 curveto
4.44 533.81 4.61 535.26 4 538.11 curveto
3.39 540.97 4.28 547.97 5.54 551.87 curveto
6.81 555.77 7.21 557.47 9.42 561.66 curveto
11.64 565.84 13.21 568.32 14.22 572.45 curveto
15.24 576.58 16.1 578.78 18.35 582.24 curveto
20.6 585.71 20.81 586.44 22.6 589.4 curveto
24.39 592.37 24.9 596.96 26.69 599.92 curveto
28.48 602.88 27.61 606.21 27.33 607.15 curveto
27.05 608.1 23.33 610.57 23.33 610.57 curveto
23.33 610.57 21.87 605.46 20.5 603.96 curveto
19.12 602.45 19.89 601.53 17.89 597.83 curveto
15.89 594.14 15.54 591.24 13.74 588.51 curveto
11.94 585.79 12.5 583.89 10.32 578.99 curveto
8.14 574.09 6.98 573.07 4.77 568.89 curveto
2.55 564.7 1.18 563.2 -0.41 561.2 curveto
-2 559.2 -2.19 558 -3.95 554.55 curveto
-5.72 551.11 -6.7 551.54 -10.09 546.82 curveto
-13.48 542.1 -15.08 540.34 -18.78 537.05 curveto
-22.47 533.75 -23.49 535.15 -25.86 534.32 curveto
-28.22 533.48 -35.93 528.8 -43.93 525.06 curveto
-51.92 521.33 -48.11 521.99 -50.62 519.23 curveto
-53.14 516.47 -56.61 513.66 -59.96 508.22 curveto
-63.31 502.78 -58.43 506.13 -67.48 499.46 curveto
-76.54 492.8 -71.61 495.19 -75.21 489.98 curveto
-78.8 484.77 -83.42 480.71 -86.4 477.69 curveto
-89.38 474.67 -93.65 468.46 -98.83 461.26 curveto
-104.02 454.06 -103.87 455.98 -107.9 449.79 curveto
-111.93 443.61 -114.42 440.37 -116.16 436.45 curveto
-117.9 432.53 -120.5 431.69 -123.01 428.93 curveto
-125.53 426.18 -127.2 420.82 -129.71 418.06 curveto stroke
 0 0.7 dtransform truncate idtransform setlinewidth pop
newpath -119.53004 172.87007 moveto
-119.53004 178.25993 lineto
-120.99998 180.70992 lineto stroke
newpath -119.53004 178.25993 moveto
-118.0601 180.70992 lineto stroke
newpath -115.33 172.87007 moveto
-115.33 178.25993 lineto
-116.79994 180.70992 lineto stroke
newpath -115.33 178.25993 moveto
-113.86006 180.70992 lineto stroke
newpath -111.12996 172.87007 moveto
-111.12996 178.25993 lineto
-112.5999 180.70992 lineto stroke
newpath -111.12996 178.25993 moveto
-109.66002 180.70992 lineto stroke
newpath -108.56004 128.47008 moveto
-108.56004 133.85994 lineto
-110.02998 136.30992 lineto stroke
newpath -108.56004 133.85994 moveto
-107.0901 136.30992 lineto stroke
newpath -104.36 128.47008 moveto
-104.36 133.85994 lineto
-105.82994 136.30992 lineto stroke
newpath -104.36 133.85994 moveto
-102.89006 136.30992 lineto stroke
newpath -100.15996 128.47008 moveto
-100.15996 133.85994 lineto
-101.6299 136.30992 lineto stroke
newpath -100.15996 133.85994 moveto
-98.69002 136.30992 lineto stroke
newpath -29.17004 167.51007 moveto
-29.17004 172.89993 lineto
-30.63998 175.34991 lineto stroke
newpath -29.17004 172.89993 moveto
-27.7001 175.34991 lineto stroke
newpath -24.97 167.51007 moveto
-24.97 172.89993 lineto
-26.43994 175.34991 lineto stroke
newpath -24.97 172.89993 moveto
-23.50006 175.34991 lineto stroke
newpath -20.76996 167.51007 moveto
-20.76996 172.89993 lineto
-22.2399 175.34991 lineto stroke
newpath -20.76996 172.89993 moveto
-19.30002 175.34991 lineto stroke
newpath -30.37004 100.63008 moveto
-30.37004 106.01994 lineto
-31.83998 108.46992 lineto stroke
newpath -30.37004 106.01994 moveto
-28.9001 108.46992 lineto stroke
newpath -26.17 100.63008 moveto
-26.17 106.01994 lineto
-27.63994 108.46992 lineto stroke
newpath -26.17 106.01994 moveto
-24.70006 108.46992 lineto stroke
newpath -21.96996 100.63008 moveto
-21.96996 106.01994 lineto
-23.4399 108.46992 lineto stroke
newpath -21.96996 106.01994 moveto
-20.50002 108.46992 lineto stroke
newpath -132.54004 75.95007 moveto
-132.54004 81.33994 lineto
-134.00998 83.78992 lineto stroke
newpath -132.54004 81.33994 moveto
-131.0701 83.78992 lineto stroke
newpath -128.34 75.95007 moveto
-128.34 81.33994 lineto
-129.80994 83.78992 lineto stroke
newpath -128.34 81.33994 moveto
-126.87006 83.78992 lineto stroke
newpath -124.13995 75.95007 moveto
-124.13995 81.33994 lineto
-125.6099 83.78992 lineto stroke
newpath -124.13995 81.33994 moveto
-122.67001 83.78992 lineto stroke
newpath -121.39005 11.57008 moveto
-121.39005 16.95995 lineto
-122.85999 19.40993 lineto stroke
newpath -121.39005 16.95995 moveto
-119.9201 19.40993 lineto stroke
newpath -117.19 11.57008 moveto
-117.19 16.95995 lineto
-118.65994 19.40993 lineto stroke
newpath -117.19 16.95995 moveto
-115.72006 19.40993 lineto stroke
newpath -112.98996 11.57008 moveto
-112.98996 16.95995 lineto
-114.4599 19.40993 lineto stroke
newpath -112.98996 16.95995 moveto
-111.52002 19.40993 lineto stroke
newpath -19.19887 -41.95409 moveto
-38.86787 -38.86517 lineto
-19.34541 -34.95558 lineto
 closepath fill
newpath -122.85097 87.84589 moveto
-102.94684 88.32382 lineto
-121.45537 80.98645 lineto
 closepath fill
newpath -14.24338 143.28261 moveto
-34.14722 143.77765 lineto
-15.30222 150.20207 lineto
 closepath fill
newpath -13.95052 40.06036 moveto
-33.85963 39.86044 lineto
-15.2502 46.93872 lineto
 closepath fill
newpath -99.33432 -232.02643 moveto
-79.45682 -230.88885 lineto
-97.71207 -238.83588 lineto
 closepath fill
newpath -94.82379 -310.25504 moveto
-75.13393 -313.20634 lineto
-94.62833 -317.25226 lineto
 closepath fill
newpath 56.579 -432.06656 moveto
43.45793 -447.04132 lineto
50.58516 -428.45078 lineto
 closepath fill
newpath 187.37114 -387.32997 moveto
188.24213 -388.09515 189.83342 -386.88821 190.58342 -387.91588 curveto
191.55656 -389.24931 188.20264 -390.7933 189.66646 -392.14163 curveto
191.25505 -393.60492 192.36925 -389.88676 193.83125 -390.58264 curveto
195.47183 -391.36353 193.54082 -393.35414 193.9943 -394.6394 curveto
194.54651 -396.20454 196.76935 -395.5865 197.88887 -396.57002 curveto stroke
newpath 193.13058 -395.0961 moveto
193.18585 -395.55551 193.2873 -395.98221 193.55196 -396.27681 curveto
194.66109 -397.51146 196.47818 -396.08981 197.88887 -396.57002 curveto
197.23096 -395.23294 194.94083 -394.9533 195.0296 -393.29597 curveto
195.0508 -392.90051 195.28078 -392.52707 195.56657 -392.16315 curveto
 closepath stroke
newpath 193.13058 -395.0961 moveto
193.18585 -395.55551 193.2873 -395.98221 193.55196 -396.27681 curveto
194.66109 -397.51146 196.47818 -396.08981 197.88887 -396.57002 curveto
197.23096 -395.23294 194.94083 -394.9533 195.0296 -393.29597 curveto
195.0508 -392.90051 195.28078 -392.52707 195.56657 -392.16315 curveto
 closepath fill
 0 1.4 dtransform truncate idtransform setlinewidth pop
newpath -15.65 172.7 moveto
-15.65 172.7 -20.91 177.14 -23.42 179.43 curveto
-25.93 181.71 -28.66 183.51 -32.43 187.17 curveto
-36.21 190.84 -39.14 191.91 -42.84 193.89 curveto
-46.54 195.88 -49.33 193.83 -58.99 194.82 curveto
-68.65 195.81 -64.17 197.7 -69.41 201.78 curveto
-74.65 205.86 -72.92 204.74 -77.15 207.9 curveto
-81.39 211.07 -82.44 212.94 -83.53 215.77 curveto
-84.62 218.6 -82.77 220.13 -81.21 222.6 curveto
-79.64 225.08 -70.53 233.3 -70.53 233.3 curveto stroke
newpath -64.69 383.14 moveto
-64.69 383.14 -67.4 384.69 -69.16 386.29 curveto
-70.91 387.89 -72.63 388.77 -74.85 389.87 curveto
-77.06 390.96 -77.66 393.58 -79.19 395.42 curveto
-80.72 397.27 -83.17 398.36 -84.42 399.5 curveto
-85.68 400.65 -89.18 403.6 -91.86 404.44 curveto
-94.54 405.28 -96.84 408.29 -98.62 410.37 curveto
-100.39 412.45 -100.63 412.44 -100.63 412.44 curveto stroke
newpath -492.17851 140.88925 moveto
-501.80818 123.46283 lineto
-498.8051 143.14511 lineto
 closepath fill
newpath -485.44852 161.38925 moveto
-495.07819 143.96283 lineto
-492.0751 163.64511 lineto
 closepath fill
newpath -456.06877 173.44452 moveto
-475.03886 167.39944 lineto
-459.33348 179.6366 lineto
 closepath fill
newpath -395.04439 205.80797 moveto
-388.83392 186.89136 lineto
-401.20775 202.48933 lineto
 closepath fill
newpath -369.15439 222.38797 moveto
-362.94392 203.47136 lineto
-375.31775 219.06934 lineto
 closepath fill
newpath -218.61859 360.69994 moveto
-201.4591 370.79753 lineto
-214.06317 355.385 lineto
 closepath fill
newpath -134.74 241.95 moveto
-132.82 236.75 -130.41 216.2 -130.68 211.86 curveto
-130.96 207.52 -132.07 205.55 -131.99 198.83 curveto
-131.91 192.1 -131.07 189.5 -128.7 185.29 curveto
-126.34 181.08 -122.78 171.88 -118.56 168.95 curveto
-114.34 166.03 -108.2 163.2 -107.45 157.47 curveto
-106.7 151.74 -105.01 136.21 -109.36 126.4 curveto
-113.71 116.58 -122.28 104.65 -126.32 98.46 curveto
-130.35 92.27 -135.65 76.89 -134.21 71.67 curveto
-132.76 66.45 -127.78 57.31 -122.1 53.97 curveto
-116.42 50.63 -114.07 51.7 -110.52 47.54 curveto
-106.96 43.38 -101.59 41.46 -101.81 35.92 curveto
-102.04 30.38 -97.82 32.74 -104.89 29.77 curveto
-111.96 26.79 -118.84 30.32 -122.02 26.33 curveto
-125.19 22.33 -126.54 25.39 -127.08 16.47 curveto
-127.63 7.56 -128.19 -0.88 -130.03 -7.93 curveto
-131.86 -14.98 -136.34 -21.92 -137.02 -27.95 curveto
-137.69 -33.99 -139.75 -46.58 -138.38 -50.12 curveto
-137.02 -53.66 -132.53 -67.63 -135.33 -74.49 curveto
-138.13 -81.33 -142.11 -93.24 -143.55 -98.79 curveto
-144.98 -104.35 -147.01 -113.28 -142.43 -119.56 curveto
-137.85 -125.85 -135.26 -136.53 -135.31 -141.57 curveto
-135.36 -146.6 -130.55 -160.54 -128.2 -166.2 curveto
-125.85 -171.86 -116.45 -187.82 -113.34 -194.66 curveto
-110.23 -201.51 -99.93 -215.3 -98.85 -225.59 curveto
-97.76 -235.88 -93.33 -266.46 -94.68 -275.64 curveto
-96.03 -284.81 -95.44 -308.33 -97.78 -316.82 curveto
-100.11 -325.31 -96.52 -338.63 -95.63 -343.4 curveto
-94.74 -348.17 -90.46 -366.99 -88.69 -369.57 curveto
-86.92 -372.15 -78.62 -402.84 -78.8 -411.25 curveto
-78.98 -419.67 -67.7 -439.68 -64.92 -443.67 curveto
-62.13 -447.65 -56.29 -463.29 -54.63 -469.48 curveto
-52.97 -475.67 -47.56 -486.04 -46.95 -496.35 curveto
-46.34 -506.66 -43.14 -508.7 -40.33 -513.41 curveto
-37.52 -518.11 -27.73 -543.22 -24.86 -549.6 curveto
-21.99 -555.98 8.49 -582.03 18.93 -585.26 curveto
29.38 -588.48 41.07 -593.11 47.4 -595.52 curveto
53.73 -597.94 70.5 -610.07 77.32 -606.22 curveto
84.15 -602.37 101.49 -596.95 105.23 -593.93 curveto
108.96 -590.92 116.09 -582.02 122.54 -581.07 curveto
128.99 -580.11 144.73 -570.42 149.58 -564.97 curveto
154.43 -559.51 166.07 -529.08 171.14 -516.17 curveto
176.2 -503.26 191.64 -471.49 197.33 -462.64 curveto
203.02 -453.79 227.54 -414.23 230.6 -412.44 curveto
233.66 -410.65 245.31 -407.35 247.33 -403.43 curveto
249.35 -399.51 252.1 -395.81 251.86 -389.34 curveto
251.63 -382.86 244.61 -374.71 248.46 -368.32 curveto
252.32 -361.94 267.38 -346.75 271.52 -341.55 curveto
275.65 -336.36 279.51 -323.49 283.32 -315.91 curveto
287.13 -308.33 291.89 -287.03 292.55 -278.85 curveto
293.22 -270.66 300.14 -249.29 300.68 -244.47 curveto
301.23 -239.65 300.64 -223.1 304.3 -218.17 curveto
307.97 -213.24 307.23 -212.78 308.67 -205.77 curveto
310.1 -198.75 312.65 -196.02 317.69 -189.36 curveto
322.74 -182.69 336.04 -151.47 339.23 -146.55 curveto
342.42 -141.64 363.1 -101.98 369.78 -94.06 curveto
376.47 -86.13 385.7 -62.26 389.05 -55.18 curveto
392.4 -48.09 392.02 -30.81 392.07 -25.53 curveto
392.13 -20.24 396.27 -1.84 398.93 4.27 curveto
401.59 10.36 404.98 22.73 407.78 31.94 curveto
410.57 41.16 417.87 58.7 418.78 60.17 curveto
419.68 61.64 420.82 70.08 426.83 63.33 curveto
432.83 56.58 438.87 55.6 442.95 55.75 curveto
447.03 55.9 458.37 54.39 462.96 53.59 curveto
467.55 52.8 476.02 50.94 477.46 44.27 curveto
478.9 37.6 483.73 23.61 484.01 15.7 curveto
484.29 7.78 485.84 -8.72 489.2 -15.33 curveto
492.55 -21.93 499.46 -40.65 513.14 -40.4 curveto
526.82 -40.15 545.24 -44.78 548.12 -37.95 curveto
550.99 -31.12 560.48 -14.22 562.57 -5.74 curveto
564.67 2.74 571.69 7.8 578.8 17.18 curveto
585.92 26.56 598.03 37.07 602.54 38.68 curveto stroke
newpath 128.76 -459.32 moveto
133.45 -456.03 156.2 -434.09 163.91 -421.33 curveto
171.62 -408.56 181.62 -386.34 188.34 -372.89 curveto
195.07 -359.44 207.63 -334.73 212.72 -329.26 curveto
217.8 -323.79 238.28 -291.84 244.02 -277.95 curveto
249.77 -264.06 254.34 -250.93 258.87 -243.33 curveto
263.4 -235.72 271.45 -219.35 273.61 -212.55 curveto
275.76 -205.75 283.44 -171.84 286.23 -162.62 curveto
289.03 -153.39 305.56 -125.17 309.66 -119.02 curveto
313.77 -112.87 321.44 -105.87 321.99 -94.32 curveto
322.54 -82.77 324.77 -77.89 328.55 -69.35 curveto
332.33 -60.81 343.51 -37.83 347.39 -25.2 curveto
351.26 -12.57 354.93 12.55 356.71 16.69 curveto
358.48 20.84 368.53 35.36 371.55 38.35 curveto
374.56 41.33 380.75 56.43 381.87 65.35 curveto
382.99 74.26 387.43 90.98 392.45 98.36 curveto
397.46 105.75 399.03 122.37 399.53 128.4 curveto
400.04 134.42 399.71 150.03 402.92 154.23 curveto
406.13 158.42 411.05 161.72 421.79 163.79 curveto
432.52 165.85 445.55 163.92 447.62 159.91 curveto
449.68 155.9 452.24 144.94 455.12 138.31 curveto
458 131.69 464.98 124.5 467.63 124.12 curveto
470.29 123.73 477.95 130.97 485.85 118.29 curveto
493.75 105.61 505.22 93.77 509.69 89.61 curveto
514.16 85.46 529.19 61.51 541.95 67.5 curveto
554.71 73.48 550.29 76.2 556.28 76.66 curveto
562.27 77.11 565.13 70.97 569.72 76.9 curveto stroke
showpage
%%EOF
