%!PS
%%BoundingBox: -549 -395 548 394 
%%HiResBoundingBox: -548.17 -394.61 547.04123 393.14493 
%%Creator: MetaPost 1.209
%%CreationDate: 2015.12.07:2306
%%Pages: 1
%%BeginProlog
%%EndProlog
%%Page: 1 1
 0 0 0 setrgbcolor 0 0.7 dtransform truncate idtransform setlinewidth pop
 [] 0 setdash 1 setlinecap 1 setlinejoin 10 setmiterlimit
newpath -195.83005 -96.57008 moveto
-195.83005 -101.95995 lineto
-197.29999 -104.40993 lineto stroke
newpath -195.83005 -101.95995 moveto
-194.3601 -104.40993 lineto stroke
newpath -191.63 -96.57008 moveto
-191.63 -101.95995 lineto
-193.09995 -104.40993 lineto stroke
newpath -191.63 -101.95995 moveto
-190.16006 -104.40993 lineto stroke
newpath -187.42996 -96.57008 moveto
-187.42996 -101.95995 lineto
-188.8999 -104.40993 lineto stroke
newpath -187.42996 -101.95995 moveto
-185.96002 -104.40993 lineto stroke
newpath -131.7151 -98.2151 moveto
-134.71819 -78.53282 lineto
-125.08852 -95.95924 lineto
 closepath fill
newpath -170.74007 -114.71211 moveto
-176.019 -95.51468 lineto
-164.42195 -111.69853 lineto
 closepath fill
newpath -150.04004 -87.52008 moveto
-150.04004 -92.90994 lineto
-151.50998 -95.35992 lineto stroke
newpath -150.04004 -92.90994 moveto
-148.5701 -95.35992 lineto stroke
newpath -145.84 -87.52008 moveto
-145.84 -92.90994 lineto
-147.30994 -95.35992 lineto stroke
newpath -145.84 -92.90994 moveto
-144.37006 -95.35992 lineto stroke
newpath -141.63995 -87.52008 moveto
-141.63995 -92.90994 lineto
-143.1099 -95.35992 lineto stroke
newpath -141.63995 -92.90994 moveto
-140.17001 -95.35992 lineto stroke
newpath -116.51004 -44.06007 moveto
-116.51004 -49.44994 lineto
-117.97998 -51.89992 lineto stroke
newpath -116.51004 -49.44994 moveto
-115.0401 -51.89992 lineto stroke
newpath -112.31 -44.06007 moveto
-112.31 -49.44994 lineto
-113.77994 -51.89992 lineto stroke
newpath -112.31 -49.44994 moveto
-110.84006 -51.89992 lineto stroke
newpath -108.10995 -44.06007 moveto
-108.10995 -49.44994 lineto
-109.5799 -51.89992 lineto stroke
newpath -108.10995 -49.44994 moveto
-106.64001 -51.89992 lineto stroke
 0 1.4 dtransform truncate idtransform setlinewidth pop
newpath -99.57 -116.46 moveto
-101.06 -115.07 -109.81 -105.3 -111.52 -97.43 curveto
-113.24 -89.57 -113.83 -72.78 -111.16 -66.92 curveto
-108.48 -61.06 -94.98 -22.15 -93.38 -19.69 curveto
-91.79 -17.24 -71.69 17.83 -67.11 24 curveto
-62.53 30.16 -49.58 44.31 -48.17 45.09 curveto stroke
newpath -166.26 69.93 moveto
-174.49 64.83 -194.38 43.71 -205.55 27.23 curveto
-216.71 10.76 -234.79 -0.68 -241.02 -7.62 curveto
-247.26 -14.56 -293.23 -59.65 -302.04 -68.86 curveto
-310.85 -78.06 -335.43 -102.74 -337.21 -106.64 curveto
-338.99 -110.55 -351.16 -126.12 -362.97 -131.59 curveto
-374.78 -137.06 -376.4 -138.8 -382.63 -145.98 curveto
-388.85 -153.17 -418.88 -186.19 -422.32 -190.88 curveto
-425.75 -195.57 -444.97 -228.68 -451.35 -238.28 curveto
-457.73 -247.87 -486.42 -278.2 -494.58 -284.98 curveto
-502.75 -291.76 -525.77 -299.31 -547.47 -310.42 curveto stroke
newpath -525.01 -393.91 moveto
-521.46 -392.34 -507.87 -389.69 -494.56 -379.12 curveto
-481.25 -368.56 -474.2 -370.95 -470.13 -363.84 curveto
-466.07 -356.73 -446.62 -336.57 -441.98 -332.08 curveto
-437.33 -327.59 -420.86 -318.11 -412.64 -299.81 curveto
-404.41 -281.5 -378.42 -249.58 -375.45 -245.39 curveto
-372.48 -241.2 -371.51 -234.68 -367.73 -232.87 curveto
-363.96 -231.05 -356.28 -230.77 -353.87 -230.93 curveto
-351.47 -231.08 -347.68 -229.5 -341.07 -226.38 curveto
-334.46 -223.26 -316.62 -205.09 -311.47 -201.3 curveto
-306.32 -197.52 -277.24 -171.49 -271.94 -165.54 curveto
-266.63 -159.58 -229.09 -134.72 -225.88 -130.52 curveto
-222.66 -126.32 -221.57 -123.4 -211.3 -121.6 curveto
-201.04 -119.8 -177.48 -120.41 -172.99 -132.02 curveto stroke
 0 0.7 dtransform truncate idtransform setlinewidth pop
newpath 521.85466 298.40492 moveto
522.15863 299.52373 520.37471 300.42177 520.96764 301.54738 curveto
521.73697 303.00789 524.599 300.67525 525.16586 302.58298 curveto
525.78104 304.65332 521.95189 304.01816 521.93361 305.6372 curveto
521.91312 307.45401 524.55026 306.59566 525.50497 307.56834 curveto
526.66756 308.75279 525.13463 310.47705 525.52534 311.91508 curveto stroke
newpath 526.29504 306.99359 moveto
526.6833 307.24535 527.02185 307.52417 527.16998 307.89143 curveto
527.79077 309.43065 525.71469 310.437 525.52534 311.91508 curveto
524.61404 310.73604 525.37044 308.55641 523.84306 307.90703 curveto
523.47859 307.75209 523.04207 307.79433 522.58952 307.89087 curveto
 closepath stroke
newpath 526.29504 306.99359 moveto
526.6833 307.24535 527.02185 307.52417 527.16998 307.89143 curveto
527.79077 309.43065 525.71469 310.437 525.52534 311.91508 curveto
524.61404 310.73604 525.37044 308.55641 523.84306 307.90703 curveto
523.47859 307.75209 523.04207 307.79433 522.58952 307.89087 curveto
 closepath fill
 0 1.4 dtransform truncate idtransform setlinewidth pop
newpath -166.26 69.93 moveto
-166.26 69.93 -148.35 92.91 -140.76 95.58 curveto
-133.17 98.25 -116.81 110.84 -104.85 118.96 curveto
-92.89 127.07 -86.33 131.63 -77.51 146.83 curveto
-68.68 162.04 -50.22 176.39 -45.49 178.48 curveto
-40.76 180.57 -35.24 180.53 -28.26 186.78 curveto
-21.27 193.04 3.61 215.78 7.08 219.51 curveto
10.55 223.23 30.75 242.69 37.86 245.35 curveto
44.97 248 69.53 253.2 75 254.6 curveto
80.48 256 96.75 257.78 103.98 263.8 curveto
111.21 269.82 141.55 287.47 146.68 291.74 curveto
151.82 296.01 178.31 314 183.63 319.48 curveto
188.96 324.95 205.3 338.02 218.66 340.66 curveto
232.01 343.3 247.26 340 250.67 338.68 curveto
254.07 337.36 264.57 339.42 270.77 340.6 curveto
276.97 341.78 283.22 348.24 286.29 349.79 curveto
289.35 351.34 300.74 361.84 307.05 366.86 curveto
313.35 371.89 333.41 381.73 337.69 383.09 curveto
341.96 384.44 358.28 391.5 366.19 392.03 curveto
374.1 392.55 376.48 393.11 380.67 390.14 curveto
384.86 387.16 384.41 386.19 394.04 385.57 curveto
403.67 384.95 419.67 387.68 423.39 384.21 curveto
427.12 380.74 427.68 371.63 428.67 364.22 curveto
429.65 356.81 432.98 350.92 437.2 346.99 curveto
441.42 343.05 451.13 333.31 460.29 332.43 curveto
469.44 331.56 486.79 330.02 490.63 330.16 curveto
494.46 330.29 497.63 328.97 500.13 333.14 curveto
502.62 337.31 502.91 342.6 502.91 342.6 curveto stroke
newpath 506.08 341.27 moveto
505.92 339.11 502.38 330.58 505.87 326.86 curveto
509.37 323.14 514.25 320.91 515.6 316.64 curveto
516.95 312.37 520.17 302.88 522.01 298.62 curveto
523.84 294.37 527.59 283.46 529.6 280.89 curveto
531.61 278.32 534.19 273.37 538.61 264.16 curveto
543.02 254.95 545.33 230.78 545.26 225.98 curveto
545.19 221.18 548.01 209.75 544.81 198.59 curveto
541.61 187.43 526.69 154.95 523.98 150.29 curveto
521.26 145.63 504.07 129.4 499.88 125.89 curveto
495.68 122.38 482.19 110.13 477.49 107.08 curveto
472.8 104.03 462.52 95.97 460.19 93.97 curveto
457.86 91.96 452.47 81.44 448.75 77.95 curveto
445.04 74.45 441.87 75.54 435.54 71.23 curveto stroke
newpath -48.17 45.09 moveto
-48.17 45.09 -41.81 55.16 -34.9 63.57 curveto
-28 71.98 -19.55 84.29 -13.42 94.12 curveto
-7.28 103.95 0.88 110.72 5.88 118.59 curveto
10.89 126.45 19.08 139.23 23.76 142.76 curveto
28.43 146.29 47.44 165.47 52.86 168.54 curveto
58.27 171.62 67.78 174.36 72.22 177.88 curveto
76.66 181.4 77.6 188.64 89.46 186.18 curveto
101.31 183.73 135.59 178.95 143.52 178.99 curveto
151.44 179.04 180.92 180.57 190.25 181.63 curveto
199.58 182.68 202.38 184.94 210.33 184.27 curveto
218.28 183.59 241.25 178.89 250.03 181.85 curveto
258.81 184.8 286.89 184.84 294.22 187.98 curveto
301.55 191.12 321.88 193.28 327.21 192.03 curveto
332.54 190.77 347.01 189.12 352.25 190.27 curveto
357.5 191.41 358.38 193.61 367.43 195.61 curveto
376.49 197.61 390.18 197.61 395.51 196.36 curveto
400.84 195.11 416.66 196.16 411.5 185.88 curveto
406.35 175.61 399.61 169.13 397.69 162.57 curveto
395.76 156.02 390.34 146.46 390.38 138.54 curveto
390.43 130.61 390.28 127.97 387.98 118.28 curveto
385.69 108.59 384.41 103.98 382.71 97.92 curveto
381 91.85 374.6 82.74 371.19 77.58 curveto stroke
newpath 253.76387 316.87605 moveto
273.41353 320.08524 lineto
256.08907 310.27348 lineto
 closepath fill
newpath 333.50876 346.29056 moveto
314.50735 340.3449 lineto
330.27652 352.49963 lineto
 closepath fill
 0 0.7 dtransform truncate idtransform setlinewidth pop
newpath 496.30261 316.37737 moveto
496.67815 317.47423 494.95587 318.48552 495.62018 319.57054 curveto
496.48216 320.9784 499.18774 318.4659 499.87653 320.3331 curveto
500.62401 322.35945 496.76183 321.97267 496.84805 323.58954 curveto
496.94482 325.4039 499.5211 324.37717 500.53659 325.28622 curveto
501.7732 326.3932 500.35472 328.2128 500.8374 329.62263 curveto stroke
newpath 501.28795 324.6617 moveto
501.69165 324.88788 502.04749 325.14427 502.21901 325.50122 curveto
502.93784 326.99716 500.931 328.13539 500.8374 329.62263 curveto
499.85193 328.50484 500.4661 326.28094 498.9 325.73145 curveto
498.52629 325.60034 498.09338 325.67068 497.64803 325.7962 curveto
 closepath stroke
newpath 501.28795 324.6617 moveto
501.69165 324.88788 502.04749 325.14427 502.21901 325.50122 curveto
502.93784 326.99716 500.931 328.13539 500.8374 329.62263 curveto
499.85193 328.50484 500.4661 326.28094 498.9 325.73145 curveto
498.52629 325.60034 498.09338 325.67068 497.64803 325.7962 curveto
 closepath fill
newpath 253.21469 210.12625 moveto
240.88158 225.75644 lineto
257.86218 215.36087 lineto
 closepath fill
newpath 304.48198 219.55908 moveto
298.07391 238.40945 lineto
310.61018 222.94202 lineto
 closepath fill
newpath 344.78133 225.70187 moveto
348.17871 245.31981 lineto
351.78123 225.73853 lineto
 closepath fill
newpath 381.26352 218.15463 moveto
391.37599 235.30536 lineto
387.82452 215.71463 lineto
 closepath fill
showpage
%%EOF
