%!PS
%%BoundingBox: -220 -79 -46 37 
%%HiResBoundingBox: -219.46501 -78.02509 -46.215 36.55681 
%%Creator: MetaPost 1.209
%%CreationDate: 2015.12.07:2306
%%Pages: 1
%%BeginProlog
%%EndProlog
%%Page: 1 1
 0 0 0 setrgbcolor 0 0.49 dtransform truncate idtransform setlinewidth pop
 [] 0 setdash 1 setlinecap 1 setlinejoin 10 setmiterlimit
newpath -46.46 35.22 moveto
-47.31 35.35 -47.55 36.36 -49.42 36.31 curveto
-51.29 36.27 -56.07 31.3 -56.07 31.3 curveto
-56.07 31.3 -57.33 29 -59.95 29.45 curveto
-62.57 29.9 -70.56 29.57 -73.43 29.16 curveto
-76.3 28.76 -83.58 26.54 -85.95 24.77 curveto
-88.31 23.01 -91.28 23.33 -94.91 23.66 curveto
-98.54 24 -100.95 24.14 -105.71 21.69 curveto
-110.48 19.23 -114.2 17.14 -121.78 17.18 curveto
-129.34 17.21 -135.65 17.07 -142.87 13.76 curveto
-149.81 10.58 -152.05 10.09 -154.8 10.23 curveto
-157.55 10.37 -167.81 9.75 -172.38 6.62 curveto
-176.11 4.07 -182.33 2.86 -185.96 0.34 curveto
-189.35 -2.01 -190.45 -2.12 -191.58 -2.55 curveto
-192.71 -2.98 -198.21 -4.8 -199.06 -4.78 curveto
-199.92 -4.75 -201.8 -4.65 -203.58 -7.48 curveto
-204.19 -8.46 -209.49 -11.91 -211.35 -12.47 curveto
-213.21 -13.03 -217.13 -13.73 -219.22 -14.6 curveto stroke
newpath -209.55 -75.81 moveto
-206.17 -76.99 -204.84 -78.35 -203.54 -77.53 curveto
-202.23 -76.7 -201.94 -74.87 -200.63 -74.05 curveto
-199.32 -73.22 -197.82 -72.63 -196.39 -71.93 curveto
-194.95 -71.22 -192.33 -69.39 -191.19 -68.87 curveto
-190.04 -68.35 -184.22 -64.49 -182.16 -63.33 curveto
-180.09 -62.17 -172.3 -57.73 -171.69 -56.79 curveto
-171.08 -55.85 -171.92 -52.72 -172.45 -51.9 curveto
-172.98 -51.07 -174.1 -49.31 -171.52 -48.38 curveto
-168.93 -47.44 -161.23 -44.04 -159.87 -43.39 curveto
-158.51 -42.74 -148.91 -40.59 -147.76 -40.27 curveto
-146.6 -39.95 -137.4 -37.31 -136.19 -35.95 curveto
-134.98 -34.6 -134.07 -31.69 -132.39 -30.97 curveto
-130.72 -30.26 -129.49 -29.39 -127.51 -30.22 curveto
-125.54 -31.05 -122.53 -31.3 -121.05 -31.06 curveto
-119.57 -30.82 -119.35 -30.44 -116.86 -31.11 curveto
-114.38 -31.77 -110.66 -32.97 -109.59 -33.41 curveto
-108.53 -33.86 -103.29 -34.55 -101.08 -34.26 curveto
-98.89 -33.98 -98.49 -33.65 -97.67 -34.38 curveto
-96.86 -35.1 -95.86 -37.09 -94.75 -36.65 curveto
-93.64 -36.22 -89.67 -33.98 -88.59 -33.32 curveto
-87.5 -32.65 -86.1 -32.27 -84.76 -31.78 curveto
-83.43 -31.29 -84.77 -30.76 -83.5 -29.08 curveto
-82.24 -27.4 -77.77 -24.67 -77.2 -24.23 curveto
-76.63 -23.79 -75.07 -21.1 -69.89 -19.51 curveto
-64.69 -17.91 -61.06 -15.8 -60.3 -15.34 curveto
-59.53 -14.89 -54.75 -12.64 -53.96 -11.59 curveto
-53.16 -10.54 -53.1 -9.4 -50.82 -9.11 curveto stroke
showpage
%%EOF
