%!PS
%%BoundingBox: -180 -372 862 347 
%%HiResBoundingBox: -179.99002 -371.0608 861.1822 346.93199 
%%Creator: MetaPost 1.209
%%CreationDate: 2015.12.07:2306
%%Pages: 1
%%BeginProlog
%%EndProlog
%%Page: 1 1
0 0 0 THsetpatterncolor
 0.00002 0.00015 0.00015 setrgbcolor
newpath -127.90163 212.09027 moveto
-124.24603 220.02397 -119.46228 229.07036 -116.85 232.54 curveto
-113.08853 237.54564 -109.70848 246.99771 -103.58762 251.96936 curveto
-103.58757 251.96927 lineto
-105.08865 252.87865 -106.92033 253.68701 -108.96 253.97 curveto
-114.51 254.73 -119.15 256.73 -122.88 253.72 curveto
-126.62 250.7 -137.65 243.34 -135.54 238.13 curveto
-133.43 232.92 -133.38 224.51 -131.8 220.72 curveto
-130.9138 218.59987 -129.21912 214.91621 -127.90166 212.08992 curveto
 closepath fill
0 0 0 THsetpatterncolor
newpath -160.70184 254.42313 moveto
-161.05972 253.33215 -161.47447 252.1226 -161.93 250.89 curveto
-163.47 246.75 -160.98 244.43 -159.7 242.08 curveto
-158.41 239.72 -153.98 229.79 -152.44 226.96 curveto
-150.9 224.13 -148.47 216.77 -148.4 214.85 curveto
-148.34 212.93 -157.45 212.61 -160.13 213.71 curveto
-162.81 214.82 -170.59 220.67 -173.29 222.5 curveto
-174.8021 223.5155 -176.86523 225.37471 -178.39374 226.81995 curveto
-178.39377 226.81987 lineto
-176.75415 228.79272 -174.37015 232.05023 -173.85 234.85 curveto
-173.05 239.2 -169.56 256.14 -168.79 261.45 curveto
-168.02 266.76 -161.96 292.68 -159.01 297.58 curveto
-156.06 302.49 -151.59 312.01 -147.81 313.83 curveto
-144.04 315.64 -142.45 318.34 -137.25 313.96 curveto
-132.05 309.59 -121.23 302.3 -117.84 301.7 curveto
-116.17255 301.404 -114.59999 300.46306 -113.14758 299.62517 curveto
-113.14761 299.62503 lineto
-114.58119 296.52411 -116.30063 292.82513 -117.67 289.94 curveto
-120.58 283.83 -121.34 284.77 -127.51 275.9 curveto
-133.68 267.03 -131.9 270.94 -138.43 265.42 curveto
-144.96 259.9 -144.08 262.33 -154.46 256.92 curveto
-157.22798 255.47328 -159.14812 254.70769 -160.70175 254.42316 curveto
 closepath fill
 0.1 0.2 0.8 setrgbcolor
newpath 42.27312 324.51436 moveto
17.44203 281.6413 lineto
17.44226 281.64159 lineto
10.03038 285.18167 -1.41377 287.97588 -7.16 290.5 curveto
-14.23 293.61 -18.4 289.13 -23.13 287.28 curveto
-27.87 285.42 -42.96 283.67 -54.98 283.49 curveto
-67 283.31 -74.85 274.39 -77.36 270.7 curveto
-79.88 267 -96.35 257.3 -102.9 252.5 curveto
-103.13303 252.3295 -103.36218 252.15247 -103.58762 251.96936 curveto
-103.58757 251.96927 lineto
-105.08865 252.87865 -106.92033 253.68701 -108.96 253.97 curveto
-114.51 254.73 -119.15 256.73 -122.88 253.72 curveto
-126.62 250.7 -137.65 243.34 -135.54 238.13 curveto
-133.43 232.92 -133.38 224.51 -131.8 220.72 curveto
-130.9138 218.59987 -129.21912 214.91621 -127.90166 212.08992 curveto
-127.90111 212.08864 -127.90102 212.09155 -127.90163 212.09027 curveto
-129.70364 208.17937 -131.23152 204.53883 -132.09 201.97 curveto
-134.69498 194.20496 -149.8914 184.32805 -149.94983 184.2901 curveto
-149.95 184.29 lineto
-179.99 225.02 lineto
-179.98987 225.02014 lineto
-179.9787 225.03162 -179.29991 225.72957 -178.39377 226.81987 curveto
-178.39374 226.81995 lineto
-176.86523 225.37471 -174.8021 223.5155 -173.29 222.5 curveto
-170.59 220.67 -162.81 214.82 -160.13 213.71 curveto
-157.45 212.61 -148.34 212.93 -148.4 214.85 curveto
-148.47 216.77 -150.9 224.13 -152.44 226.96 curveto
-153.98 229.79 -158.41 239.72 -159.7 242.08 curveto
-160.98 244.43 -163.47 246.75 -161.93 250.89 curveto
-161.47447 252.1226 -161.05972 253.33215 -160.70184 254.42313 curveto
-160.70201 254.42311 lineto
-159.14835 254.70761 -157.22815 255.4732 -154.46 256.92 curveto
-144.08 262.33 -144.96 259.9 -138.43 265.42 curveto
-131.9 270.94 -133.68 267.03 -127.51 275.9 curveto
-121.34 284.77 -120.58 283.83 -117.67 289.94 curveto
-116.30063 292.82513 -114.58119 296.52411 -113.14761 299.62503 curveto
-113.14758 299.62517 lineto
-111.6559 298.76463 -110.29094 298.0128 -109.08 298.18 curveto
-106.69 298.5 -104.54 299.06 -101.07 302.79 curveto
-97.6 306.51 -95.39 312.11 -93.63 316.97 curveto
-93.2885 317.91841 -92.89177 318.85957 -92.49683 319.83788 curveto
-92.49684 319.83786 lineto
-91.43932 319.64381 -90.46478 319.52625 -89.64 319.52 curveto
-84.35 319.47 -77.54 324.02 -69.17 325.27 curveto
-60.81 326.53 -59.26 330.18 -56 333.18 curveto
-52.75 336.18 -48.07 339.71 -41.15 341.16 curveto
-34.23 342.61 -34.29 344.29 -30 345.16 curveto
-25.7 346.03 -16.84 346.83 -12.27 346.51 curveto
-7.69 346.19 -1.37 344.02 9.28 341.51 curveto
19.93 339.01 11.95 340.65 19.5 337.8 curveto
21.9759 336.86415 24.30301 336.49223 26.56345 336.51712 curveto
26.56343 336.51717 lineto
27.32188 335.68912 28.26543 334.8684 29.47 334.07 curveto
33.49747 331.40579 38.60512 326.89069 42.27327 324.51463 curveto
 closepath fill
0 0 0 THsetpatterncolor
 0.00002 0.00015 0.00015 setrgbcolor
newpath 93.1414 182.17953 moveto
93.92886 182.37704 94.82355 182.64113 95.85 182.99 curveto
102.97 185.4 107.64 182.45 112.24 188.13 curveto
116.84 193.82 116.03 189.47 117.7 196.49 curveto
119.37 203.52 121.87 200.73 119.41 209.28 curveto
116.94 217.84 121.12 215.11 114.34 223.51 curveto
107.55 231.91 107.89 229.28 104.51 236.37 curveto
101.14 243.45 102.37 242.54 98.67 252.01 curveto
94.98 261.48 95.2 261.97 92.12 267.62 curveto
89.03 273.28 89.97 273.79 85.54 277 curveto
81.1 280.2 83.75 280.05 76.74 281.24 curveto
69.74 282.44 81.72 283.1 67.58 282.36 curveto
53.44 281.62 52.01 281.08 48.03 278.3 curveto
44.05 275.52 46.37 277.76 40.78 272.76 curveto
39.56618 271.67235 38.37508 270.57382 37.24971 269.51062 curveto
37.25 269.5107 lineto
40.34523 267.63745 42.83952 265.95227 43.71 264.7 curveto
43.90727 264.41621 44.14143 264.05467 44.40594 263.62895 curveto
44.40585 263.62906 lineto
44.40599 263.62906 lineto
44.40594 263.62895 lineto
47.19882 259.13411 53.37563 247.48611 55.23 244.7 curveto
57.26 241.65 67.32 235.76 68.58 233.89 curveto
69.85 232.01 75.56 219.97 78.14 215.02 curveto
80.72 210.07 84.25 198.42 85.91 192.48 curveto
87.06564 188.31265 90.01671 186.68637 93.14151 182.17946 curveto
 closepath fill
 0.1 0.2 0.8 setrgbcolor
newpath 433.93173 291.10788 moveto
434.85431 290.01622 435.74191 289.01898 436.44 288.37 curveto
438.43 286.52 441.49 281.58 443.92 280.71 curveto
446.35 279.84 446.59 280.08 448.06 279.18 curveto
449.526 278.27248 455.47755 272.51141 455.50986 272.48013 curveto
455.51 272.48 lineto
457.46 264.86 lineto
457.46 264.86 455.67 254.46 455.81 250.39 curveto
455.96 246.31 451.2 231.73 450.56 222.82 curveto
450.26575 218.72353 450.9967 215.73045 452.14253 213.32765 curveto
452.14258 213.32767 lineto
445.36427 209.81918 437.04184 205.31018 434 202.53 curveto
429.35 198.28 414.46 184.78 412.79 177.76 curveto
411.12 170.73 393.64 142.49 391.19 137.36 curveto
388.73 132.23 375.04 119.01 373.5 114.87 curveto
371.97 110.73 368.08 105.31 364.38 101.33 curveto
360.68 97.36 347.84 80.09 340.01 70.68 curveto
332.18 61.28 326.72 45.95 325.84 43.52 curveto
324.97 41.09 320.18 33.95 315.81 28.51 curveto
311.44 23.07 314.25 18.13 314.6 15.02 curveto
314.95 11.91 306.73 0.09 301.7 -7.05 curveto
296.67 -14.19 285.04 -24.93 276.02 -34.62 curveto
267.01 -44.3 265.77 -76.76 265.94 -81.56 curveto
266.12 -86.35 258.78 -102.71 256.74 -106.14 curveto
254.71 -109.58 249.57 -133.77 247.39 -139.85 curveto
245.21 -145.94 233.21 -159.57 228.45 -167.43 curveto
225.61938 -172.09811 223.17776 -175.82207 220.48798 -179.07498 curveto
220.48796 -179.07504 lineto
217.36006 -173.38193 217.02069 -171.20435 211.13 -166.61 curveto
204.95 -161.79 201.74 -159.26 196.8 -155.36 curveto
191.85 -151.45 176.74 -145.27 174.05 -143.92 curveto
171.36 -142.58 167.85 -138.38 162.66 -134.24 curveto
157.46 -130.1 152.2 -130.77 150 -122.92 curveto
147.79 -115.07 145.82 -106.98 145.5 -98.1 curveto
145.18 -89.23 141.93 -92.23 143.34 -78.25 curveto
144.76 -64.27 146.25 -65.66 145.91 -56.07 curveto
145.57 -46.48 145.91 -62.79 142.98 -41.29 curveto
140.05 -19.79 137.26 -22.05 139.24 -10.21 curveto
141.22 1.62 142.89 1.92 141.5 13.88 curveto
140.12 25.83 137.32 30.29 136.19 35.06 curveto
135.06 39.82 131.81 36.58 131.32 50.49 curveto
130.82 64.4 129.21 69.15 128.54 74.65 curveto
127.86 80.15 129.34 85.72 124.86 90.12 curveto
120.38 94.53 122.51 95.56 116.95 96.33 curveto
114.03188 96.7296 110.05771 96.9578 106.94473 97.08437 curveto
106.94458 97.08424 lineto
107.42732 104.10518 107.09572 105.96788 106.41 109.16 curveto
106.23488 109.9847 105.99963 111.92271 105.7366 114.52698 curveto
105.73665 114.52696 lineto
109.32393 116.67526 110.88986 116.71867 111.28 120.62 curveto
111.82 125.92 111.34 125.66 112.15 130.01 curveto
112.95 134.37 115 137.56 111.92 143.21 curveto
108.83 148.87 103.19 152.27 103.19 152.27 curveto
103.1 152.32425 lineto
103.09996 152.32425 lineto
102.48393 157.52933 100.51787 165.29169 97.12 174.39 curveto
95.84666 177.79652 94.4782 180.25154 93.14151 182.17946 curveto
93.1414 182.17953 lineto
93.92886 182.37704 94.82355 182.64113 95.85 182.99 curveto
102.97 185.4 107.64 182.45 112.24 188.13 curveto
116.84 193.82 116.03 189.47 117.7 196.49 curveto
119.37 203.52 121.87 200.73 119.41 209.28 curveto
116.94 217.84 121.12 215.11 114.34 223.51 curveto
107.55 231.91 107.89 229.28 104.51 236.37 curveto
101.14 243.45 102.37 242.54 98.67 252.01 curveto
94.98 261.48 95.2 261.97 92.12 267.62 curveto
89.03 273.28 89.97 273.79 85.54 277 curveto
81.1 280.2 83.75 280.05 76.74 281.24 curveto
69.74 282.44 81.72 283.1 67.58 282.36 curveto
53.44 281.62 52.01 281.08 48.03 278.3 curveto
44.05 275.52 46.37 277.76 40.78 272.76 curveto
39.56618 271.67235 38.37508 270.57382 37.24971 269.51062 curveto
37.24895 269.50996 37.25076 269.51021 37.25 269.5107 curveto
32.23807 272.54393 25.65053 276.07022 21.83 279.05 curveto
20.66579 279.95802 19.16264 280.8199 17.44226 281.64159 curveto
17.44203 281.6413 lineto
42.27312 324.51436 lineto
42.27306 324.51477 lineto
43.31374 323.84065 44.23857 323.3387 44.99 323.1 curveto
48.39 322.02 54.6 322.96 57.83 320.2 curveto
61.05 317.43 59.63 316.66 66.07 317.85 curveto
72.52 319.04 73.78 323.89 76.72 322.31 curveto
79.66 320.73 84.53 318.98 88.51 315.04 curveto
92.49 311.1 97.43 307.2 100.8 300.35 curveto
104.16 293.51 105.28 288.99 106.56 280.15 curveto
107.83 271.31 104.57 268.55 106.91 263.59 curveto
109.25 258.63 113.47 254.7 116.78 249.29 curveto
120.1 243.89 123.06 234.87 124.24 228.67 curveto
125.42 222.46 127.06 210.04 131.51 206.59 curveto
135.95 203.15 145.02 191.22 145.34 182.35 curveto
145.66 173.48 145.42 139.85 142.69 128.7 curveto
139.97 117.56 138.8 103.35 139 97.59 curveto
139.21 91.84 139.59 81.28 142.23 74.41 curveto
144.88 67.54 152.48 56.53 150.95 45.43 curveto
149.42 34.33 151.38 26.47 154.7 20.83 curveto
158.03 15.18 169.31 -12.02 168.7 -21.89 curveto
168.09 -31.75 169.85 -54.01 170.08 -60.25 curveto
170.3 -66.48 171.2 -71.5 177.34 -75.12 curveto
183.48 -78.75 194.23 -83.89 199.46 -82.26 curveto
204.68 -80.64 214.56 -68.28 216.98 -62.19 curveto
219.41 -56.1 230.26 -37.46 234.12 -31.32 curveto
237.99 -25.17 252.65 -12.4 257.38 -10.31 curveto
262.11 -8.22 269.98 6.95 272.26 10.39 curveto
274.54 13.84 285.75 36.33 289.98 52.33 curveto
294.22 68.34 313.99 86.57 317.67 91.02 curveto
321.36 95.48 334.3 116.59 335.59 120.72 curveto
336.89 124.85 350.64 143.11 353.34 148.01 curveto
356.05 152.91 375.81 191.08 376.83 196.16 curveto
377.85 201.24 389.78 230.01 395.53 236.94 curveto
401.28 243.87 419.01 265.17 421.9 271.76 curveto
423.56949 275.56693 429.16017 284.00252 433.9315 291.10785 curveto
 closepath fill
0 0 0 THsetpatterncolor
 0.00002 0.00015 0.00015 setrgbcolor
newpath 70.16765 -200.55861 moveto
71.67372 -201.93445 73.47842 -203.39839 75.61 -204.85 curveto
83.98 -210.55 79.55 -207.59 89.17 -214.69 curveto
98.79 -221.79 96.21 -216.6 107.76 -224.11 curveto
119.32 -231.62 115.1 -227.69 123.69 -232.9 curveto
132.28 -238.12 128.37 -236.1 134.52 -240.2 curveto
140.67 -244.3 137.77 -243.69 141.07 -248.85 curveto
141.49431 -249.51274 141.84483 -250.09906 142.13641 -250.62769 curveto
142.13652 -250.62778 lineto
140.18425 -252.2273 138.87448 -258.65468 138.63 -260.95 curveto
138.27 -264.32 136.37 -271.6 130.98 -282.12 curveto
125.59 -292.64 125.56 -305.12 125.44 -308.49 curveto
125.32 -311.86 120.99 -331.71 119.43 -335.12 curveto
117.87 -338.54 114.66 -349.46 114.14 -355.01 curveto
113.72014 -359.48302 112.51149 -363.82565 109.51924 -368.45898 curveto
109.51936 -368.45895 lineto
90.95016 -371.0607 lineto
90.94995 -371.06076 lineto
90.37599 -369.36604 89.3316 -368.54799 87.22 -367.98 curveto
84.07 -367.13 76.36 -366.45 71.27 -364.95 curveto
66.17 -363.45 60.72 -338.67 60.05 -326.69 curveto
59.38 -314.7 62.49 -300.9 61.08 -288.47 curveto
59.67 -276.03 62.5 -241.1 63.15 -225.71 curveto
63.51697 -217.0212 66.83871 -207.5355 70.16756 -200.55875 curveto
 closepath fill
 0.1 0.2 0.8 setrgbcolor
newpath 111.89 -258.78 moveto
108.85 -261.06 108.92 -262.97 101.59 -266.12 curveto
94.25 -269.26 90.12 -274.46 88.34 -278.6 curveto
86.57 -282.75 85.07 -287.85 84.24 -291.48 curveto
83.41 -295.11 81.16 -299.27 80.83 -303.37 curveto
80.49 -307.46 76.19 -314.82 75.38 -318.93 curveto
74.57 -323.04 71.9 -328.9 71.31 -332.77 curveto
70.73 -336.63 70.34 -339.05 71.64 -341.88 curveto
72.94 -344.72 70.66 -348.16 75.68 -347.26 curveto
80.69 -346.36 86.72 -347.1 90.66 -343.12 curveto
94.6 -339.14 93.86 -345.41 96.64 -335.94 curveto
99.43 -326.48 101.87 -320.86 103.72 -312.15 curveto
105.57 -303.44 101.66 -308.38 107.94 -295.91 curveto
114.22 -283.44 113.29 -284.43 118.34 -278.01 curveto
123.4 -271.58 122.3 -274.5 126.61 -267.38 curveto
130.92 -260.26 133.91 -250.07 132.2 -249.17 curveto
130.49 -248.27 124.99 -249.19 122.15 -250.25 curveto
119.31 -251.31 114.86 -254.6 114.86 -254.6 curveto
114.86 -254.6 114.93 -256.51 111.89 -258.78 curveto
 closepath fill
 0.00002 0.00018 0.00026 setrgbcolor
newpath 123.69014 -232.89986 moveto
123.72821 -232.8614 131.57507 -224.93515 133.66 -222.94 curveto
135.75 -220.94 136.15 -218.77 136.94 -213.94 curveto
137.73 -209.11 138.08 -198.77 138.94 -196.09 curveto
139.8 -193.42 140.6 -188.83 142.15 -185.17 curveto
143.7 -181.51 145.2 -176.42 148.21 -173.43 curveto
151.23 -170.44 156.06 -164.5 159.12 -162.71 curveto
162.18 -160.92 164.23 -157.96 167.98 -155.43 curveto
171.7213 -152.89589 174.03923 -143.96156 174.04996 -143.92014 curveto
174.05 -143.92 lineto
179.36 -144.46 203.92 -159.91 196.8 -155.36 curveto
186.88 -149.03 207.15 -163.07 211.13 -166.61 curveto
216.1586 -171.07681 218.73586 -175.42485 220.5257 -179.02919 curveto
220.52563 -179.02937 lineto
218.68123 -181.26483 216.72134 -183.27739 214.44 -185.22 curveto
208.85 -189.99 207.3 -193.64 206.44 -196.56 curveto
205.58 -199.47 201.26 -206.11 196.82 -209.63 curveto
192.39 -213.15 194 -217.89 191.3 -223.03 curveto
188.6 -228.17 191.79 -229.98 189.76 -233.66 curveto
187.73 -237.33 181.01 -257.5 179.93 -260.9 curveto
178.85 -264.31 178.01 -274.42 172.2 -286.4 curveto
166.39 -298.38 159.54 -288.29 158.02 -286.19 curveto
156.51 -284.08 154.78 -276.22 152.13 -269.11 curveto
149.47 -262 148.91 -259.86 145.29 -252.54 curveto
144.1251 -250.19415 143.05907 -249.87192 142.13652 -250.62778 curveto
142.13652 -250.62788 lineto
141.84492 -250.09921 141.49437 -249.51282 141.07 -248.85 curveto
137.77 -243.69 140.67 -244.3 134.52 -240.2 curveto
128.37 -236.1 132.28 -238.12 123.69 -232.9 curveto
 closepath fill
0 0 0 THsetpatterncolor
 0.00002 0.00015 0.00009 setrgbcolor
newpath 123.69014 -232.89986 moveto
123.72821 -232.8614 131.57507 -224.93515 133.66 -222.94 curveto
135.75 -220.94 136.15 -218.77 136.94 -213.94 curveto
137.73 -209.11 138.08 -198.77 138.94 -196.09 curveto
139.8 -193.42 140.6 -188.83 142.15 -185.17 curveto
143.7 -181.51 145.2 -176.42 148.21 -173.43 curveto
151.23 -170.44 156.06 -164.5 159.12 -162.71 curveto
162.18 -160.92 164.23 -157.96 167.98 -155.43 curveto
171.7213 -152.89589 174.03923 -143.96156 174.04996 -143.92014 curveto
174.05 -143.92 lineto
179.36 -144.46 203.92 -159.91 196.8 -155.36 curveto
186.88 -149.03 207.15 -163.07 211.13 -166.61 curveto
216.1586 -171.07681 218.73586 -175.42485 220.5257 -179.02919 curveto
220.52563 -179.02937 lineto
218.68123 -181.26483 216.72134 -183.27739 214.44 -185.22 curveto
208.85 -189.99 207.3 -193.64 206.44 -196.56 curveto
205.58 -199.47 201.26 -206.11 196.82 -209.63 curveto
192.39 -213.15 194 -217.89 191.3 -223.03 curveto
188.6 -228.17 191.79 -229.98 189.76 -233.66 curveto
187.73 -237.33 181.01 -257.5 179.93 -260.9 curveto
178.85 -264.31 178.01 -274.42 172.2 -286.4 curveto
166.39 -298.38 159.54 -288.29 158.02 -286.19 curveto
156.51 -284.08 154.78 -276.22 152.13 -269.11 curveto
149.47 -262 148.91 -259.86 145.29 -252.54 curveto
144.1251 -250.19415 143.05907 -249.87192 142.13652 -250.62778 curveto
142.13652 -250.62788 lineto
141.84492 -250.09921 141.49437 -249.51282 141.07 -248.85 curveto
137.77 -243.69 140.67 -244.3 134.52 -240.2 curveto
128.37 -236.1 132.28 -238.12 123.69 -232.9 curveto
 closepath fill
gsave newpath 174.05 -143.92 moveto
174.05 -143.92 171.73 -152.89 167.98 -155.43 curveto
164.23 -157.96 162.18 -160.92 159.12 -162.71 curveto
156.06 -164.5 151.23 -170.44 148.21 -173.43 curveto
145.2 -176.42 143.7 -181.51 142.15 -185.17 curveto
140.6 -188.83 139.8 -193.42 138.94 -196.09 curveto
138.08 -198.77 137.73 -209.11 136.94 -213.94 curveto
136.15 -218.77 135.75 -220.94 133.66 -222.94 curveto
131.57 -224.94 123.69 -232.9 123.69 -232.9 curveto
123.69 -232.9 lineto
115.1 -227.69 119.32 -231.62 107.76 -224.11 curveto
96.21 -216.6 98.79 -221.79 89.17 -214.69 curveto
79.55 -207.59 83.98 -210.55 75.61 -204.85 curveto
73.47842 -203.39839 71.67372 -201.93445 70.16765 -200.55861 curveto
70.16756 -200.55875 lineto
72.7349 -195.17798 75.30646 -191.28955 76.53 -190.41 curveto
79.34 -188.38 87.21 -166.73 88.81 -164.51 curveto
90.41 -162.29 94.22 -134.53 96.64 -121.72 curveto
99.06 -108.9 98.01 -93.08 98.29 -87.55 curveto
98.57 -82.01 92.89 -64.2 92.15 -56.79 curveto
91.4 -49.37 94.36 -24.29 96.52 -17.49 curveto
98.68 -10.69 103.94 23.59 104.67 30.09 curveto
105.4 36.6 107.01 52.03 105.29 59.89 curveto
103.57 67.75 105.15 77.17 106.37 90.18 curveto
106.6263 92.93793 106.81485 95.19737 106.94458 97.08424 curveto
106.94473 97.08437 lineto
110.05771 96.9578 114.03188 96.7296 116.95 96.33 curveto
122.51 95.56 120.38 94.53 124.86 90.12 curveto
129.34 85.72 127.86 80.15 128.54 74.65 curveto
129.21 69.15 130.82 64.4 131.32 50.49 curveto
131.81 36.58 135.06 39.82 136.19 35.06 curveto
137.32 30.29 140.12 25.83 141.5 13.88 curveto
142.89 1.92 141.22 1.62 139.24 -10.21 curveto
137.26 -22.05 140.05 -19.79 142.98 -41.29 curveto
145.91 -62.79 145.57 -46.48 145.91 -56.07 curveto
146.25 -65.66 144.76 -64.27 143.34 -78.25 curveto
141.93 -92.23 145.18 -89.23 145.5 -98.1 curveto
145.82 -106.98 147.79 -115.07 150 -122.92 curveto
152.2 -130.77 157.46 -130.1 162.66 -134.24 curveto
167.85 -138.38 171.36 -142.58 174.05 -143.92 curveto
 closepath clip
 0.00002 0.00018 0.00026 setrgbcolor
newpath 53.72562 -235.53777 moveto
58.37416 -241.58333 lineto
72.03401 -240.48927 lineto
63.79134 -227.45532 lineto
 closepath fill
 0 0 0 setrgbcolor 0 0.7 dtransform truncate idtransform setlinewidth pop
 [] 0 setdash 1 setlinejoin 10 setmiterlimit
newpath 53.72562 -235.53777 moveto
58.37416 -241.58333 lineto
72.03401 -240.48927 lineto
63.79134 -227.45532 lineto
 closepath stroke
 0.00002 0.00018 0.00026 setrgbcolor
newpath 79.63602 -176.8372 moveto
70.42268 -160.1277 lineto
61.86845 -169.01198 lineto
66.96286 -179.13225 lineto
 closepath fill
 0 0 0 setrgbcolor
newpath 79.63602 -176.8372 moveto
70.42268 -160.1277 lineto
61.86845 -169.01198 lineto
66.96286 -179.13225 lineto
 closepath stroke
 0.00002 0.00018 0.00026 setrgbcolor
newpath 88.7427 -138.59097 moveto
73.14986 -136.82874 lineto
72.8267 -147.13257 lineto
80.53493 -149.73576 lineto
 closepath fill
 0 0 0 setrgbcolor
newpath 88.7427 -138.59097 moveto
73.14986 -136.82874 lineto
72.8267 -147.13257 lineto
80.53493 -149.73576 lineto
 closepath stroke
 0.00002 0.00018 0.00026 setrgbcolor
newpath 67.34229 -117.0187 moveto
80.79008 -128.53764 lineto
87.89009 -115.98653 lineto
79.03297 -104.99382 lineto
 closepath fill
 0 0 0 setrgbcolor
newpath 67.34229 -117.0187 moveto
80.79008 -128.53764 lineto
87.89009 -115.98653 lineto
79.03297 -104.99382 lineto
 closepath stroke
 0.00002 0.00018 0.00026 setrgbcolor
newpath 71.19894 -82.07977 moveto
58.75966 -76.7397 lineto
53.82538 -88.61476 lineto
66.50485 -97.2767 lineto
 closepath fill
 0 0 0 setrgbcolor
newpath 71.19894 -82.07977 moveto
58.75966 -76.7397 lineto
53.82538 -88.61476 lineto
66.50485 -97.2767 lineto
 closepath stroke
 0.00002 0.00018 0.00026 setrgbcolor
newpath 60.49355 -86.57492 moveto
71.16832 -81.21211 lineto
62.47195 -69.27072 lineto
53.1201 -73.53247 lineto
 closepath fill
 0 0 0 setrgbcolor
newpath 60.49355 -86.57492 moveto
71.16832 -81.21211 lineto
62.47195 -69.27072 lineto
53.1201 -73.53247 lineto
 closepath stroke
 0.00002 0.00018 0.00026 setrgbcolor
newpath 84.58414 -39.45238 moveto
88.8471 -24.99857 lineto
74.42552 -27.02576 lineto
67.026 -35.4243 lineto
 closepath fill
 0 0 0 setrgbcolor
newpath 84.58414 -39.45238 moveto
88.8471 -24.99857 lineto
74.42552 -27.02576 lineto
67.026 -35.4243 lineto
 closepath stroke
 0.00002 0.00018 0.00026 setrgbcolor
newpath 63.38164 -22.67532 moveto
72.70876 -23.20697 lineto
73.18007 -5.7488 lineto
64.12047 -10.0506 lineto
 closepath fill
 0 0 0 setrgbcolor
newpath 63.38164 -22.67532 moveto
72.70876 -23.20697 lineto
73.18007 -5.7488 lineto
64.12047 -10.0506 lineto
 closepath stroke
 0.00002 0.00018 0.00026 setrgbcolor
newpath 77.24428 30.17593 moveto
62.84973 33.82622 lineto
59.17302 18.70828 lineto
76.40541 18.84529 lineto
 closepath fill
 0 0 0 setrgbcolor
newpath 77.24428 30.17593 moveto
62.84973 33.82622 lineto
59.17302 18.70828 lineto
76.40541 18.84529 lineto
 closepath stroke
 0.00002 0.00018 0.00026 setrgbcolor
newpath 65.19223 48.53357 moveto
59.69376 65.26389 lineto
45.86032 55.36633 lineto
52.23895 43.76503 lineto
 closepath fill
 0 0 0 setrgbcolor
newpath 65.19223 48.53357 moveto
59.69376 65.26389 lineto
45.86032 55.36633 lineto
52.23895 43.76503 lineto
 closepath stroke
 0.00002 0.00018 0.00026 setrgbcolor
newpath 67.58003 78.31963 moveto
64.20033 62.1073 lineto
79.61795 62.56465 lineto
75.05566 75.70326 lineto
 closepath fill
 0 0 0 setrgbcolor
newpath 67.58003 78.31963 moveto
64.20033 62.1073 lineto
79.61795 62.56465 lineto
75.05566 75.70326 lineto
 closepath stroke
 0.00002 0.00018 0.00026 setrgbcolor
newpath 84.74408 -207.41953 moveto
93.60121 -213.27493 lineto
104.26637 -201.88898 lineto
92.96751 -191.26181 lineto
 closepath fill
 0 0 0 setrgbcolor
newpath 84.74408 -207.41953 moveto
93.60121 -213.27493 lineto
104.26637 -201.88898 lineto
92.96751 -191.26181 lineto
 closepath stroke
 0.00002 0.00018 0.00026 setrgbcolor
newpath 107.4299 -187.79118 moveto
98.98326 -174.39264 lineto
90.9873 -185.79013 lineto
98.25139 -189.91168 lineto
 closepath fill
 0 0 0 setrgbcolor
newpath 107.4299 -187.79118 moveto
98.98326 -174.39264 lineto
90.9873 -185.79013 lineto
98.25139 -189.91168 lineto
 closepath stroke
 0.00002 0.00018 0.00026 setrgbcolor
newpath 96.24329 -27.65834 moveto
94.67511 -38.81055 lineto
113.65471 -39.03606 lineto
112.42973 -23.5284 lineto
 closepath fill
 0 0 0 setrgbcolor
newpath 96.24329 -27.65834 moveto
94.67511 -38.81055 lineto
113.65471 -39.03606 lineto
112.42973 -23.5284 lineto
 closepath stroke
 0.00002 0.00018 0.00026 setrgbcolor
newpath 84.7253 30.30507 moveto
83.06927 10.85149 lineto
98.19794 14.21722 lineto
98.53639 28.91315 lineto
 closepath fill
 0 0 0 setrgbcolor
newpath 84.7253 30.30507 moveto
83.06927 10.85149 lineto
98.19794 14.21722 lineto
98.53639 28.91315 lineto
 closepath stroke
 0.00002 0.00018 0.00026 setrgbcolor
newpath 98.52704 60.78305 moveto
92.34244 73.08641 lineto
77.98987 66.55229 lineto
80.28578 56.8788 lineto
 closepath fill
 0 0 0 setrgbcolor
newpath 98.52704 60.78305 moveto
92.34244 73.08641 lineto
77.98987 66.55229 lineto
80.28578 56.8788 lineto
 closepath stroke
 0.00002 0.00018 0.00026 setrgbcolor
newpath 120.31732 -210.06084 moveto
111.7127 -205.13625 lineto
106.18822 -217.82729 lineto
118.18231 -222.82185 lineto
 closepath fill
 0 0 0 setrgbcolor
newpath 120.31732 -210.06084 moveto
111.7127 -205.13625 lineto
106.18822 -217.82729 lineto
118.18231 -222.82185 lineto
 closepath stroke
 0.00002 0.00018 0.00026 setrgbcolor
newpath 125.64296 -180.72089 moveto
128.09657 -170.79674 lineto
114.41145 -165.13123 lineto
111.84193 -177.95045 lineto
 closepath fill
 0 0 0 setrgbcolor
newpath 125.64296 -180.72089 moveto
128.09657 -170.79674 lineto
114.41145 -165.13123 lineto
111.84193 -177.95045 lineto
 closepath stroke
 0.00002 0.00018 0.00026 setrgbcolor
newpath 118.1529 -146.24794 moveto
127.14754 -162.24387 lineto
139.79463 -155.07622 lineto
138.56947 -144.89932 lineto
 closepath fill
 0 0 0 setrgbcolor
newpath 118.1529 -146.24794 moveto
127.14754 -162.24387 lineto
139.79463 -155.07622 lineto
138.56947 -144.89932 lineto
 closepath stroke
 0.00002 0.00018 0.00026 setrgbcolor
newpath 132.13895 -120.27318 moveto
125.68044 -112.72636 lineto
112.32272 -110.639 lineto
118.1096 -127.1266 lineto
 closepath fill
 0 0 0 setrgbcolor
newpath 132.13895 -120.27318 moveto
125.68044 -112.72636 lineto
112.32272 -110.639 lineto
118.1096 -127.1266 lineto
 closepath stroke
 0.00002 0.00018 0.00026 setrgbcolor
newpath 114.85143 -90.89363 moveto
130.32883 -85.81802 lineto
120.52362 -75.98857 lineto
107.6239 -78.88008 lineto
 closepath fill
 0 0 0 setrgbcolor
newpath 114.85143 -90.89363 moveto
130.32883 -85.81802 lineto
120.52362 -75.98857 lineto
107.6239 -78.88008 lineto
 closepath stroke
 0.00002 0.00018 0.00026 setrgbcolor
newpath 124.7623 -50.20293 moveto
118.82727 -59.07303 lineto
125.22728 -67.22209 lineto
136.06815 -50.78366 lineto
 closepath fill
 0 0 0 setrgbcolor
newpath 124.7623 -50.20293 moveto
118.82727 -59.07303 lineto
125.22728 -67.22209 lineto
136.06815 -50.78366 lineto
 closepath stroke
 0.00002 0.00018 0.00026 setrgbcolor
newpath 131.49808 -54.88948 moveto
137.11313 -38.71407 lineto
121.17113 -38.4698 lineto
112.75862 -47.58998 lineto
 closepath fill
 0 0 0 setrgbcolor
newpath 131.49808 -54.88948 moveto
137.11313 -38.71407 lineto
121.17113 -38.4698 lineto
112.75862 -47.58998 lineto
 closepath stroke
 0.00002 0.00018 0.00026 setrgbcolor
newpath 116.40256 12.47975 moveto
126.51372 16.22267 lineto
121.91301 27.21046 lineto
106.21277 27.59773 lineto
 closepath fill
 0 0 0 setrgbcolor
newpath 116.40256 12.47975 moveto
126.51372 16.22267 lineto
121.91301 27.21046 lineto
106.21277 27.59773 lineto
 closepath stroke
 0.00002 0.00018 0.00026 setrgbcolor
newpath 147.24815 -241.4742 moveto
139.41447 -233.99323 lineto
134.85231 -248.66396 lineto
146.82826 -250.46213 lineto
 closepath fill
 0 0 0 setrgbcolor
newpath 147.24815 -241.4742 moveto
139.41447 -233.99323 lineto
134.85231 -248.66396 lineto
146.82826 -250.46213 lineto
 closepath stroke
 0.00002 0.00018 0.00026 setrgbcolor
newpath 153.33536 -211.83885 moveto
165.01663 -204.0746 lineto
156.59021 -193.53552 lineto
143.71718 -199.821 lineto
 closepath fill
 0 0 0 setrgbcolor
newpath 153.33536 -211.83885 moveto
165.01663 -204.0746 lineto
156.59021 -193.53552 lineto
143.71718 -199.821 lineto
 closepath stroke
 0.00002 0.00018 0.00026 setrgbcolor
newpath 154.72128 -194.39716 moveto
168.3329 -195.1791 lineto
164.57288 -177.5311 lineto
151.29071 -177.8179 lineto
 closepath fill
 0 0 0 setrgbcolor
newpath 154.72128 -194.39716 moveto
168.3329 -195.1791 lineto
164.57288 -177.5311 lineto
151.29071 -177.8179 lineto
 closepath stroke
 0.00002 0.00018 0.00026 setrgbcolor
newpath 149.29475 -166.94263 moveto
157.41594 -156.03224 lineto
143.48315 -150.04863 lineto
135.03682 -159.8144 lineto
 closepath fill
 0 0 0 setrgbcolor
newpath 149.29475 -166.94263 moveto
157.41594 -156.03224 lineto
143.48315 -150.04863 lineto
135.03682 -159.8144 lineto
 closepath stroke
 0.00002 0.00018 0.00026 setrgbcolor
newpath 172.78873 -66.60796 moveto
159.26382 -69.60538 lineto
158.86543 -81.14055 lineto
173.21094 -84.65317 lineto
 closepath fill
 0 0 0 setrgbcolor
newpath 172.78873 -66.60796 moveto
159.26382 -69.60538 lineto
158.86543 -81.14055 lineto
173.21094 -84.65317 lineto
 closepath stroke
 0.00002 0.00018 0.00026 setrgbcolor
newpath 167.65758 -46.07884 moveto
157.57253 -28.35475 lineto
145.10687 -37.44496 lineto
152.41467 -50.79271 lineto
 closepath fill
 0 0 0 setrgbcolor
newpath 167.65758 -46.07884 moveto
157.57253 -28.35475 lineto
145.10687 -37.44496 lineto
152.41467 -50.79271 lineto
 closepath stroke
 0.00002 0.00018 0.00026 setrgbcolor
newpath 150.69377 44.23128 moveto
162.48526 52.62938 lineto
146.4201 60.68668 lineto
138.39864 45.58643 lineto
 closepath fill
 0 0 0 setrgbcolor
newpath 150.69377 44.23128 moveto
162.48526 52.62938 lineto
146.4201 60.68668 lineto
138.39864 45.58643 lineto
 closepath stroke
 0.00002 0.00018 0.00026 setrgbcolor
newpath 146.87854 67.24341 moveto
151.74287 80.64505 lineto
139.08824 83.69781 lineto
133.90544 71.2507 lineto
 closepath fill
 0 0 0 setrgbcolor
newpath 146.87854 67.24341 moveto
151.74287 80.64505 lineto
139.08824 83.69781 lineto
133.90544 71.2507 lineto
 closepath stroke
grestore
gsave newpath 546.53049 239.11601 moveto
545.13846 237.99971 544.15816 236.72327 538.93 230.76 curveto
531.31 222.08 534.35 224.35 530.06 216.75 curveto
525.77 209.15 527.15 210.88 525.2 204.81 curveto
523.25 198.74 523.53 197.78 524.26 190.85 curveto
524.98 183.91 532.97 189 538.8 187.04 curveto
544.64 185.09 546.96 187.34 555.66 185.73 curveto
564.36 184.12 562.87 185.51 574.2 184.47 curveto
585.52 183.43 582.16 183.31 587.27 181.58 curveto
592.37 179.84 604.64 172.35 607.15 169.32 curveto
608.68704 167.46452 608.9416 166.2803 610.02171 162.26312 curveto
610.0216 162.26317 lineto
608.86844 161.26056 607.82553 160.17775 606.8 159.22 curveto
603.31 155.97 596.55 150.21 594.06 146.04 curveto
591.57 141.87 583.39 142.29 580.54 141.23 curveto
577.7 140.17 575.73 141.54 574 142.91 curveto
572.27 144.29 567.75 143.17 562.68 143.71 curveto
557.62 144.25 549.44 151.4 544.16 158.17 curveto
538.87 164.95 516.93 167.29 513.26 169.08 curveto
509.6 170.87 503.99 179.79 501.41 184.75 curveto
498.83 189.7 491.23 207.44 484.9 216.34 curveto
478.58 225.25 465.54 220.23 460.59 217.65 curveto
458.87808 216.75774 455.72612 215.18253 452.14258 213.32767 curveto
452.14253 213.32765 lineto
450.9967 215.73045 450.26575 218.72353 450.56 222.82 curveto
451.2 231.73 455.96 246.31 455.81 250.39 curveto
455.67 254.46 457.46 264.86 457.46 264.86 curveto
457.46014 264.85991 lineto
457.48825 264.84001 461.65894 261.8895 464.3 261.74 curveto
466.95 261.59 476 257.11 481.74 258.03 curveto
487.47 258.96 486.28 258.68 492.49 259.86 curveto
498.69 261.04 498.48 260.31 506.59 261.8 curveto
514.71 263.29 513.85 260.38 519.97 263.96 curveto
526.09 267.54 523.06 264.79 528.66 269.55 curveto
531.1635 271.67796 534.15263 273.58409 536.69286 275.04144 curveto
536.69293 275.04166 lineto
537.92966 266.88815 539.65945 256.44777 542.05 251.05 curveto
544.22044 246.1266 544.15012 242.62654 546.53055 239.116 curveto
 closepath clip
 0.00002 0.00018 0.00026 setrgbcolor
newpath 444.37178 150.8106 moveto
434.54103 138.93129 lineto
449.53734 131.61412 lineto
454.95097 145.50264 lineto
 closepath fill
 0 0 0 setrgbcolor 0 0.7 dtransform truncate idtransform setlinewidth pop
 [] 0 setdash 1 setlinejoin 10 setmiterlimit
newpath 444.37178 150.8106 moveto
434.54103 138.93129 lineto
449.53734 131.61412 lineto
454.95097 145.50264 lineto
 closepath stroke
 0.00002 0.00018 0.00026 setrgbcolor
newpath 460.36758 168.06833 moveto
460.738 181.56279 lineto
446.44148 183.40404 lineto
447.12666 169.0152 lineto
 closepath fill
 0 0 0 setrgbcolor
newpath 460.36758 168.06833 moveto
460.738 181.56279 lineto
446.44148 183.40404 lineto
447.12666 169.0152 lineto
 closepath stroke
 0.00002 0.00018 0.00026 setrgbcolor
newpath 446.99565 193.34236 moveto
458.25542 210.31097 lineto
442.8266 214.50226 lineto
433.64178 202.46059 lineto
 closepath fill
 0 0 0 setrgbcolor
newpath 446.99565 193.34236 moveto
458.25542 210.31097 lineto
442.8266 214.50226 lineto
433.64178 202.46059 lineto
 closepath stroke
 0.00002 0.00018 0.00026 setrgbcolor
newpath 448.06438 235.5741 moveto
450.6469 244.43626 lineto
440.83649 256.99678 lineto
431.20934 245.39856 lineto
 closepath fill
 0 0 0 setrgbcolor
newpath 448.06438 235.5741 moveto
450.6469 244.43626 lineto
440.83649 256.99678 lineto
431.20934 245.39856 lineto
 closepath stroke
 0.00002 0.00018 0.00026 setrgbcolor
newpath 472.14828 143.80122 moveto
461.02203 134.10135 lineto
469.00706 124.62234 lineto
479.4562 138.97485 lineto
 closepath fill
 0 0 0 setrgbcolor
newpath 472.14828 143.80122 moveto
461.02203 134.10135 lineto
469.00706 124.62234 lineto
479.4562 138.97485 lineto
 closepath stroke
 0.00002 0.00018 0.00026 setrgbcolor
newpath 469.42157 174.0777 moveto
474.13858 161.64218 lineto
490.4973 161.18567 lineto
486.92075 177.8901 lineto
 closepath fill
 0 0 0 setrgbcolor
newpath 469.42157 174.0777 moveto
474.13858 161.64218 lineto
490.4973 161.18567 lineto
486.92075 177.8901 lineto
 closepath stroke
 0.00002 0.00018 0.00026 setrgbcolor
newpath 482.76398 187.71648 moveto
475.31235 195.91411 lineto
464.18085 185.83414 lineto
473.02402 176.80396 lineto
 closepath fill
 0 0 0 setrgbcolor
newpath 482.76398 187.71648 moveto
475.31235 195.91411 lineto
464.18085 185.83414 lineto
473.02402 176.80396 lineto
 closepath stroke
 0.00002 0.00018 0.00026 setrgbcolor
newpath 494.4861 241.36974 moveto
488.86703 255.55745 lineto
471.5953 253.9725 lineto
474.48341 238.84387 lineto
 closepath fill
 0 0 0 setrgbcolor
newpath 494.4861 241.36974 moveto
488.86703 255.55745 lineto
471.5953 253.9725 lineto
474.48341 238.84387 lineto
 closepath stroke
 0.00002 0.00018 0.00026 setrgbcolor
newpath 498.7947 135.76112 moveto
508.51065 141.62183 lineto
501.6587 159.61832 lineto
489.53368 147.34181 lineto
 closepath fill
 0 0 0 setrgbcolor
newpath 498.7947 135.76112 moveto
508.51065 141.62183 lineto
501.6587 159.61832 lineto
489.53368 147.34181 lineto
 closepath stroke
 0.00002 0.00018 0.00026 setrgbcolor
newpath 519.68033 237.13411 moveto
503.39142 242.84882 lineto
503.58858 224.06563 lineto
515.45721 223.70929 lineto
 closepath fill
 0 0 0 setrgbcolor
newpath 519.68033 237.13411 moveto
503.39142 242.84882 lineto
503.58858 224.06563 lineto
515.45721 223.70929 lineto
 closepath stroke
 0.00002 0.00018 0.00026 setrgbcolor
newpath 499.46626 240.78273 moveto
507.16835 252.52489 lineto
494.253 259.29031 lineto
492.60432 248.60782 lineto
 closepath fill
 0 0 0 setrgbcolor
newpath 499.46626 240.78273 moveto
507.16835 252.52489 lineto
494.253 259.29031 lineto
492.60432 248.60782 lineto
 closepath stroke
 0.00002 0.00018 0.00026 setrgbcolor
newpath 532.13809 132.638 moveto
543.52275 129.25403 lineto
552.48177 137.25095 lineto
538.13795 143.84314 lineto
 closepath fill
 0 0 0 setrgbcolor
newpath 532.13809 132.638 moveto
543.52275 129.25403 lineto
552.48177 137.25095 lineto
538.13795 143.84314 lineto
 closepath stroke
 0.00002 0.00018 0.00026 setrgbcolor
newpath 569.86641 161.9144 moveto
568.35846 174.73898 lineto
551.2428 173.69214 lineto
558.52522 156.70499 lineto
 closepath fill
 0 0 0 setrgbcolor
newpath 569.86641 161.9144 moveto
568.35846 174.73898 lineto
551.2428 173.69214 lineto
558.52522 156.70499 lineto
 closepath stroke
 0.00002 0.00018 0.00026 setrgbcolor
newpath 552.71733 214.9394 moveto
548.74973 199.09428 lineto
565.24864 195.37978 lineto
566.63841 211.90443 lineto
 closepath fill
 0 0 0 setrgbcolor
newpath 552.71733 214.9394 moveto
548.74973 199.09428 lineto
565.24864 195.37978 lineto
566.63841 211.90443 lineto
 closepath stroke
 0.00002 0.00018 0.00026 setrgbcolor
newpath 546.29996 223.0295 moveto
559.7938 218.97577 lineto
563.34991 231.13507 lineto
549.10126 240.76656 lineto
 closepath fill
 0 0 0 setrgbcolor
newpath 546.29996 223.0295 moveto
559.7938 218.97577 lineto
563.34991 231.13507 lineto
549.10126 240.76656 lineto
 closepath stroke
 0.00002 0.00018 0.00026 setrgbcolor
newpath 559.58606 256.99983 moveto
568.68083 249.96384 lineto
579.54549 254.65271 lineto
570.98016 265.26236 lineto
 closepath fill
 0 0 0 setrgbcolor
newpath 559.58606 256.99983 moveto
568.68083 249.96384 lineto
579.54549 254.65271 lineto
570.98016 265.26236 lineto
 closepath stroke
 0.00002 0.00018 0.00026 setrgbcolor
newpath 578.0143 166.42577 moveto
586.93279 162.61 lineto
597.37163 174.28712 lineto
587.61241 179.27667 lineto
 closepath fill
 0 0 0 setrgbcolor
newpath 578.0143 166.42577 moveto
586.93279 162.61 lineto
597.37163 174.28712 lineto
587.61241 179.27667 lineto
 closepath stroke
 0.00002 0.00018 0.00026 setrgbcolor
newpath 601.74844 198.82039 moveto
588.44212 192.25578 lineto
594.16063 179.27162 lineto
609.30475 184.47319 lineto
 closepath fill
 0 0 0 setrgbcolor
newpath 601.74844 198.82039 moveto
588.44212 192.25578 lineto
594.16063 179.27162 lineto
609.30475 184.47319 lineto
 closepath stroke
 0.00002 0.00018 0.00026 setrgbcolor
newpath 576.53094 233.82791 moveto
568.79399 227.38611 lineto
578.46574 217.24512 lineto
589.47456 227.28511 lineto
 closepath fill
 0 0 0 setrgbcolor
newpath 576.53094 233.82791 moveto
568.79399 227.38611 lineto
578.46574 217.24512 lineto
589.47456 227.28511 lineto
 closepath stroke
 0.00002 0.00018 0.00026 setrgbcolor
newpath 599.72102 248.10303 moveto
588.48973 256.35106 lineto
584.62915 242.61205 lineto
591.37256 234.8607 lineto
 closepath fill
 0 0 0 setrgbcolor
newpath 599.72102 248.10303 moveto
588.48973 256.35106 lineto
584.62915 242.61205 lineto
591.37256 234.8607 lineto
 closepath stroke
grestore
 0.1 0.2 0.8 setrgbcolor
newpath 736.61504 74.36032 moveto
687.63307 53.9685 lineto
687.63235 53.96867 lineto
681.1843 66.01366 672.38086 83.95235 670.41 85.62 curveto
667.69 87.92 662.72 105.99 662.05 117.98 curveto
661.39 129.96 661.74 140.29 655.88 149.69 curveto
650.02 159.09 628.98 163.38 621.47 165.27 curveto
616.17316 166.60303 612.78156 164.66278 610.0216 162.26317 curveto
610.02171 162.26312 lineto
608.9416 166.2803 608.68704 167.46452 607.15 169.32 curveto
604.64 172.35 592.37 179.84 587.27 181.58 curveto
582.16 183.31 585.52 183.43 574.2 184.47 curveto
562.87 185.51 564.36 184.12 555.66 185.73 curveto
546.96 187.34 544.64 185.09 538.8 187.04 curveto
532.97 189 524.98 183.91 524.26 190.85 curveto
523.53 197.78 523.25 198.74 525.2 204.81 curveto
527.15 210.88 525.77 209.15 530.06 216.75 curveto
534.35 224.35 531.31 222.08 538.93 230.76 curveto
544.15816 236.72327 545.13846 237.99971 546.53049 239.11601 curveto
546.53055 239.116 lineto
547.58292 237.56401 549.11427 236.00998 551.53 234.33 curveto
559.4 228.85 579.2 225.95 583.86 223.24 curveto
588.52 220.52 601.32 218.34 607.09 218.06 curveto
612.87 217.79 616.13 220.55 621.35 222.41 curveto
626.56 224.28 632.05 218.47 635.45 217.64 curveto
638.84 216.8 650.02 212.87 654.69 209.92 curveto
659.36 206.96 675.42 201.05 680.06 192.09 curveto
684.7 183.13 696.17 164.57 696.62 158.59 curveto
697.08 152.6 705.02 131.75 709.07 125.9 curveto
713.13 120.04 727.75 86.95 732.7 82.8 curveto
734.37451 81.39949 735.64735 78.19772 736.61531 74.36034 curveto
 closepath fill
newpath 861.18211 -36.26176 moveto
857.06673 -48.34758 lineto
857.0667 -48.34761 lineto
856.49538 -47.364 854.62328 -44.29317 851.94 -41.42 curveto
848.7 -37.93 846.22 -35.86 844.21 -33.29 curveto
842.19 -30.72 841.47 -30.74 839.16 -26.5 curveto
836.85 -22.26 836.28 -19.88 832.63 -18.57 curveto
828.98 -17.26 826.84 -17.82 822.45 -15.81 curveto
818.05 -13.81 821.43 -14.17 813.44 -12.29 curveto
805.44 -10.42 807.12 -10.36 798.88 -8.25 curveto
790.64 -6.14 789.94 -6.65 780.42 -2.42 curveto
770.9 1.8 775.01 1.22 768.45 3.15 curveto
761.9 5.08 765.34 2.8 757.24 7.79 curveto
749.14 12.79 743.29 14.98 740.13 16.31 curveto
736.96 17.64 735.98 18.08 732.31 19.87 curveto
728.65 21.66 731.72 22.97 725.49 22.51 curveto
719.91235 22.0975 715.8947 20.96935 713.25676 19.63028 curveto
713.25673 19.63048 lineto
706.97485 26.43379 696.93321 39.52686 693.51 43.94 curveto
692.25038 45.56387 690.1163 49.32867 687.63277 53.96791 curveto
687.63307 53.9685 lineto
736.61504 74.36032 lineto
736.61531 74.36034 lineto
738.0106 68.82875 738.77235 61.97643 739.19044 57.29485 curveto
739.1905 57.29405 739.19096 57.29564 739.19048 57.29503 curveto
737.3112 54.80594 735.0724 51.10635 733.72 47.78 curveto
731.73 42.91 733.74 40.34 734.43 34.6 curveto
735.11 28.86 738.21 29.69 746.35 23.5 curveto
754.5 17.3 756.83 19.31 763.89 16.68 curveto
770.95 14.05 770.94 14.29 774.65 11.3 curveto
778.36 8.31 779.82 7.64 784.2 6.12 curveto
788.58 4.59 787.12 5.02 797.53 2.75 curveto
807.94 0.48 800.68 1.9 812.85 -2.71 curveto
825.03 -7.31 818.74 -6.1 822.41 -8.13 curveto
826.09 -10.16 832.47 -14.01 841 -17.55 curveto
849.53 -21.09 843.99 -20.57 846.49 -23.12 curveto
848.98 -25.67 851.19 -27.03 857.39 -32.58 curveto
859.5361 -34.49765 860.64699 -35.61731 861.18219 -36.26166 curveto
 closepath fill
 0 0 0 setrgbcolor 0 0.7 dtransform truncate idtransform setlinewidth pop
 [] 0 setdash 1 setlinecap 1 setlinejoin 10 setmiterlimit
newpath -110.3 305.81 moveto
-110.3 305.81 -114.77 296.05 -117.67 289.94 curveto
-120.58 283.83 -121.34 284.77 -127.51 275.9 curveto
-133.68 267.03 -131.9 270.94 -138.43 265.42 curveto
-144.96 259.9 -144.08 262.33 -154.46 256.92 curveto
-164.83 251.5 -163.3 255.64 -175.18 258.82 curveto stroke
 0 0.49 dtransform truncate idtransform setlinewidth pop
newpath 40.3 340.22 moveto
41.354 337.62602 lineto stroke
newpath 37.00485 338.91039 moveto
37.99382 336.2909 lineto stroke
newpath 33.65652 337.74452 moveto
34.47212 335.06598 lineto stroke
newpath 30.2183 336.8853 moveto
30.72552 334.13165 lineto stroke
 0.49 0 dtransform exch truncate exch idtransform pop setlinewidth
newpath 26.6954 336.51903 moveto
26.75911 333.7198 lineto stroke
newpath 23.16519 336.78908 moveto
22.71765 334.0251 lineto stroke
 0 0.49 dtransform truncate idtransform setlinewidth pop
newpath 19.74525 337.70895 moveto
18.79114 335.07655 lineto stroke
newpath 16.47882 339.08296 moveto
15.14345 336.62193 lineto stroke
newpath 13.31465 340.53873 moveto
12.62047 337.82619 lineto stroke
newpath 9.86794 341.37173 moveto
9.2237 338.64688 lineto stroke
newpath 6.4202 342.19992 moveto
5.74657 339.48221 lineto stroke
newpath 2.9823 343.06761 moveto
2.2827 340.35648 lineto stroke
newpath -0.44891 343.96281 moveto
-1.16095 341.25493 lineto stroke
newpath -3.87976 344.85913 moveto
-4.57603 342.14714 lineto stroke
newpath -7.32448 345.69992 moveto
-7.94359 342.96927 lineto stroke
 0.49 0 dtransform exch truncate exch idtransform pop setlinewidth
newpath -10.80821 346.35548 moveto
-11.20705 343.58406 lineto stroke
newpath -14.34425 346.58101 moveto
-14.35182 343.78105 lineto stroke
newpath -17.88873 346.49811 moveto
-17.753 343.70145 lineto stroke
newpath -21.427 346.26566 moveto
-21.19667 343.47519 lineto stroke
newpath -24.9555 345.917 moveto
-24.63666 343.13525 lineto stroke
newpath -28.46832 345.4365 moveto
-28.02728 342.67148 lineto stroke
 0 0.49 dtransform truncate idtransform setlinewidth pop
newpath -31.91647 344.63327 moveto
-30.94698 342.00652 lineto stroke
newpath -35.11708 343.11282 moveto
-33.88893 340.5966 lineto stroke
newpath -38.42148 341.83853 moveto
-37.61023 339.15868 lineto stroke
newpath -41.866 341.00078 moveto
-41.19908 338.2814 lineto stroke
newpath -45.25993 339.98106 moveto
-44.27664 337.35944 lineto stroke
newpath -48.50238 338.55173 moveto
-47.21387 336.06587 lineto stroke
newpath -51.54947 336.74164 moveto
-49.98723 334.41806 lineto stroke
newpath -54.37877 334.60672 moveto
-52.5921 332.45087 lineto stroke
newpath -56.9884 332.20853 moveto
-54.96559 330.27254 lineto stroke
newpath -59.44055 329.64769 moveto
-57.5091 327.62056 lineto stroke
newpath -62.25064 327.49913 moveto
-60.83131 325.08557 lineto stroke
newpath -65.49713 326.09163 moveto
-64.63475 323.4278 lineto stroke
 0.49 0 dtransform exch truncate exch idtransform pop setlinewidth
newpath -68.95114 325.30379 moveto
-68.50224 322.54005 lineto stroke
 0 0.49 dtransform truncate idtransform setlinewidth pop
newpath -72.42792 324.61447 moveto
-71.73169 321.90244 lineto stroke
newpath -75.83028 323.61874 moveto
-74.94589 320.96213 lineto stroke
newpath -79.17097 322.4305 moveto
-78.1905 319.8078 lineto stroke
newpath -82.49194 321.1871 moveto
-81.53262 318.55663 lineto stroke
newpath -85.86218 320.08833 moveto
-85.11691 317.38937 lineto stroke
 0.49 0 dtransform exch truncate exch idtransform pop setlinewidth
newpath -89.35376 319.5217 moveto
-89.232 316.7244 lineto stroke
 0 0.49 dtransform truncate idtransform setlinewidth pop
newpath -92.87181 319.90915 moveto
-93.42812 317.16504 lineto stroke
newpath -96.31772 320.7422 moveto
-97.07236 318.04585 lineto stroke
newpath -99.71042 321.77219 moveto
-100.57802 319.11006 lineto stroke
newpath -103.06335 322.92567 moveto
-104.01213 320.29135 lineto stroke
newpath -106.3799 324.17995 moveto
-107.42412 321.58203 lineto stroke
 0 0.7 dtransform truncate idtransform setlinewidth pop
newpath 40.3 340.22 moveto
33.2 337.33 27.04 334.95 19.5 337.8 curveto
11.95 340.65 19.93 339.01 9.28 341.51 curveto
-1.37 344.02 -7.69 346.19 -12.27 346.51 curveto
-16.84 346.83 -25.7 346.03 -30 345.16 curveto
-34.29 344.29 -34.23 342.61 -41.15 341.16 curveto
-48.07 339.71 -52.75 336.18 -56 333.18 curveto
-59.26 330.18 -60.81 326.53 -69.17 325.27 curveto
-77.54 324.02 -84.35 319.47 -89.64 319.52 curveto
-94.93 319.56 -106.38 324.18 -106.38 324.18 curveto stroke
 0.00002 0.00018 0.00026 setrgbcolor
newpath -81.4 296.51 moveto
-67.96 296.98 lineto
-53.8 311.41 lineto
-60.06 318.64 lineto
-72.92 315.31 lineto
-82.46 306.33 lineto
 closepath fill
 0 0 0 setrgbcolor
newpath -81.4 296.51 moveto
-67.96 296.98 lineto
-53.8 311.41 lineto
-60.06 318.64 lineto
-72.92 315.31 lineto
-82.46 306.33 lineto
 closepath stroke
 0 0.49 dtransform truncate idtransform setlinewidth pop
newpath -82.46 306.33 moveto
-73.02 304.25 lineto
-67.96 296.98 lineto stroke
newpath -73.02 304.25 moveto
-60.06 318.64 lineto stroke
 0.00002 0.00018 0.00026 setrgbcolor
newpath 31.58 281.8 moveto
46.52 280.17 lineto
48.71 292.97 lineto
38.64 299.1 lineto
29.56 297.82 lineto
25.1 288.29 lineto
 closepath fill
 0 0 0 setrgbcolor 0 0.7 dtransform truncate idtransform setlinewidth pop
newpath 31.58 281.8 moveto
46.52 280.17 lineto
48.71 292.97 lineto
38.64 299.1 lineto
29.56 297.82 lineto
25.1 288.29 lineto
 closepath stroke
 0 0.49 dtransform truncate idtransform setlinewidth pop
newpath 46.52 280.17 moveto
36.87 288.23 lineto
38.64 299.1 lineto stroke
newpath 36.87 288.23 moveto
25.1 288.29 lineto stroke
 0 0.7 dtransform truncate idtransform setlinewidth pop
newpath 24.16 254.16 moveto
24.33147 258.8625 29.55614 261.5903 33.51115 259.04251 curveto stroke
newpath 33.51115 259.04251 moveto
33.77661 264.49149 39.91348 266.95668 43.06616 263.46223 curveto stroke
newpath 43.06616 263.46223 moveto
44.74355 268.64209 53.77509 266.70404 52.4584 259.60353 curveto stroke
newpath 52.4584 259.60353 moveto
56.89452 261.174 61.13338 256.23894 58.97234 251.36882 curveto stroke
newpath 58.97234 251.36882 moveto
65.02739 252.0129 67.95651 245.3081 64.22234 242.29114 curveto stroke
newpath 64.22234 242.29114 moveto
68.74646 240.54865 68.76959 233.93257 63.9418 231.77206 curveto stroke
newpath 63.9418 231.77206 moveto
67.75558 229.01228 67.047 223.1239 62.67238 221.29979 curveto stroke
newpath 62.67238 221.29979 moveto
66.32297 218.51224 65.67766 212.82133 61.48 210.82 curveto stroke
newpath 61.48 210.82 moveto
61.48 210.82 lineto stroke
newpath 101.06 111.13 moveto
100.3071 115.35474 105.1656 118.21063 110.35641 117.6204 curveto stroke
newpath 110.35641 117.6204 moveto
108.42223 122.066 108.05568 127.31409 111.9383 128.8018 curveto stroke
newpath 111.9383 128.8018 moveto
108.62976 131.48433 109.75429 136.6588 113.22847 139.99063 curveto stroke
newpath 113.22847 139.99063 moveto
109.00052 141.21883 106.06903 145.17317 106.98517 149.33812 curveto stroke
newpath 106.98517 149.33812 moveto
102.29791 147.85173 97.46204 151.01448 97.55 155.67 curveto stroke
newpath 97.55 155.67 moveto
97.55 155.67 lineto stroke
newpath 232.66 -184.33 moveto
229.25 -183.01 224.56 -186.3 220.97 -179.94 curveto
217.38 -173.59 217.31 -171.43 211.13 -166.61 curveto
204.95 -161.79 201.74 -159.26 196.8 -155.36 curveto
191.85 -151.45 176.74 -145.27 174.05 -143.92 curveto
171.36 -142.58 167.85 -138.38 162.66 -134.24 curveto
157.46 -130.1 152.2 -130.77 150 -122.92 curveto
147.79 -115.07 145.82 -106.98 145.5 -98.1 curveto
145.18 -89.23 141.93 -92.23 143.34 -78.25 curveto
144.76 -64.27 146.25 -65.66 145.91 -56.07 curveto
145.57 -46.48 145.91 -62.79 142.98 -41.29 curveto
140.05 -19.79 137.26 -22.05 139.24 -10.21 curveto
141.22 1.62 142.89 1.92 141.5 13.88 curveto
140.12 25.83 137.32 30.29 136.19 35.06 curveto
135.06 39.82 131.81 36.58 131.32 50.49 curveto
130.82 64.4 129.21 69.15 128.54 74.65 curveto
127.86 80.15 129.34 85.72 124.86 90.12 curveto
120.38 94.53 122.51 95.56 116.95 96.33 curveto
111.4 97.09 102.03 97.23 102.03 97.23 curveto stroke
 0 0.49 dtransform truncate idtransform setlinewidth pop
newpath 150 -122.92 moveto
152.7078 -122.20749 lineto stroke
newpath 151.65259 -126.0929 moveto
153.93239 -124.46742 lineto stroke
newpath 154.01384 -128.79251 moveto
155.95004 -126.76991 lineto stroke
newpath 156.801 -131.05338 moveto
158.42079 -128.76952 lineto stroke
newpath 159.86928 -132.91713 moveto
161.20782 -130.45786 lineto stroke
newpath 163.11366 -134.45717 moveto
164.49219 -132.02007 lineto stroke
newpath 165.93282 -136.6645 moveto
167.89816 -134.67024 lineto stroke
newpath 168.39447 -139.27998 moveto
170.47188 -137.40274 lineto stroke
newpath 170.85286 -141.89838 moveto
172.81116 -139.89719 lineto stroke
newpath 173.7998 -143.87997 moveto
174.54163 -141.18007 lineto stroke
newpath 177.2289 -144.90971 moveto
178.3222 -142.33205 lineto stroke
newpath 180.49574 -146.40276 moveto
181.73431 -143.89166 lineto stroke
newpath 183.6955 -148.03416 moveto
185.00388 -145.5587 lineto stroke
newpath 186.85707 -149.74031 moveto
188.2089 -147.2883 lineto stroke
newpath 189.99136 -151.49484 moveto
191.37392 -149.06004 lineto stroke
newpath 193.10602 -153.28496 moveto
194.51189 -150.86354 lineto stroke
newpath 196.20534 -155.1013 moveto
197.6277 -152.68953 lineto stroke
newpath 196.89893 -155.42323 moveto
195.39351 -157.78403 lineto stroke
newpath 194.3172 -153.9688 moveto
196.09888 -151.80884 lineto stroke
newpath 197.18317 -156.13405 moveto
198.84142 -153.87793 lineto stroke
newpath 200.08246 -158.25517 moveto
201.73373 -155.99396 lineto stroke
newpath 202.9819 -160.3759 moveto
204.63792 -158.11815 lineto stroke
newpath 205.87212 -162.5097 moveto
207.54259 -160.26263 lineto stroke
newpath 208.7378 -164.67506 moveto
210.44333 -162.45448 lineto stroke
newpath 211.51282 -166.95409 moveto
213.41092 -164.89569 lineto stroke
newpath 214.06213 -169.48149 moveto
216.128 -167.5915 lineto stroke
newpath 216.37112 -172.23254 moveto
218.60153 -170.5399 lineto stroke
newpath 218.4062 -175.19115 moveto
220.78333 -173.71158 lineto stroke
newpath 220.16786 -178.32027 moveto
222.65526 -177.0347 lineto stroke
newpath 222.45198 -180.89893 moveto
223.60005 -178.34514 lineto stroke
newpath 225.80193 -182.19232 moveto
226.71574 -179.5457 lineto stroke
newpath 229.2172 -183.30537 moveto
230.04779 -180.63145 lineto stroke
newpath 232.66 -184.33 moveto
233.42087 -181.63536 lineto stroke
 0 0.7 dtransform truncate idtransform setlinewidth pop
newpath 150 -122.92 moveto
150 -122.92 151.68 -129.59 162.66 -134.24 curveto
166.64 -135.93 170.94 -143.61 174.05 -143.92 curveto
179.36 -144.46 203.92 -159.91 196.8 -155.36 curveto
186.88 -149.03 207.15 -163.07 211.13 -166.61 curveto
216.59 -171.46 219.16 -176.17 220.97 -179.94 curveto
221.58 -181.21 232.66 -184.33 232.66 -184.33 curveto stroke
newpath 455.51 272.48 moveto
451.22502 271.25594 447.45381 275.17435 446.26309 279.98154 curveto stroke
newpath 446.26309 279.98154 moveto
442.27304 276.14023 435.01045 280.79494 437.29561 287.4747 curveto stroke
newpath 437.29561 287.4747 moveto
432.12433 286.4588 427.78163 291.44781 429.43 296.53 curveto stroke
newpath 429.43 296.53 moveto
429.43 296.53 lineto stroke
 0.00002 0.00018 0.00026 setrgbcolor
newpath 224.26 -137.56 moveto
224.26 -137.56 234.3 -142.97 235.27 -143.41 curveto
236.25 -143.86 244.84 -135.62 244.84 -135.62 curveto
242.67 -122.01 lineto
234.24 -121.36 lineto
221.38 -124.46 lineto
 closepath fill
 0 0 0 setrgbcolor
newpath 224.26 -137.56 moveto
224.26 -137.56 234.3 -142.97 235.27 -143.41 curveto
236.25 -143.86 244.84 -135.62 244.84 -135.62 curveto
242.67 -122.01 lineto
234.24 -121.36 lineto
221.38 -124.46 lineto
 closepath stroke
 0 0.49 dtransform truncate idtransform setlinewidth pop
newpath 224.26 -137.56 moveto
235.32 -131.4 lineto
234.24 -121.36 lineto stroke
newpath 235.32 -131.4 moveto
244.84 -135.62 lineto stroke
 0.00002 0.00018 0.00026 setrgbcolor
newpath 229.52 -110.24 moveto
229.52 -110.24 230.95 -96.74 230.67 -95.55 curveto
230.39 -94.36 217.04 -90.52 217.04 -90.52 curveto
208.22 -99 lineto
215.07 -109.08 lineto
 closepath fill
 0 0 0 setrgbcolor 0 0.7 dtransform truncate idtransform setlinewidth pop
newpath 229.52 -110.24 moveto
229.52 -110.24 230.95 -96.74 230.67 -95.55 curveto
230.39 -94.36 217.04 -90.52 217.04 -90.52 curveto
208.22 -99 lineto
215.07 -109.08 lineto
 closepath stroke
 0 0.49 dtransform truncate idtransform setlinewidth pop
newpath 209.67 -99.19 moveto
221.27 -101.17 lineto
230.67 -95.55 lineto stroke
newpath 221.27 -101.17 moveto
229.52 -110.24 lineto stroke
 0.00002 0.00018 0.00026 setrgbcolor
newpath 340.1 108.63 moveto
340.1 108.63 344.58 97.5 345.27 98.49 curveto
345.95 99.47 356.66 102.5 357.81 103.74 curveto
358.97 104.98 366.05 121.81 366.05 121.81 curveto
369.42 141.62 lineto
357.35 136.86 lineto
344.91 122.01 lineto
 closepath fill
 0 0 0 setrgbcolor 0 0.7 dtransform truncate idtransform setlinewidth pop
newpath 340.1 108.63 moveto
340.1 108.63 344.58 97.5 345.27 98.49 curveto
345.95 99.47 356.66 102.5 357.81 103.74 curveto
358.97 104.98 366.05 121.81 366.05 121.81 curveto
369.42 141.62 lineto
357.35 136.86 lineto
344.91 122.01 lineto
 closepath stroke
 0 0.49 dtransform truncate idtransform setlinewidth pop
newpath 340.1 108.63 moveto
350.09 111.63 lineto
357.81 103.74 lineto stroke
newpath 350.09 111.63 moveto
369.42 141.62 lineto stroke
 0.00002 0.00018 0.00026 setrgbcolor
newpath 431.82 216.38 moveto
444.33 215.63 lineto
446.95 229.65 lineto
446.95 229.65 438.63 233.92 438.43 232.95 curveto
438.22 231.98 431.18 227.41 431.18 227.41 curveto
 closepath fill
 0 0 0 setrgbcolor 0 0.7 dtransform truncate idtransform setlinewidth pop
newpath 431.82 216.38 moveto
444.33 215.63 lineto
446.95 229.65 lineto
446.95 229.65 438.63 233.92 438.43 232.95 curveto
438.22 231.98 431.18 227.41 431.18 227.41 curveto
 closepath stroke
 0 0.49 dtransform truncate idtransform setlinewidth pop
newpath 431.82 216.38 moveto
432.74 217.38 438.09 222.37 438.09 222.37 curveto
444.33 215.63 lineto stroke
 0.49 0 dtransform exch truncate exch idtransform pop setlinewidth
newpath 438.09 222.37 moveto
438.43 232.95 lineto stroke
 0 0.49 dtransform truncate idtransform setlinewidth pop
newpath 542.29 277.96 moveto
543.45306 275.4131 lineto stroke
newpath 539.0357 276.33383 moveto
540.34921 273.8611 lineto stroke
newpath 535.86072 274.55705 moveto
537.28304 272.14528 lineto stroke
newpath 532.77864 272.62485 moveto
534.32666 270.29173 lineto stroke
newpath 529.82625 270.4997 moveto
531.53598 268.28236 lineto stroke
newpath 527.02939 268.17307 moveto
528.82063 266.02106 lineto stroke
newpath 524.05658 266.10187 moveto
525.19525 263.5439 lineto stroke
newpath 520.81732 264.44882 moveto
522.19167 262.00937 lineto stroke
newpath 517.6083 262.73967 moveto
518.67586 260.1512 lineto stroke
 0.49 0 dtransform exch truncate exch idtransform pop setlinewidth
newpath 514.06621 262.09413 moveto
513.90784 259.29866 lineto stroke
newpath 510.43379 262.25046 moveto
510.51604 259.45169 lineto stroke
newpath 506.82132 261.8417 moveto
507.30363 259.08362 lineto stroke
newpath 503.23454 261.23212 moveto
503.64803 258.46288 lineto stroke
newpath 499.62413 260.78586 moveto
499.88663 257.99825 lineto stroke
newpath 496.00339 260.43074 moveto
496.35133 257.65248 lineto stroke
 0 0.49 dtransform truncate idtransform setlinewidth pop
newpath 492.41278 259.84534 moveto
492.93213 257.09396 lineto stroke
newpath 488.83623 259.17812 moveto
489.33165 256.42233 lineto stroke
 0.49 0 dtransform exch truncate exch idtransform pop setlinewidth
newpath 485.24637 258.58621 moveto
485.6754 255.81932 lineto stroke
newpath 481.65279 258.01646 moveto
482.04346 255.2439 lineto stroke
newpath 478.0254 258.04199 moveto
477.65533 255.2666 lineto stroke
 0 0.49 dtransform truncate idtransform setlinewidth pop
newpath 474.4581 258.74466 moveto
473.76088 256.03288 lineto stroke
newpath 470.96657 259.76602 moveto
470.11136 257.09987 lineto stroke
newpath 467.5127 260.90985 moveto
466.63766 258.2501 lineto stroke
 0.49 0 dtransform exch truncate exch idtransform pop setlinewidth
newpath 463.98817 261.76944 moveto
463.56631 259.00143 lineto stroke
 0 0.49 dtransform truncate idtransform setlinewidth pop
newpath 460.57742 262.98888 moveto
459.30289 260.49585 lineto stroke
newpath 457.46005 264.85995 moveto
455.84637 262.57204 lineto stroke
 0 0.7 dtransform truncate idtransform setlinewidth pop
newpath 542.29 277.96 moveto
542.29 277.96 534.26 274.31 528.66 269.55 curveto
523.06 264.79 526.09 267.54 519.97 263.96 curveto
513.85 260.38 514.71 263.29 506.59 261.8 curveto
498.48 260.31 498.69 261.04 492.49 259.86 curveto
486.28 258.68 487.47 258.96 481.74 258.03 curveto
476 257.11 466.95 261.59 464.3 261.74 curveto
461.65 261.89 457.46 264.86 457.46 264.86 curveto stroke
 0.00002 0.00018 0.00026 setrgbcolor
newpath 651.66 160.34 moveto
658.04 156.49 lineto
661.63 163.58 lineto
656.82 170.37 lineto
648.98 168.17 lineto
 closepath fill
 0 0 0 setrgbcolor
newpath 651.66 160.34 moveto
658.04 156.49 lineto
661.63 163.58 lineto
656.82 170.37 lineto
648.98 168.17 lineto
 closepath stroke
 0 0.49 dtransform truncate idtransform setlinewidth pop
newpath 658.04 156.49 moveto
656.6 163.16 lineto
661.63 163.58 lineto stroke
newpath 656.6 163.16 moveto
648.98 168.17 lineto stroke
 0.00002 0.00018 0.00026 setrgbcolor
newpath 662.45 174.18 moveto
667.55 179.4 lineto
666.15 184.87 lineto
657.53 184.33 lineto
655.88 176.58 lineto
 closepath fill
 0 0 0 setrgbcolor 0 0.7 dtransform truncate idtransform setlinewidth pop
newpath 662.45 174.18 moveto
667.55 179.4 lineto
666.15 184.87 lineto
657.53 184.33 lineto
655.88 176.58 lineto
 closepath stroke
 0 0.49 dtransform truncate idtransform setlinewidth pop
newpath 666.15 184.87 moveto
662 180.16 lineto
662.45 174.18 lineto stroke
newpath 662 180.16 moveto
657.53 184.33 lineto stroke
showpage
%%EOF
