TRIP
DATE 2005-07-01 
DECLINATION     0.00
DATA
1.0		193.78	0.41	9.118	>
1.0		328.51	14.60	4.709	>
1.0		204.27	-77.67	1.572	>
1.0		246.18	6.41	10.049	>
1.0		241.99	8.34	13.274	>
1.0	1.1	277.13	4.37	10.365	>
1.1		93.40	21.06	22.044	>
1.1		102.08	28.62	21.876	>
1.1		28.82	3.50	3.763	>
1.1		176.30	7.23	10.188	>
1.1		280.44	-81.97	1.856	>
1.1		72.66	71.88	2.772	>
1.1	1.2	173.98	-0.46	7.111	>
1.2		140.92	11.49	0.196	>
1.2		329.16	-3.80	6.247	>
1.2		81.27	81.48	10.190	>
1.2		159.01	-76.51	1.796	>
1.2	1.3	237.45	-8.55	10.247	>
1.3		311.31	9.53	4.209	>
1.3		137.91	5.90	2.538	>
1.3		167.27	81.68	9.590	>
1.3		121.06	-75.02	1.193	>
1.3	1.4	166.34	1.62	3.008	>
1.4		303.29	8.46	5.230	>
1.4		123.88	10.30	0.168	>
1.4		299.30	78.33	9.896	>
1.4		232.73	-67.08	3.201	>
1.4		295.85	73.19	1.974	>
1.4		303.62	74.54	9.785	>
1.4		262.72	-6.45	2.654	>
1.4	1.5	236.65	-50.33	17.840	>
1.5		24.20	2.57	5.221	>
1.5		206.50	14.33	3.268	>
1.5		36.46	73.94	14.332	>
1.5		126.10	-84.75	0.650	>
1.5	1.6	294.88	14.17	5.268	>
1.6		56.00	-7.89	3.199	>
1.6		336.05	84.30	10.163	>
1.6		53.13	-83.44	0.350	>
1.6		318.97	-11.14	4.836	>
1.6		325.87	-11.03	7.690	>
1.6		334.70	-9.98	7.589	>
1.6		356.98	-0.17	5.361	>
1.6	1.7	328.82	-16.22	7.531	>
1.7		237.73	-9.91	3.160	>
1.7		343.30	-10.53	0.181	>
1.7		170.42	12.97	2.558	>
1.7		254.10	77.15	12.591	>
1.7		258.13	-80.52	1.210	>
1.7		37.22	12.89	4.381	>
1.7		61.81	15.44	4.496	>
1.7	1.8	179.38	-20.93	2.077	>
1.8		342.34	-7.62	1.999	>
1.8		201.06	-10.63	1.399	>
1.8		295.23	78.99	12.879	>
1.8		297.26	-83.48	4.536	>
1.8	1.9	282.89	-25.54	11.617	>
1.9		40.41	3.54	0.665	>
1.9		30.49	7.09	2.090	>
1.9		236.83	15.04	1.599	>
1.9		27.75	80.20	15.315	>
1.9		18.32	-68.12	0.427	>
1.9		178.51	1.02	3.259	>
1.9		123.93	2.53	4.460	>
1.9		110.75	5.77	8.785	>
1.9		101.65	8.36	10.412	>
1.9		99.58	6.44	4.057	>
1.9	1.10	304.05	5.40	3.125	>
1.10		23.88	-2.27	1.846	>
1.10		350.70	83.62	16.076	>
1.10		313.75	-66.44	2.750	>
1.10		2.84	-16.34	1.933	>
1.10		340.20	-21.84	5.345	>
1.10		316.45	-18.04	5.979	>
1.10		297.80	-11.09	6.502	>
1.10		288.66	-9.63	3.317	>
1.10		334.34	21.74	5.857	>
1.10		351.18	-4.14	7.876	>
1.10		353.25	-17.87	12.008	>
1.7		46.83	48.13	15.259	>
1.7		70.97	53.54	13.241	>
1.7		95.06	55.63	9.753	>
1.5	1.11	54.01	41.42	12.436	>
1.11		147.72	4.83	0.226	>
1.11		300.64	-13.50	1.217	>
1.11		336.39	83.47	13.979	>
1.11		279.70	-71.03	2.172	>
1.11	1.12	24.84	0.41	4.566	>
1.12		286.48	15.45	0.424	>
1.12		124.44	4.55	1.474	>
1.12		57.53	88.05	0.765	>
1.12		57.07	-81.08	0.676	>
1.12	1.13	37.36	3.89	5.986	>
1.13		99.04	16.75	0.791	>
1.13		285.83	6.29	2.198	>
1.13		302.52	81.98	0.680	>
1.13		163.30	-81.07	0.471	>
1.13		321.59	10.18	2.530	>
1.13		336.96	5.08	4.976	>
1.13		347.89	4.01	6.815	>
1.13		353.07	5.11	3.567	>
1.13		9.15	5.67	2.825	>
1.13		30.07	4.38	1.806	>
1.12		88.11	8.38	5.779	>
1.12		91.11	5.40	6.177	>
1.1	1.14	101.24	7.39	12.185	>
1.14		339.77	-0.47	1.452	>
1.14		17.81	-70.03	0.594	>
1.14	1.15	71.42	44.40	12.181	>
1.15		110.83	66.65	6.896	>

PLAN
STATIONS
0.000	0.000	1.0
-10.255	1.283	1.1
-9.509	-5.789	1.2
-18.050	-11.241	1.3
-17.340	-14.163	1.4
-26.853	-20.424	1.5
-31.487	-18.275	1.6
-35.231	-12.089	1.7
-35.210	-14.029	1.8
-45.427	-11.690	1.9
-48.005	-9.948	1.10
-19.308	-14.944	1.11
-17.390	-10.800	1.12
-13.766	-6.053	1.13
1.597	-1.073	1.14
9.846	1.700	1.15
SHOTS
1.597	-1.073	9.846	1.700
9.846	1.700	12.401	0.728
-10.255	1.283	1.597	-1.073
1.597	-1.073	1.095	0.289
1.597	-1.073	1.659	-0.880
-17.390	-10.800	-13.766	-6.053
-13.766	-6.053	-13.018	-6.172
-13.766	-6.053	-15.868	-5.457
-13.766	-6.053	-13.846	-6.002
-13.766	-6.053	-13.745	-6.123
-13.766	-6.053	-15.313	-4.102
-13.766	-6.053	-15.706	-1.492
-13.766	-6.053	-15.192	0.594
-13.766	-6.053	-14.195	-2.526
-13.766	-6.053	-13.319	-3.278
-13.766	-6.053	-12.864	-4.495
-19.308	-14.944	-17.390	-10.800
-17.390	-10.800	-17.782	-10.684
-17.390	-10.800	-16.178	-11.631
-17.390	-10.800	-17.368	-10.786
-17.390	-10.800	-17.302	-10.743
-17.390	-10.800	-11.676	-10.611
-17.390	-10.800	-11.242	-10.919
-26.853	-20.424	-19.308	-14.944
-19.308	-14.944	-19.188	-15.134
-19.308	-14.944	-20.326	-14.341
-19.308	-14.944	-19.945	-13.487
-19.308	-14.944	-20.004	-14.825
-45.427	-11.690	-48.005	-9.948
-48.005	-9.948	-47.258	-8.261
-48.005	-9.948	-48.294	-8.184
-48.005	-9.948	-48.799	-9.188
-48.005	-9.948	-47.913	-8.095
-48.005	-9.948	-49.686	-5.280
-48.005	-9.948	-51.922	-5.828
-48.005	-9.948	-53.649	-6.972
-48.005	-9.948	-51.103	-8.902
-48.005	-9.948	-50.361	-5.044
-48.005	-9.948	-49.209	-2.185
-48.005	-9.948	-49.349	1.402
-35.210	-14.029	-45.427	-11.690
-45.427	-11.690	-44.997	-11.185
-45.427	-11.690	-44.375	-9.903
-45.427	-11.690	-46.720	-12.535
-45.427	-11.690	-44.213	-9.383
-45.427	-11.690	-45.377	-11.539
-45.427	-11.690	-45.342	-14.947
-45.427	-11.690	-41.730	-14.177
-45.427	-11.690	-37.254	-14.787
-45.427	-11.690	-35.338	-13.770
-45.427	-11.690	-41.452	-12.361
-35.231	-12.089	-35.210	-14.029
-35.210	-14.029	-35.811	-12.141
-35.210	-14.029	-35.704	-15.312
-35.210	-14.029	-37.434	-12.981
-35.210	-14.029	-35.668	-13.793
-31.487	-18.275	-35.231	-12.089
-35.231	-12.089	-37.863	-13.751
-35.231	-12.089	-35.282	-11.919
-35.231	-12.089	-34.816	-14.547
-35.231	-12.089	-37.924	-12.856
-35.231	-12.089	-35.426	-12.130
-35.231	-12.089	-32.648	-8.688
-35.231	-12.089	-31.411	-10.042
-35.231	-12.089	-27.804	-5.121
-35.231	-12.089	-27.793	-9.524
-35.231	-12.089	-29.746	-12.575
-26.853	-20.424	-31.487	-18.275
-31.487	-18.275	-28.860	-16.503
-31.487	-18.275	-31.897	-17.352
-31.487	-18.275	-31.455	-18.251
-31.487	-18.275	-34.602	-14.696
-31.487	-18.275	-35.722	-12.027
-31.487	-18.275	-34.681	-11.518
-31.487	-18.275	-31.769	-12.921
-17.340	-14.163	-26.853	-20.424
-26.853	-20.424	-24.715	-15.667
-26.853	-20.424	-28.266	-23.258
-26.853	-20.424	-24.497	-17.235
-26.853	-20.424	-26.805	-20.459
-18.050	-11.241	-17.340	-14.163
-17.340	-14.163	-21.664	-11.324
-17.340	-14.163	-17.203	-14.255
-17.340	-14.163	-19.086	-13.183
-17.340	-14.163	-18.332	-14.918
-17.340	-14.163	-17.854	-13.914
-17.340	-14.163	-19.512	-12.719
-17.340	-14.163	-19.956	-14.497
-9.509	-5.789	-18.050	-11.241
-18.050	-11.241	-21.168	-8.501
-18.050	-11.241	-16.358	-13.114
-18.050	-11.241	-17.744	-12.595
-18.050	-11.241	-17.786	-11.400
-10.255	1.283	-9.509	-5.789
-9.509	-5.789	-9.388	-5.938
-9.509	-5.789	-12.705	-0.437
-9.509	-5.789	-8.017	-5.560
-9.509	-5.789	-9.359	-6.180
0.000	0.000	-10.255	1.283
-10.255	1.283	10.281	0.063
-10.255	1.283	8.523	-2.736
-10.255	1.283	-8.444	4.574
-10.255	1.283	-9.602	-8.803
-10.255	1.283	-10.510	1.330
-10.255	1.283	-9.432	1.540
0.000	0.000	-2.172	-8.855
0.000	0.000	-2.380	3.886
0.000	0.000	-0.138	-0.306
0.000	0.000	-9.136	-4.033
0.000	0.000	-11.595	-6.169
POLYLINE BROWN
4.980	-55.180
POLYLINE BROWN
3.780	-48.580
POLYLINE BROWN
6.780	6.370
7.580	5.870
7.330	5.970
6.830	6.370
6.730	6.670
6.980	6.920
7.480	6.870
7.730	6.820
7.830	6.470
7.730	6.270
POLYLINE BROWN
6.330	5.520
6.580	5.370
6.580	5.370
6.330	5.470
6.230	5.720
6.330	5.770
6.830	5.570
7.080	5.570
6.830	5.920
POLYLINE BROWN
5.780	4.620
5.880	4.870
5.980	4.970
POLYLINE BROWN
5.530	5.220
5.730	5.170
6.380	4.770
POLYLINE BROWN
5.480	4.670
5.830	4.420
5.930	4.220
5.680	4.420
POLYLINE BROWN
5.080	5.020
4.780	4.820
4.680	4.720
4.680	4.620
5.030	4.470
5.480	4.320
5.630	4.170
5.280	3.970
POLYLINE BROWN
3.980	1.970
POLYLINE BROWN
5.780	1.170
POLYLINE BROWN
6.630	0.670
POLYLINE BROWN
5.980	-0.430
POLYLINE BROWN
5.030	-0.130
POLYLINE BROWN
4.380	1.270
POLYLINE BROWN
2.830	1.870
POLYLINE BROWN
2.830	0.920
POLYLINE BROWN
3.380	-0.080
POLYLINE BROWN
3.830	0.720
POLYLINE BROWN
4.480	1.270
POLYLINE BROWN
4.930	1.370
POLYLINE BROWN
5.680	2.020
POLYLINE BROWN
5.030	1.970
POLYLINE BROWN
3.680	1.870
POLYLINE BLUE
8.330	1.920
8.830	1.520
POLYLINE BLUE
8.280	1.170
8.380	1.170
9.230	0.670
POLYLINE BLUE
8.080	0.670
8.530	0.320
8.980	0.020
POLYLINE BLUE
8.030	-0.330
8.880	-0.780
POLYLINE BLUE
7.830	-0.930
8.580	-1.480
POLYLINE BLUE
6.930	-1.180
7.230	-1.480
7.630	-1.730
7.930	-2.030
POLYLINE BLUE
6.130	-1.730
6.830	-2.430
POLYLINE BLUE
4.630	-1.630
5.630	-2.330
POLYLINE BLUE
3.630	-1.630
3.980	-1.880
4.480	-2.380
POLYLINE BLUE
2.730	-1.880
3.180	-2.130
POLYLINE BLACK
1.880	-1.330
1.980	-1.430
2.180	-1.380
2.280	-1.430
2.480	-1.380
2.680	-1.380
2.880	-1.480
3.230	-1.430
3.480	-1.480
3.580	-1.430
3.680	-1.530
3.780	-1.480
4.080	-1.580
4.180	-1.530
4.480	-1.630
4.930	-1.580
5.130	-1.580
5.230	-1.630
5.680	-1.480
5.780	-1.530
5.980	-1.380
6.230	-1.330
6.530	-1.180
6.730	-1.130
7.280	-0.830
7.880	-0.180
7.930	0.020
8.030	0.320
8.030	0.620
8.080	0.720
8.030	0.920
8.030	1.120
7.930	1.570
7.880	1.770
7.580	2.370
7.530	2.620
7.330	3.020
POLYLINE RED
4.280	-4.580
4.730	-4.330
4.980	-4.280
POLYLINE RED
3.980	-3.980
4.080	-4.030
4.780	-3.680
4.580	-4.780
4.530	-4.980
POLYLINE RED
3.230	-3.930
3.480	-3.880
3.930	-3.630
3.980	-3.780
3.930	-3.980
3.930	-4.080
3.830	-4.180
3.630	-4.230
3.430	-4.280
POLYLINE RED
2.880	-3.930
3.330	-4.030
POLYLINE RED
3.080	-3.930
3.180	-3.930
3.480	-4.480
3.580	-4.880
3.230	-3.880
POLYLINE RED
-0.320	4.420
-0.220	4.570
0.180	4.620
POLYLINE RED
-0.020	4.670
0.030	4.570
-0.070	4.120
0.330	4.170
0.530	4.020
0.430	3.720
0.130	3.470
0.030	3.420
POLYLINE RED
-0.420	3.370
-0.320	3.270
-0.170	2.970
-0.720	3.620
-0.820	3.920
-0.820	4.370
-0.720	4.620
-0.370	4.270
-0.270	3.920
-0.570	3.520
POLYLINE BLACK
9.030	2.170
8.830	2.120
8.530	2.020
8.180	2.020
POLYLINE BLACK
0.480	2.720
0.680	2.670
0.880	2.670
1.080	2.620
1.280	2.620
1.380	2.570
1.480	2.620
1.580	2.520
1.680	2.620
1.880	2.670
2.330	2.920
2.430	2.920
2.630	3.120
2.980	3.120
3.280	3.270
3.730	3.270
4.080	3.220
4.280	3.270
5.080	3.120
5.380	3.020
5.730	2.970
6.080	3.020
6.280	2.920
6.530	2.970
7.130	2.770
7.280	2.770
7.830	2.570
8.030	2.520
8.580	2.270
9.030	2.070
9.130	2.070
9.430	1.820
9.530	1.820
9.780	1.670
9.930	1.520
10.380	0.870
POLYLINE BLACK
-17.020	-15.730
-16.770	-15.430
-16.470	-15.380
-16.320	-15.530
-16.570	-16.280
-16.670	-16.480
-16.220	-16.180
-16.020	-16.180
-15.820	-16.030
POLYLINE BLACK
-17.120	-15.730
-16.920	-16.530
-16.870	-16.880
POLYLINE GREEN
-12.820	-10.530
-12.720	-10.730
-12.620	-10.730
-12.470	-10.530
-12.420	-10.680
-12.770	-11.080
-12.720	-10.930
POLYLINE GREEN
-13.620	-10.930
-13.520	-11.230
POLYLINE GREEN
-13.670	-10.380
-13.520	-10.530
-13.370	-10.980
-13.270	-11.030
-13.120	-10.730
-13.120	-10.630
-13.170	-10.730
-13.520	-10.980
POLYLINE GREEN
-13.920	-10.480
-13.870	-10.630
POLYLINE GREEN
-14.270	-11.130
-14.070	-11.180
-13.970	-11.280
POLYLINE GREEN
-14.520	-11.180
-14.620	-11.180
-14.870	-11.580
POLYLINE GREEN
-14.670	-10.580
-14.270	-11.080
-14.270	-11.280
POLYLINE GREEN
-14.620	-10.130
-14.420	-10.880
-14.420	-11.030
POLYLINE GREEN
-14.520	-10.630
-14.370	-10.780
-14.070	-10.580
-14.020	-10.480
-14.020	-10.580
-14.120	-10.630
POLYLINE GREEN
-14.670	-2.330
-14.620	-2.530
-14.520	-2.630
POLYLINE GREEN
-14.720	-1.530
-14.720	-2.080
POLYLINE GREEN
-15.170	-1.630
-14.920	-2.130
-14.820	-2.230
-14.770	-1.980
POLYLINE GREEN
-15.170	-3.730
-14.720	-4.180
-14.570	-3.980
-14.570	-3.680
-14.620	-3.580
-14.620	-3.830
-14.720	-4.130
-14.620	-4.480
-14.620	-4.780
-14.570	-4.880
POLYLINE GREEN
-17.120	-9.280
-16.970	-9.530
-16.870	-9.580
-16.420	-9.180
-16.420	-9.080
-16.620	-9.780
-16.620	-10.030
-16.670	-10.130
-16.620	-10.480
POLYLINE GREEN
-16.520	-7.780
-16.370	-8.080
-15.920	-8.030
-15.720	-7.680
-15.720	-7.480
-16.170	-7.980
-15.970	-9.180
-15.870	-9.530
POLYLINE GREEN
-9.570	-11.730
-9.570	-12.280
-9.520	-12.480
POLYLINE GREEN
-10.070	-11.680
-9.870	-11.680
-9.770	-11.580
-9.670	-11.580
-9.470	-11.430
POLYLINE GREEN
-10.270	-11.480
-10.270	-11.980
-10.220	-12.080
-10.220	-12.380
POLYLINE GREEN
-10.770	-11.530
-10.570	-11.480
-10.220	-11.430
-10.020	-11.230
-9.820	-11.180
POLYLINE GREEN
-16.170	-10.780
-15.620	-10.730
-15.070	-10.480
-14.970	-10.480
-14.270	-10.280
-13.670	-10.230
-12.970	-10.230
-12.770	-10.180
-12.320	-10.180
-11.770	-10.330
-11.670	-10.280
-11.370	-10.480
-11.270	-10.480
-10.970	-10.930
-11.120	-11.280
-11.320	-11.230
-11.370	-11.330
-11.470	-11.330
-11.570	-11.430
POLYLINE GREEN
-17.070	-12.080
-16.870	-12.030
-16.370	-11.730
-16.170	-11.730
-15.820	-11.630
-15.620	-11.630
-15.420	-11.580
-15.220	-11.580
-15.020	-11.480
-14.870	-11.480
-14.770	-11.530
-14.470	-11.380
-14.370	-11.430
-14.020	-11.330
-13.720	-11.330
-13.520	-11.280
-13.220	-11.280
-13.120	-11.330
-12.920	-11.280
-12.770	-11.280
-12.370	-11.380
-12.170	-11.380
-12.070	-11.430
-11.970	-11.380
-11.870	-11.430
-11.670	-11.380
-11.470	-11.380
-11.270	-11.330
-11.170	-11.330
POLYLINE GREEN
-15.470	2.170
-15.220	1.720
-15.170	1.520
POLYLINE GREEN
-15.920	2.070
-15.620	2.270
-15.370	2.320
-15.270	2.420
-15.170	2.420
-15.070	2.520
POLYLINE GREEN
-16.270	2.120
-16.270	1.920
-16.020	0.720
POLYLINE GREEN
-16.870	1.770
-16.870	1.870
-16.120	2.220
-16.020	2.320
POLYLINE GREEN
-16.070	-10.480
-15.970	-10.830
-15.870	-10.630
-15.720	-10.530
-15.720	-10.430
-15.620	-10.330
-15.620	-10.230
-15.420	-9.930
-15.220	-9.580
-15.070	-9.380
-14.920	-9.130
-14.570	-8.630
-14.170	-7.830
-14.070	-7.730
-14.020	-7.530
-13.920	-7.330
-13.920	-7.180
-13.720	-6.730
-13.670	-6.530
-13.370	-5.880
-13.320	-5.630
-13.070	-4.880
-13.020	-4.480
-13.020	-4.130
-13.220	-3.330
-13.370	-2.580
-13.520	-2.380
-13.570	-2.180
-13.720	-1.880
-13.720	-1.730
-14.070	-0.830
-14.170	-0.280
-14.720	0.370
-14.920	0.470
-14.970	0.570
-15.070	0.520
-15.220	0.720
POLYLINE GREEN
-16.270	-7.230
-16.120	-6.930
-16.070	-6.580
-15.670	-5.530
-15.470	-5.030
-15.470	-4.880
-15.370	-4.580
-15.320	-4.030
-15.320	-3.680
-15.370	-3.580
POLYLINE GREEN
-15.470	-3.830
-15.520	-2.980
-15.470	-2.630
-15.470	-2.430
-15.570	-1.980
-15.620	-1.530
-15.620	-1.030
-15.520	-0.780
-15.420	-0.680
-15.420	-0.380
-15.270	0.070
-15.270	0.320
-15.220	0.520
-15.220	0.620
POLYLINE GREEN
-16.120	-6.280
-15.970	-6.480
-15.520	-5.830
-15.420	-5.530
-15.370	-5.080
-15.320	-4.880
-15.320	-4.680
-15.370	-4.430
-15.420	-4.130
POLYLINE GREEN
-18.120	-10.930
-17.820	-10.230
-17.570	-9.680
-17.320	-9.380
-17.270	-9.180
-16.970	-8.530
-16.870	-8.530
-16.920	-8.180
-16.620	-7.780
-16.470	-7.630
-16.370	-7.330
-16.370	-7.230
-16.170	-6.930
POLYLINE GREEN
-20.070	-14.080
-19.920	-13.630
-19.520	-13.080
-19.220	-12.830
-19.020	-12.530
-18.120	-11.180
-18.070	-11.080
POLYLINE GREEN
-16.720	-11.780
-16.670	-11.980
-16.920	-12.230
-17.120	-12.630
-17.120	-12.630
-17.070	-12.530
POLYLINE GREEN
-18.320	-14.780
-18.270	-14.580
-18.020	-14.180
-17.970	-13.980
-17.720	-13.580
-17.420	-13.480
-17.320	-13.380
-17.370	-13.080
-17.170	-12.630
POLYLINE GREEN
-18.020	-11.380
-17.920	-11.130
-17.770	-10.930
POLYLINE BROWN
-29.920	-18.130
-30.020	-18.230
POLYLINE BROWN
-29.820	-18.130
-29.470	-18.380
-29.420	-18.480
POLYLINE BROWN
-30.220	-18.180
-30.120	-18.230
POLYLINE BROWN
-29.720	-17.380
-29.670	-17.930
-29.770	-18.030
POLYLINE BROWN
-29.970	-17.880
POLYLINE BROWN
-30.170	-17.930
-29.570	-18.130
POLYLINE BROWN
-29.620	-17.180
-29.520	-18.280
-29.470	-18.530
-29.570	-18.380
POLYLINE BROWN
-29.420	-18.430
POLYLINE BROWN
-30.720	-18.080
-30.070	-18.230
-29.720	-18.230
-29.620	-18.380
-29.520	-18.380
-29.320	-18.580
POLYLINE RED
-26.870	-5.480
-26.370	-5.030
-26.120	-4.930
-26.370	-4.980
-26.770	-5.130
POLYLINE RED
-27.020	-4.630
-26.770	-4.430
-26.220	-4.230
POLYLINE RED
-26.820	-4.530
-26.870	-4.780
-27.020	-5.280
-27.020	-5.480
-27.070	-5.730
-27.070	-6.080
-26.220	-5.780
-26.020	-5.730
POLYLINE BLACK
-31.520	-6.580
-31.570	-6.780
-31.370	-7.130
-31.120	-7.280
-31.020	-7.280
-30.820	-7.180
-30.620	-6.980
-30.520	-6.630
-30.670	-6.330
POLYLINE BLACK
-29.670	-7.980
-29.620	-8.230
-29.370	-8.480
-28.970	-8.380
-28.720	-8.130
-28.620	-7.930
-28.620	-7.580
-28.670	-7.480
-28.920	-7.430
-29.070	-7.430
POLYLINE BLACK
-28.470	-8.330
-28.720	-8.580
-28.820	-8.780
-28.720	-9.280
-28.520	-9.780
-28.320	-9.830
-28.220	-9.580
-28.170	-8.880
POLYLINE BLACK
-30.320	-9.830
-30.070	-10.230
-29.570	-10.480
-29.320	-10.530
-29.120	-10.380
-29.220	-9.930
-29.670	-9.580
POLYLINE BLACK
-30.070	-8.680
-30.270	-8.930
-30.270	-9.130
-30.170	-9.380
-29.720	-9.680
-29.170	-9.430
-29.070	-9.230
-29.170	-8.730
-29.570	-8.480
POLYLINE BLACK
-31.170	-9.380
-31.270	-9.880
-30.970	-10.130
-30.770	-10.180
-30.570	-10.130
-30.420	-9.880
-30.420	-9.480
-30.920	-8.830
POLYLINE BLACK
-31.470	-8.780
-31.570	-8.780
-31.670	-8.880
-31.670	-9.180
-31.520	-9.430
-31.320	-9.380
-31.070	-9.030
-31.070	-8.830
-31.270	-8.680
-31.370	-8.680
POLYLINE BLACK
-32.420	-8.680
-32.170	-8.980
-31.920	-8.680
-31.870	-8.480
-31.920	-8.230
-32.070	-7.980
POLYLINE BLACK
-31.770	-7.130
-31.920	-7.330
-31.970	-7.530
-31.670	-8.030
-31.520	-8.130
-31.320	-8.130
-30.970	-7.830
-30.970	-7.230
-31.070	-7.030
POLYLINE BLACK
-31.020	-7.780
-31.120	-7.830
-31.120	-8.030
-30.920	-8.530
-30.720	-8.680
-30.470	-8.730
-30.370	-8.680
-30.120	-8.680
-29.620	-8.330
-29.470	-8.130
-29.470	-7.830
-29.620	-7.330
-30.020	-7.080
-30.370	-7.030
-31.120	-7.280
POLYLINE BLACK
-29.420	-15.880
-29.820	-15.630
-30.220	-15.480
-30.670	-14.980
-31.120	-14.330
-31.170	-14.030
-31.020	-13.730
-30.770	-13.480
-30.170	-12.780
-29.920	-12.330
-29.370	-11.580
-28.870	-10.830
-28.270	-10.030
-28.020	-9.530
-27.970	-9.330
-27.820	-8.880
-27.820	-8.730
-27.620	-8.180
-27.570	-7.930
-27.520	-7.730
-27.520	-7.480
-27.470	-7.280
-27.470	-6.980
-27.420	-6.630
-27.420	-6.130
-27.470	-5.830
-27.470	-5.530
-27.620	-5.130
-27.920	-4.830
-28.120	-4.780
-28.320	-4.630
-28.520	-4.680
-28.720	-4.630
-29.470	-4.830
-29.770	-5.080
-30.220	-5.230
-30.470	-5.330
-30.570	-5.430
-30.720	-5.430
-31.170	-5.880
-31.270	-6.030
-31.520	-6.130
-32.320	-7.330
-32.420	-7.580
-32.620	-7.880
-32.620	-8.030
-32.670	-8.130
POLYLINE BLUE
-37.420	-6.280
-37.570	-6.280
-37.770	-6.130
-37.170	-6.580
-36.770	-6.630
-36.670	-6.630
-36.670	-6.330
-36.720	-5.880
-36.870	-6.430
POLYLINE BLUE
-37.570	-6.430
-37.470	-6.430
-37.270	-6.580
-37.070	-6.530
-36.870	-6.330
-36.820	-6.130
-36.820	-6.030
POLYLINE BLUE
-37.720	-7.480
-37.170	-8.080
-37.070	-8.080
-36.770	-7.180
POLYLINE BLUE
-35.520	-9.880
-35.620	-9.930
-35.920	-9.830
-35.970	-9.730
-35.870	-9.830
-35.470	-9.980
-35.270	-10.130
POLYLINE BLUE
-35.720	-4.980
-35.520	-5.030
-35.320	-4.980
-35.120	-5.080
POLYLINE BLUE
-35.820	-5.380
-35.870	-4.680
-35.920	-4.430
POLYLINE BLUE
-35.620	-6.480
-35.620	-6.330
-35.670	-6.080
POLYLINE BLUE
-35.870	-6.280
-36.020	-6.030
-36.120	-5.680
POLYLINE BLUE
-35.970	-6.480
-35.570	-6.830
-35.270	-6.880
-35.170	-6.530
-35.170	-6.280
-35.270	-6.030
POLYLINE BLUE
-36.170	-7.680
-35.970	-7.880
-35.520	-8.030
-35.370	-8.030
-35.220	-7.830
-35.170	-7.480
POLYLINE BLUE
-35.620	-9.430
-35.520	-9.430
-35.220	-9.530
-35.670	-9.430
-36.220	-9.330
-36.220	-9.180
-35.770	-8.880
-35.270	-8.780
-35.220	-8.680
-35.470	-8.630
-35.720	-8.480
-36.220	-8.380
POLYLINE BLUE
-35.520	-9.980
-35.520	-10.080
-35.320	-10.130
-35.220	-10.030
POLYLINE BLUE
-38.970	-10.680
-38.520	-10.030
-38.170	-10.830
-38.120	-11.130
-38.670	-11.030
-38.770	-10.980
POLYLINE BLUE
-36.470	-11.380
-36.870	-11.030
-37.170	-10.930
-37.570	-11.230
-37.770	-11.230
-38.320	-10.730
-38.670	-10.730
-38.970	-10.880
POLYLINE BLACK
-10.620	-3.680
-10.570	-3.930
-10.320	-4.230
-10.220	-3.880
-10.220	-3.780
POLYLINE BLACK
-10.720	-1.830
-10.570	-1.980
-10.420	-1.830
-10.370	-1.630
POLYLINE BLACK
-12.220	-1.930
-12.320	-2.080
-12.320	-2.430
-12.170	-2.580
-11.920	-2.580
-11.720	-2.480
-11.570	-2.130
-11.570	-1.830
-11.620	-1.730
POLYLINE BLACK
-48.020	0.220
-48.070	0.120
-48.020	0.020
-47.970	0.120
POLYLINE BLACK
-48.320	1.020
-48.370	1.120
-48.170	1.570
-48.070	1.670
-47.970	1.670
-47.770	1.520
-47.870	1.120
-48.020	0.770
-48.170	0.570
-48.120	0.470
POLYLINE RED
-52.270	-4.330
-52.220	-4.530
-51.920	-5.080
-52.370	-4.380
-52.370	-4.280
POLYLINE RED
-51.070	-2.430
-51.020	-2.530
POLYLINE RED
-51.720	-1.280
-51.370	-0.980
-51.370	-1.230
-51.520	-2.030
-51.520	-2.130
-51.420	-2.180
POLYLINE RED
-52.120	-2.380
-52.070	-2.530
-51.870	-2.730
-52.070	-2.580
-52.120	-2.080
-51.970	-1.780
-51.820	-1.680
-51.720	-1.780
-51.820	-2.130
POLYLINE RED
-53.070	-3.230
-52.770	-3.680
-53.020	-3.280
-52.920	-3.230
-52.470	-3.230
-52.470	-2.980
-52.520	-2.630
-52.370	-2.780
-52.120	-2.880
POLYLINE RED
-53.770	-3.630
-53.820	-3.930
-53.670	-4.130
-53.420	-4.130
-53.170	-3.880
-53.220	-3.430
POLYLINE RED
-53.920	-3.380
-54.020	-3.380
-54.120	-3.480
-54.120	-3.580
-53.970	-3.830
-53.820	-4.180
-53.970	-4.480
-54.170	-4.630
POLYLINE BLACK
-53.520	-6.980
-53.470	-7.080
-53.470	-7.380
-53.420	-7.730
-53.370	-8.180
-53.370	-8.530
-53.420	-8.430
-53.420	-7.930
POLYLINE BLACK
-49.970	-4.780
-50.170	-5.230
POLYLINE BLACK
-50.120	-4.680
POLYLINE BLACK
-50.070	-4.930
-49.670	-3.030
-49.470	-2.480
-49.470	-2.380
POLYLINE BROWN
-40.570	0.520
-40.720	0.520
-40.970	0.220
-40.970	0.020
-40.920	-0.080
-40.670	-0.180
-40.470	-0.430
-40.470	-0.530
-40.770	-0.780
-40.870	-0.830
POLYLINE BROWN
-41.420	0.070
-41.220	-0.380
POLYLINE BROWN
-42.770	-0.430
-42.370	0.220
-42.270	0.320
-42.270	0.170
-42.420	-0.180
-42.670	-0.480
-42.620	-0.680
-42.520	-0.780
-42.370	-0.780
-42.170	-0.880
-42.020	-0.880
POLYLINE BROWN
-42.870	-0.430
-42.670	-0.880
POLYLINE BROWN
-44.220	-0.880
-43.870	-0.430
-43.770	-0.380
-43.620	-0.630
-43.720	-0.980
-43.470	-0.830
-43.170	-0.680
-43.020	-0.730
-43.020	-1.030
-43.220	-1.380
-43.520	-1.630
POLYLINE BROWN
-44.920	-1.630
-44.220	-0.980
-44.070	-1.380
-44.070	-1.530
-44.020	-1.630
POLYLINE BROWN
-45.020	-1.380
-44.820	-1.180
-44.770	-1.030
-44.570	-0.780
-44.520	-0.630
POLYLINE BROWN
-45.120	-1.430
-44.920	-1.930
-44.670	-1.930
-44.520	-1.830
POLYLINE BROWN
-46.070	-1.730
-46.020	-1.930
-45.820	-2.230
-46.020	-1.730
-45.970	-1.430
-45.670	-1.180
-45.420	-1.430
-45.420	-1.730
-45.570	-2.130
POLYLINE BROWN
-44.470	0.120
-44.370	0.220
-44.220	0.020
-44.070	-0.330
-44.120	0.120
-43.920	0.420
-43.670	0.470
-43.520	0.320
-43.520	0.220
-43.720	-0.030
POLYLINE BROWN
-46.770	-1.080
-46.670	-0.930
-46.520	-0.880
-46.220	-0.480
-46.170	-0.830
-46.070	-0.930
-45.720	-0.880
-45.270	-0.480
-45.270	-0.730
-45.320	-0.830
-45.270	-0.930
-45.170	-0.930
-44.820	-0.630
-44.820	-0.480
-44.920	-0.430
-44.870	-0.330
-44.720	-0.530
-44.620	-0.530
-44.370	-0.180
-44.420	-0.080
-44.670	-0.080
-44.770	-0.130
POLYLINE BROWN
-46.870	-0.680
-46.370	-0.030
POLYLINE BROWN
-46.820	-0.630
-46.670	-1.280
POLYLINE BROWN
-48.270	-1.330
-47.820	-2.080
POLYLINE BROWN
-48.620	-2.480
-48.170	-1.380
POLYLINE BROWN
-48.220	-2.280
-47.870	-1.230
POLYLINE BROWN
-47.970	-2.780
-47.570	-0.830
POLYLINE BROWN
-47.770	-3.080
-47.120	-1.980
POLYLINE BROWN
-47.820	-2.230
POLYLINE BROWN
-47.670	-2.530
-47.520	-2.330
POLYLINE BROWN
-47.570	-3.180
-47.420	-2.830
POLYLINE BROWN
-47.920	-3.330
-47.620	-2.830
POLYLINE BROWN
-48.320	-2.180
-48.270	-2.080
POLYLINE BROWN
-48.420	-2.630
-48.220	-2.080
POLYLINE BROWN
-48.370	-2.580
-48.170	-2.030
POLYLINE BROWN
-47.920	-3.380
-47.820	-3.130
POLYLINE BROWN
-48.070	-2.980
-47.770	-2.480
POLYLINE BROWN
-48.320	-2.030
-48.220	-1.830
POLYLINE BROWN
-48.070	-2.580
-47.720	-2.330
POLYLINE BROWN
-47.870	-3.180
-47.670	-2.980
POLYLINE BROWN
-47.620	-3.080
-47.370	-3.030
POLYLINE BROWN
-47.820	-2.530
-47.670	-2.380
-47.420	-2.280
POLYLINE BROWN
-48.120	-2.530
-47.620	-2.130
POLYLINE BROWN
-48.120	-2.630
-47.720	-2.480
POLYLINE BROWN
-48.020	-3.030
-47.720	-3.230
-47.620	-3.230
POLYLINE BROWN
-48.020	-3.080
-47.620	-3.380
POLYLINE BROWN
-47.970	-2.330
-47.420	-2.880
POLYLINE BROWN
-48.220	-1.980
-47.620	-2.680
POLYLINE BROWN
-48.820	-2.030
-47.970	-2.980
-47.870	-3.030
POLYLINE BLACK
-49.070	-4.080
POLYLINE BLACK
-50.220	-1.180
POLYLINE BLACK
-49.020	-4.280
POLYLINE BLACK
-48.170	-3.830
POLYLINE BLACK
-48.120	-4.280
POLYLINE BLACK
-48.220	-4.680
POLYLINE BLACK
-49.220	-4.780
POLYLINE BLACK
-48.620	-4.830
POLYLINE BLACK
-48.020	-5.180
POLYLINE BLACK
-48.020	-5.030
POLYLINE BLACK
-47.770	-4.280
POLYLINE BLACK
-47.870	-4.880
POLYLINE BLACK
-49.670	-4.830
-49.670	-4.930
-49.070	-5.330
-48.620	-5.530
-48.170	-5.580
-48.070	-5.680
-47.870	-5.730
-47.570	-5.830
-47.370	-5.830
-47.170	-5.880
-47.070	-5.980
POLYLINE BLACK
-47.320	-6.330
-47.320	-6.430
-47.220	-6.530
-47.220	-6.530
-47.220	-6.230
-47.170	-5.680
-47.170	-5.430
-47.220	-5.230
-47.170	-4.680
-47.170	-4.130
POLYLINE BLACK
-53.370	-6.780
-52.570	-6.180
-52.120	-5.980
-51.820	-5.780
-51.570	-5.730
-51.370	-5.680
-50.620	-5.280
-50.220	-5.230
-50.020	-5.230
-49.920	-5.130
POLYLINE BLACK
-53.520	-7.280
-53.520	-7.530
-53.520	-7.530
-53.470	-7.430
POLYLINE BLACK
-53.520	-7.380
POLYLINE BLACK
-53.520	-7.730
POLYLINE BLACK
-53.370	-7.880
POLYLINE BLUE
-51.410	-6.270
-50.860	-6.170
-49.710	-6.170
-48.810	-6.070
-48.360	-6.170
-48.010	-6.120
POLYLINE BLUE
-51.710	-7.470
-50.510	-7.170
-49.760	-7.070
-49.260	-7.070
-48.910	-6.870
-48.560	-6.870
-48.260	-6.770
POLYLINE BLUE
-50.760	-8.570
-50.660	-8.570
-49.760	-7.820
-48.610	-7.170
-48.060	-7.020
POLYLINE BLUE
-49.910	-8.970
-49.810	-8.970
-48.160	-7.820
POLYLINE BLUE
-48.960	-9.220
-48.910	-9.320
-48.760	-9.270
-47.660	-8.320
-47.410	-8.020
POLYLINE BLUE
-46.910	-9.120
-46.910	-9.470
-46.860	-9.670
-46.760	-9.670
-46.260	-9.170
-46.710	-9.070
-46.810	-9.120
-46.910	-9.070
POLYLINE BLUE
-46.960	-9.020
-46.910	-9.270
-46.610	-9.470
-46.410	-9.470
-46.310	-9.420
-46.160	-9.670
-45.960	-9.820
-45.410	-10.020
POLYLINE BLACK
-45.710	-6.620
-45.810	-6.520
-45.760	-6.320
-45.610	-6.170
-45.410	-6.120
-45.210	-6.270
-45.210	-6.620
-45.360	-6.820
-45.360	-6.920
-45.160	-6.870
-44.960	-6.870
-44.710	-7.120
-45.010	-7.570
-45.110	-7.670
-45.310	-7.670
-45.410	-7.770
-45.510	-7.770
POLYLINE BLACK
-46.460	-7.320
-46.460	-7.520
-46.210	-8.070
-46.560	-7.520
-46.610	-6.970
-46.360	-6.720
-46.160	-6.720
-46.060	-6.920
-46.110	-7.120
-46.410	-7.520
POLYLINE BLACK
-53.210	-8.220
-53.110	-8.720
-52.960	-9.070
-52.660	-9.270
-52.410	-9.270
-52.160	-9.020
-52.160	-9.020
-52.160	-9.270
-52.060	-9.520
-51.910	-9.570
-51.610	-9.470
-51.510	-9.370
-51.410	-9.720
-51.210	-9.870
-50.960	-9.820
-50.760	-9.620
-50.660	-9.670
-50.660	-9.770
-50.460	-10.220
-50.360	-10.220
-50.260	-10.120
-50.160	-10.120
-49.810	-10.370
-49.610	-10.370
-49.260	-10.220
-49.110	-10.370
-48.910	-10.470
-48.760	-10.470
-48.660	-10.520
POLYLINE BLACK
-47.260	-7.920
-47.260	-8.020
-47.510	-7.470
-47.410	-6.970
-47.260	-6.620
-47.160	-6.520
POLYLINE BLACK
-47.710	-8.720
-47.510	-8.920
-47.060	-8.320
-47.110	-8.520
-47.410	-9.020
POLYLINE BLACK
-47.910	-9.620
-47.860	-9.820
-47.610	-9.570
-47.560	-9.370
-47.610	-9.270
POLYLINE BLACK
-47.210	-8.170
-47.210	-8.320
-47.110	-8.320
-46.460	-8.770
-45.960	-9.070
-45.760	-9.270
-45.560	-9.320
-44.810	-9.670
-44.510	-9.720
POLYLINE BLACK
-45.660	-11.020
-45.460	-11.020
POLYLINE BLACK
-46.160	-11.320
-45.860	-11.270
POLYLINE BLACK
-46.410	-11.970
-46.310	-12.070
-45.910	-12.020
-45.710	-12.020
POLYLINE BLACK
-45.910	-14.520
-45.610	-14.920
-45.510	-14.920
-45.460	-15.020
-44.910	-15.270
-44.810	-15.270
POLYLINE BLACK
-45.660	-14.870
-45.710	-14.520
-46.010	-13.870
-46.060	-13.670
-46.410	-13.170
-46.810	-12.820
-46.910	-12.820
-47.110	-12.620
-47.210	-12.620
-47.360	-12.420
POLYLINE BLACK
-44.610	-9.570
-44.560	-9.670
-45.010	-9.770
-45.110	-9.720
POLYLINE BLACK
-46.410	-12.970
-46.260	-12.220
-46.260	-11.920
-46.060	-10.920
-45.810	-10.520
-45.710	-10.470
-45.710	-10.370
POLYLINE BLACK
-45.710	-10.620
-45.460	-10.370
-45.210	-9.970
-45.110	-9.920
-45.010	-9.670
POLYLINE BLACK
-47.760	-10.670
-47.510	-11.220
-47.410	-11.720
-47.360	-11.970
-47.360	-12.170
-47.310	-12.370
-47.310	-12.470
POLYLINE BLACK
-48.110	-10.170
-48.110	-10.070
POLYLINE BLACK
-45.860	-12.820
-45.810	-12.920
-45.710	-12.870
-45.610	-12.970
POLYLINE BLACK
-45.560	-11.520
-45.260	-11.620
POLYLINE BLACK
-45.510	-10.720
-45.310	-10.770
-45.110	-10.720
-45.010	-10.720
POLYLINE BLUE
-36.410	-10.320
-36.510	-10.420
-36.760	-11.270
-37.060	-12.220
-37.110	-12.620
POLYLINE BLUE
-37.360	-10.270
-37.460	-10.670
-37.610	-10.970
-37.910	-12.220
-37.960	-12.320
-38.060	-13.170
-38.060	-13.920
-38.110	-14.170
POLYLINE BLUE
-38.560	-10.570
-38.710	-10.970
-38.960	-12.420
-38.960	-13.620
-38.910	-13.820
-38.910	-14.420
POLYLINE BLUE
-39.310	-10.120
-39.760	-11.970
-39.960	-13.370
-40.060	-13.920
-40.110	-14.370
POLYLINE BLUE
-40.510	-10.420
-40.660	-10.770
-41.010	-12.670
-41.260	-13.870
-41.310	-14.120
POLYLINE BLUE
-41.660	-10.620
-41.660	-10.820
-42.260	-12.370
-42.410	-13.270
-42.510	-13.520
-42.560	-14.020
POLYLINE BLUE
-42.710	-10.570
-43.760	-12.920
-43.960	-13.870
-43.960	-14.370
-44.060	-14.620
POLYLINE BLUE
-43.760	-10.170
-43.810	-10.370
-44.560	-12.170
-45.060	-13.570
-45.060	-13.920
-44.960	-14.270
POLYLINE BLACK
-36.760	-14.720
-36.560	-15.370
-36.760	-15.220
-36.860	-14.870
-36.660	-14.570
-36.560	-14.470
-36.410	-14.620
-36.410	-14.720
-36.510	-14.820
-36.710	-14.870
-36.810	-14.920
POLYLINE BLACK
-36.910	-13.120
-36.810	-13.220
POLYLINE BLACK
-36.460	-12.470
-36.310	-12.670
POLYLINE BLACK
-36.260	-12.220
-36.010	-12.320
POLYLINE BLACK
-36.460	-12.770
-36.260	-12.920
POLYLINE BLACK
-36.760	-12.570
-36.310	-13.120
POLYLINE BLACK
-36.910	-13.070
-36.810	-13.120
POLYLINE BLACK
-37.160	-13.370
-36.760	-13.520
POLYLINE BLACK
-35.310	-14.520
-35.810	-14.120
-36.210	-13.970
-36.460	-13.820
-36.660	-13.870
-36.860	-13.870
POLYLINE BLACK
-36.960	-13.970
-37.060	-14.370
-37.460	-14.870
-37.710	-15.170
-37.910	-15.170
-38.060	-15.320
-38.260	-15.270
-38.360	-15.170
-38.560	-15.120
-38.860	-14.920
-38.960	-14.920
-39.060	-14.820
-39.260	-14.820
-39.560	-14.670
-40.060	-15.020
-40.260	-15.170
-40.660	-15.120
-40.760	-15.020
-40.860	-15.020
-41.060	-14.720
-41.460	-14.370
-41.910	-14.370
-42.010	-14.320
-42.210	-14.370
-42.410	-14.370
-42.610	-14.520
-42.710	-14.470
-43.310	-14.970
-43.510	-15.120
-44.060	-15.220
-44.160	-15.170
-44.260	-15.220
-44.460	-15.170
-44.810	-15.170
-44.910	-15.120
-45.010	-15.170
-45.110	-15.120
-45.210	-15.170
-45.410	-15.120
POLYLINE BLACK
-35.960	-11.570
-35.810	-11.420
-35.860	-10.770
-36.010	-10.320
-36.110	-10.020
-37.060	-9.370
-37.510	-9.270
-37.710	-9.170
-38.160	-9.170
-38.360	-9.120
-38.560	-9.170
-38.910	-9.170
-39.210	-9.270
-39.510	-9.270
-39.710	-9.320
-39.810	-9.420
-40.060	-9.420
-40.160	-9.370
-40.460	-9.520
-40.660	-9.520
-40.860	-9.570
-40.960	-9.670
-41.610	-9.670
-42.010	-9.770
-42.110	-9.720
-42.210	-9.770
-42.410	-9.720
-42.710	-9.720
-42.960	-9.770
-43.060	-9.720
-43.260	-9.770
-43.460	-9.720
-43.560	-9.770
-43.860	-9.670
-44.060	-9.720
-44.360	-9.670
POLYLINE BLACK
-35.750	-12.050
-36.000	-12.300
-36.200	-12.750
-37.100	-13.950
-37.100	-13.850
-36.700	-13.400
POLYLINE BLACK
-35.900	-12.000
POLYLINE BLACK
-35.900	-11.950
-35.850	-12.100
POLYLINE BLUE
-33.350	-13.000
-33.300	-12.650
-33.300	-11.750
POLYLINE BLUE
-32.650	-12.900
-32.600	-12.150
POLYLINE BLUE
-33.350	-13.050
-33.200	-12.450
POLYLINE BLUE
-33.800	-13.400
-33.700	-12.600
-33.700	-12.400
-33.650	-12.200
POLYLINE BLUE
-31.900	-17.600
-31.000	-16.500
-30.350	-15.950
POLYLINE BLUE
-32.150	-17.150
-31.750	-16.750
-31.000	-15.900
-30.800	-15.800
POLYLINE BLUE
-32.550	-16.700
-31.650	-15.700
-31.500	-15.650
-31.200	-15.350
-31.100	-15.400
POLYLINE BLUE
-33.350	-16.400
-33.050	-16.200
-32.650	-15.750
-32.100	-15.450
-31.450	-14.900
POLYLINE BLACK
-32.300	-10.600
-32.350	-10.700
-32.200	-10.950
-31.950	-10.900
-31.900	-10.700
-32.050	-10.350
POLYLINE BLACK
-32.950	-9.200
-32.900	-9.400
-32.750	-9.550
-32.650	-9.550
-32.650	-9.450
POLYLINE BLACK
-32.850	-9.800
-32.850	-9.950
-32.800	-10.150
-32.600	-10.300
-32.350	-10.050
-32.350	-9.950
-32.500	-9.850
POLYLINE BLACK
-33.550	-9.900
-33.550	-10.150
-33.350	-10.350
-33.100	-10.350
-33.000	-10.250
-33.000	-10.000
-33.200	-9.700
POLYLINE BLACK
-33.500	-10.750
-33.600	-10.800
-33.600	-11.050
-33.400	-11.550
-32.900	-11.800
-32.500	-11.800
-32.050	-11.450
-32.000	-11.350
-32.300	-10.900
-32.500	-10.750
-32.650	-10.750
-33.150	-10.500
-33.700	-10.500
-33.800	-10.550
POLYLINE BLACK
-34.550	-12.950
-34.350	-13.250
-33.850	-13.500
-33.650	-13.500
-33.400	-13.600
-32.950	-13.500
-32.750	-13.400
-32.450	-13.100
-32.250	-12.800
-32.250	-12.700
-32.150	-12.450
-32.200	-12.250
-32.500	-11.800
-33.000	-11.550
-33.400	-11.600
-33.700	-11.700
-34.150	-12.000
-34.450	-12.450
-34.600	-12.800
POLYLINE BLACK
-31.200	-14.550
-31.650	-14.350
-31.900	-14.350
-32.300	-14.400
-32.950	-14.850
-33.400	-15.400
-33.500	-15.650
-33.500	-16.100
-33.450	-16.300
POLYLINE BLACK
-31.900	-9.450
-32.000	-9.900
POLYLINE BLACK
-32.250	-9.100
-32.250	-9.250
-32.350	-9.550
POLYLINE BLACK
-32.550	-8.850
-32.850	-9.250
POLYLINE BLACK
-33.350	-8.950
-32.800	-8.250
-32.600	-7.700
-32.650	-8.050
-32.900	-8.750
POLYLINE BLACK
-35.800	-11.700
-35.650	-11.850
-35.350	-11.850
-35.150	-11.800
-34.450	-11.050
-33.800	-10.000
-33.450	-9.350
-33.300	-9.200
-33.150	-9.050
-32.750	-8.900
-32.650	-8.900
-32.550	-8.800
-32.350	-8.950
-32.250	-8.950
POLYLINE BROWN
-29.700	-16.700
-30.250	-17.150
-30.700	-17.500
POLYLINE BROWN
-30.700	-16.800
-30.750	-17.100
-31.200	-18.050
-31.200	-18.150
POLYLINE BROWN
-29.650	-17.000
-29.650	-17.100
-30.500	-17.350
-30.650	-17.350
-31.350	-17.650
-31.550	-17.800
-31.700	-18.050
-32.000	-18.250
-32.100	-18.250
POLYLINE BROWN
-29.750	-16.450
-29.850	-16.650
-30.850	-17.900
-31.250	-18.550
POLYLINE BLACK
-34.500	-15.300
POLYLINE BLACK
-32.100	-18.450
-32.200	-18.450
-32.600	-18.000
-32.900	-17.600
-33.300	-17.100
-33.500	-16.750
-34.300	-15.900
-34.550	-14.950
POLYLINE BLACK
-35.100	-14.650
-34.650	-15.150
-34.550	-15.400
-34.450	-15.500
-34.450	-15.600
POLYLINE RED
-26.850	-11.450
-26.850	-11.700
-27.000	-11.900
POLYLINE RED
-27.250	-11.400
-27.100	-11.650
-26.950	-11.900
-27.200	-11.400
-27.150	-11.200
-26.900	-11.150
-26.650	-11.300
-26.600	-11.500
-26.650	-11.600
POLYLINE RED
-27.400	-11.750
-27.350	-12.000
-27.350	-12.100
-27.250	-12.150
-27.100	-11.900
-27.150	-11.700
-27.300	-11.650
POLYLINE RED
-28.250	-12.200
-28.250	-12.550
-28.200	-12.700
-28.000	-12.650
-27.650	-12.100
-27.650	-12.000
-27.600	-12.250
-27.600	-12.350
-27.500	-12.450
-27.350	-12.200
-27.400	-12.000
-27.500	-12.000
POLYLINE RED
-28.650	-13.200
-28.500	-12.950
POLYLINE RED
-28.750	-12.750
-28.550	-12.250
POLYLINE RED
-28.800	-12.600
-28.550	-13.150
POLYLINE RED
-26.200	-12.100
-26.400	-12.450
-26.400	-12.650
-26.100	-12.750
-25.850	-12.750
-25.650	-12.800
-25.600	-12.900
-25.800	-13.100
POLYLINE RED
-26.700	-12.750
-26.500	-13.000
POLYLINE RED
-27.550	-13.600
-27.300	-13.900
-27.350	-13.600
-27.400	-13.350
-27.400	-13.000
-27.250	-12.650
-27.150	-12.600
-27.100	-12.850
-27.300	-13.300
-27.150	-13.450
-26.850	-13.600
-26.700	-13.600
-26.600	-13.650
POLYLINE RED
-28.000	-13.900
-27.750	-14.300
-28.000	-14.200
-28.100	-14.100
-28.100	-13.700
-28.000	-13.400
-27.800	-13.250
-27.750	-13.450
-27.850	-13.850
-27.600	-13.650
-27.500	-13.650
-27.500	-14.100
-27.600	-14.350
POLYLINE RED
-28.350	-14.550
-28.250	-14.300
POLYLINE RED
-28.400	-14.050
-28.400	-13.950
-28.300	-13.800
-28.300	-13.700
POLYLINE RED
-28.450	-14.000
-28.350	-14.500
-28.150	-14.800
-27.950	-14.700
-27.900	-14.600
POLYLINE RED
-29.000	-14.450
-28.650	-15.150
-29.000	-14.700
-29.050	-14.500
-29.050	-14.300
-29.000	-14.050
-28.900	-13.950
-28.700	-14.000
-28.500	-14.150
-28.500	-14.300
-28.450	-14.500
-28.450	-14.700
-28.650	-15.050
POLYLINE BLACK
-28.450	-15.800
-28.300	-16.050
-28.300	-16.150
-28.200	-16.250
-28.000	-16.300
-27.700	-16.100
-27.600	-15.800
-27.450	-15.850
-27.150	-16.250
-26.950	-16.300
-26.800	-16.050
-26.750	-15.850
-26.600	-16.000
-26.400	-16.000
-26.250	-15.800
-26.200	-15.550
-26.150	-15.450
-25.800	-15.700
-25.600	-15.550
-25.500	-15.300
-25.400	-15.300
-25.100	-15.050
-25.000	-15.000
-24.800	-15.150
-24.600	-15.050
-24.100	-15.550
-23.800	-15.350
-23.600	-15.000
POLYLINE BLACK
-25.000	-15.800
-25.200	-15.850
-25.600	-16.000
-25.950	-16.300
-26.150	-16.350
-26.250	-16.450
-26.450	-16.450
-26.750	-16.550
-27.300	-16.700
-27.650	-16.700
-28.350	-16.550
-28.600	-16.500
-28.800	-16.450
-28.900	-16.350
-29.100	-16.300
-29.400	-16.100
-29.450	-16.000
POLYLINE BLACK
-28.550	-23.250
-29.000	-22.950
-29.650	-22.250
-30.000	-21.800
-30.200	-21.450
-30.700	-20.850
-30.800	-20.600
-30.900	-20.500
-30.900	-20.350
-31.250	-19.900
-31.450	-19.450
-31.500	-19.200
-31.700	-18.800
-31.800	-18.400
POLYLINE RED
-19.000	-15.450
-19.100	-15.850
-19.050	-16.050
-18.600	-15.950
-18.300	-15.850
-18.350	-15.700
-18.600	-15.600
-18.900	-15.350
-19.050	-15.300
POLYLINE RED
-18.800	-15.500
-18.700	-15.850
-18.100	-16.650
-17.350	-17.200
-17.100	-17.350
-16.550	-17.450
-16.450	-17.450
POLYLINE BLACK
-9.350	-15.900
POLYLINE BLACK
-23.850	-19.600
POLYLINE BLACK
-24.800	-20.450
POLYLINE BLACK
-26.350	-21.850
POLYLINE BLACK
-26.250	-21.750
POLYLINE BLACK
-23.050	-18.400
POLYLINE BLACK
-24.050	-16.450
POLYLINE BLACK
-23.750	-17.850
POLYLINE BLACK
-24.050	-19.500
POLYLINE BLACK
-24.300	-20.150
POLYLINE BLACK
-24.850	-17.750
POLYLINE BLACK
-25.100	-18.750
POLYLINE BLACK
-24.300	-18.700
POLYLINE BLACK
-22.250	-18.850
POLYLINE BLACK
-22.600	-17.850
POLYLINE BLACK
-23.400	-16.950
POLYLINE BLACK
-23.600	-19.400
-23.400	-19.450
-23.300	-19.450
-23.250	-19.350
-23.400	-19.150
POLYLINE BLACK
-24.900	-20.500
-25.050	-20.700
-24.900	-20.800
-24.600	-20.850
-24.450	-20.800
-24.400	-20.650
-24.450	-20.550
-24.700	-20.450
POLYLINE BLACK
-24.900	-17.400
-24.850	-17.600
-24.600	-17.900
-24.500	-17.850
-24.550	-17.700
-24.700	-17.600
-24.800	-17.600
POLYLINE RED
-15.250	-18.050
-15.350	-18.100
-15.550	-18.000
-15.750	-18.050
POLYLINE RED
-10.850	-17.200
-10.800	-17.300
-10.600	-17.150
-10.600	-17.150
-10.800	-17.350
POLYLINE RED
-10.950	-17.350
POLYLINE RED
-11.050	-17.050
-10.850	-16.850
POLYLINE RED
-11.000	-17.200
-11.000	-17.500
-10.800	-17.800
-10.500	-17.900
-10.400	-17.800
POLYLINE RED
-11.500	-17.100
-11.700	-17.100
-11.850	-17.350
-11.850	-17.500
-11.900	-17.600
-11.800	-17.950
-11.700	-18.050
-11.500	-18.050
-11.300	-17.750
-11.500	-17.550
-11.600	-17.550
POLYLINE RED
-12.800	-17.800
-12.550	-17.700
POLYLINE RED
-12.850	-17.900
-12.850	-17.950
-12.900	-17.700
-12.900	-17.350
-12.850	-17.250
-12.650	-17.300
-12.350	-17.600
-12.200	-18.000
-12.100	-18.100
POLYLINE RED
-13.100	-17.400
-13.400	-17.400
-13.700	-17.600
-13.350	-17.850
-13.300	-17.950
-13.450	-18.300
-13.700	-18.500
-13.800	-18.500
POLYLINE RED
-14.300	-17.650
-14.350	-17.850
-14.050	-18.150
-14.000	-18.250
-14.100	-18.450
POLYLINE RED
-15.050	-18.250
POLYLINE RED
-15.300	-18.700
-15.250	-18.250
-15.100	-17.900
-15.000	-17.800
-14.700	-18.100
-14.600	-18.450
POLYLINE RED
-15.700	-17.950
-15.650	-18.350
-15.550	-18.800
-15.700	-18.550
-15.800	-18.300
-15.800	-18.150
-15.850	-17.950
-15.750	-17.850
-15.400	-17.850
-15.200	-18.000
-15.400	-18.150
POLYLINE RED
-14.600	-16.250
-14.700	-16.700
-14.700	-17.100
-14.300	-17.150
-14.200	-17.150
POLYLINE RED
-15.150	-16.150
-15.150	-17.000
-15.100	-17.200
-15.100	-17.300
POLYLINE RED
-15.700	-16.950
-15.450	-16.900
-15.350	-16.900
POLYLINE RED
-15.750	-16.250
-15.750	-17.000
-15.650	-17.450
POLYLINE BLACK
-27.700	-19.900
-27.700	-20.100
-27.600	-20.550
-27.400	-20.800
-27.200	-20.750
-26.900	-20.500
-26.800	-20.150
-26.800	-19.950
-27.100	-19.750
-27.400	-19.750
-27.650	-19.800
-27.750	-19.750
POLYLINE BLACK
-25.550	-23.250
-25.500	-23.050
-25.500	-22.900
-25.300	-22.600
-25.000	-22.650
-24.650	-22.800
-24.600	-22.600
-24.400	-22.250
-24.150	-22.100
-23.950	-22.150
-23.800	-21.700
-23.550	-21.450
-23.150	-21.650
-23.200	-21.300
-22.950	-21.050
-22.750	-21.000
-22.550	-21.100
-22.450	-20.700
-22.350	-20.600
-22.050	-20.650
-22.000	-20.200
-21.950	-19.950
-21.850	-19.850
-21.550	-19.950
-21.450	-19.850
-21.450	-19.700
-21.350	-19.500
-21.250	-19.450
POLYLINE BLACK
-17.450	-16.150
-17.400	-16.650
-17.350	-16.850
-17.550	-16.200
-17.550	-16.000
-17.600	-15.900
-17.500	-15.650
-17.400	-15.650
-17.250	-15.900
-17.150	-16.200
-17.400	-16.200
POLYLINE BLACK
-18.650	-15.150
-18.700	-15.250
POLYLINE BLACK
-19.050	-15.150
-18.950	-15.550
POLYLINE BLACK
-19.400	-15.100
-19.300	-15.650
POLYLINE BLACK
-19.800	-15.050
-19.900	-15.250
POLYLINE BLACK
-20.150	-14.850
-20.100	-14.950
-20.250	-15.500
-20.250	-15.650
POLYLINE BLUE
-18.100	-16.500
-18.450	-16.450
-18.600	-16.600
-18.650	-16.700
-18.350	-17.250
-18.450	-17.500
-18.750	-17.750
-19.050	-17.850
-19.500	-17.850
-19.600	-17.750
-19.500	-17.750
-19.400	-17.850
-19.400	-17.700
-19.450	-17.600
-19.050	-18.000
-19.250	-17.900
-19.500	-17.650
-19.550	-17.900
-19.550	-18.100
-19.150	-18.150
-19.450	-18.000
-19.550	-18.000
-19.350	-18.050
-19.250	-18.000
-19.450	-18.000
-19.400	-17.850
POLYLINE BLUE
-20.250	-15.350
-19.550	-15.850
POLYLINE BLUE
-20.600	-15.600
-19.700	-16.650
POLYLINE BLUE
-20.600	-16.100
-20.400	-16.300
-20.200	-16.550
POLYLINE BLUE
-21.050	-16.600
-20.800	-17.100
-20.500	-17.450
POLYLINE BLUE
-21.900	-16.000
-21.700	-16.300
-21.600	-16.650
-21.400	-16.900
-21.100	-17.400
POLYLINE BLUE
-22.300	-16.250
-21.950	-17.000
-21.700	-17.450
-21.650	-17.550
POLYLINE BLACK
-22.450	-15.750
-22.450	-16.300
-22.400	-16.750
-22.000	-17.600
-21.800	-17.900
-21.350	-18.350
POLYLINE BLACK
-17.700	-14.950
-17.800	-15.050
-18.000	-15.100
-18.150	-15.150
-18.250	-15.400
-19.700	-16.900
-20.400	-17.650
-20.550	-17.700
-21.500	-18.700
-22.400	-19.700
-23.150	-20.450
-23.950	-21.100
-24.300	-21.450
-25.300	-22.250
-25.500	-22.300
-25.750	-22.400
-25.850	-22.500
-26.050	-22.500
-27.150	-23.050
-27.250	-23.050
-27.900	-23.400
-28.000	-23.350
-28.300	-23.450
-28.500	-23.400
POLYLINE BLACK
-20.750	-14.800
-20.550	-14.850
-20.300	-14.700
-20.150	-14.400
-20.250	-14.150
-20.350	-14.500
-20.350	-14.750
-20.450	-15.050
POLYLINE BLACK
-20.400	-14.500
-20.400	-14.900
-20.550	-15.100
-20.900	-15.300
-21.100	-15.350
-21.900	-15.700
-22.100	-15.750
-22.200	-15.850
-22.700	-15.900
-23.050	-15.900
-23.150	-15.850
-23.350	-15.900
-23.700	-15.850
-24.550	-15.750
-24.750	-15.750
-24.850	-15.800
POLYLINE BLACK
-20.200	-14.950
-19.750	-14.950
-19.200	-15.050
-18.950	-15.050
-18.750	-15.100
-18.350	-15.050
-18.100	-15.100
-17.900	-15.200
POLYLINE BLACK
-21.250	-8.600
-21.200	-8.700
-21.350	-9.350
-21.400	-9.800
-21.500	-10.250
-21.500	-11.400
-21.200	-12.250
-21.100	-12.450
-21.100	-12.600
-20.750	-13.300
-20.400	-14.150
-20.000	-14.800
POLYLINE BLACK
-17.350	-14.450
-17.950	-14.950
-18.150	-15.050
POLYLINE BLACK
-17.300	-14.250
-17.250	-14.400
POLYLINE BLACK
-16.350	-13.200
-16.300	-13.300
-16.550	-13.450
-16.800	-13.900
-17.050	-14.300
-17.200	-14.450
-17.150	-14.350
POLYLINE BLACK
1.750	1.150
1.850	1.200
POLYLINE BLACK
1.700	2.000
1.750	1.900
1.950	1.900
POLYLINE BLACK
1.800	1.050
1.900	1.050
POLYLINE BLACK
1.850	-0.050
2.050	-0.150
POLYLINE BLACK
1.800	-0.800
1.950	-0.800
2.150	-0.850
2.250	-0.850
POLYLINE BLACK
1.900	-1.650
1.950	-1.750
2.250	-1.750
POLYLINE BLACK
1.650	2.450
1.650	0.650
1.700	0.200
1.750	-0.050
1.750	-0.400
1.800	-0.600
1.850	-0.950
1.850	-1.250
1.900	-1.500
1.950	-2.350
POLYLINE BLACK
8.950	-2.400
8.350	-2.250
8.150	-2.150
POLYLINE BLACK
9.300	-1.550
8.850	-1.450
8.700	-1.400
POLYLINE BLACK
9.900	-0.650
9.700	-0.700
9.600	-0.650
9.450	-0.700
9.350	-0.650
POLYLINE BLACK
10.100	0.400
9.900	0.350
9.450	0.400
9.350	0.450
POLYLINE BLACK
9.750	0.950
9.850	1.000
9.950	0.900
10.050	0.950
9.750	0.950
9.400	0.850
9.150	0.850
POLYLINE BLACK
-10.350	-6.950
-10.300	-7.050
-10.450	-7.350
-10.400	-7.550
-10.350	-7.650
-10.050	-7.700
-10.200	-8.000
-10.200	-8.200
-10.050	-8.450
-9.950	-8.450
-9.900	-8.550
POLYLINE BLACK
-11.300	-8.800
-11.000	-8.800
-10.850	-8.650
-11.000	-8.100
-11.150	-7.900
-10.950	-7.950
-10.850	-8.000
-10.800	-7.850
-11.000	-7.300
-10.850	-7.400
-10.750	-7.400
-10.700	-7.200
-10.700	-7.100
-10.200	-7.450
-10.200	-7.100
-10.150	-7.000
POLYLINE BLACK
-8.450	-9.100
-8.650	-9.100
-9.250	-8.700
-9.500	-8.250
-9.500	-8.150
-9.700	-7.450
-9.700	-7.150
-9.750	-6.950
-9.800	-6.550
-9.850	-6.300
-10.000	-6.150
-10.750	-6.300
-10.800	-6.400
-11.000	-6.450
-11.300	-6.750
-11.500	-6.950
-11.600	-7.000
-11.600	-7.150
-11.650	-7.350
-11.650	-7.750
-11.300	-9.000
-11.100	-9.400
-11.000	-9.900
-11.150	-10.150
-11.750	-10.750
-12.250	-11.150
-13.200	-11.850
-13.800	-12.150
-14.000	-12.350
-14.200	-12.400
-14.550	-12.650
-15.000	-12.800
-15.400	-13.050
-15.600	-13.050
-15.900	-13.150
-16.000	-13.250
-16.300	-13.250
-16.600	-13.400
POLYLINE BLACK
-2.400	-8.450
-2.900	-8.900
-3.100	-8.950
-3.650	-9.200
-3.950	-9.200
-4.600	-9.350
-4.750	-9.350
-5.200	-9.450
-5.450	-9.450
-5.600	-9.500
-5.800	-9.450
-6.350	-9.450
-6.550	-9.400
-6.850	-9.400
-7.200	-9.350
-7.400	-9.350
-7.600	-9.400
-7.950	-9.300
-8.150	-9.300
-8.450	-9.150
-8.550	-9.200
-8.650	-9.150
POLYLINE BLACK
-14.850	-2.500
-14.900	-2.600
-14.650	-2.850
-14.450	-2.800
-14.400	-2.600
-14.500	-2.350
-14.600	-2.250
-14.700	-2.250
-14.800	-2.350
POLYLINE BLACK
-15.850	-8.550
-15.950	-8.600
-15.950	-8.700
-15.850	-8.800
-15.550	-8.850
-15.300	-8.600
-15.250	-8.500
-15.400	-8.400
-15.750	-8.350
POLYLINE BLACK
-15.000	-5.550
-15.100	-5.600
-15.050	-5.850
-14.900	-6.100
-14.650	-6.150
-14.650	-6.000
-14.750	-5.700
POLYLINE BLACK
-17.350	-7.050
-17.300	-7.500
-17.000	-7.750
-16.850	-7.700
-16.700	-7.500
-16.700	-7.200
-16.800	-6.950
-17.000	-6.750
POLYLINE BLACK
-13.350	-9.000
-13.550	-9.050
-13.700	-9.250
-13.750	-9.500
-13.550	-9.650
-13.350	-9.650
-13.150	-9.300
-13.250	-8.900
POLYLINE BLACK
-15.250	-10.550
-15.350	-10.550
-15.500	-10.800
-15.250	-10.750
-15.050	-10.600
-14.950	-10.400
-15.000	-10.250
-15.150	-10.150
-15.500	-10.250
-15.600	-10.350
POLYLINE BLACK
-18.400	-8.450
-18.500	-9.000
-18.450	-9.200
-18.250	-9.300
-17.800	-9.300
-17.450	-8.850
-17.500	-8.550
-17.550	-8.450
-17.800	-8.350
-18.000	-8.350
-18.200	-8.450
POLYLINE BLACK
-13.900	-6.150
-13.700	-6.600
-13.500	-6.800
-13.200	-6.900
-13.050	-6.750
-13.200	-6.350
-13.350	-6.250
-13.450	-6.250
POLYLINE BLACK
-15.200	-6.850
-15.400	-7.000
-15.550	-7.250
-15.550	-7.350
-15.450	-7.600
-15.350	-7.650
-14.900	-7.500
-14.800	-7.400
POLYLINE BLACK
-16.500	-4.500
-16.500	-4.700
-16.350	-4.900
-16.100	-4.950
-15.900	-4.550
-16.050	-4.150
-16.150	-4.150
POLYLINE BLACK
-17.650	-5.600
-17.650	-5.750
-17.400	-6.100
-16.900	-6.150
-16.700	-6.000
-16.600	-5.700
-16.600	-5.450
-16.850	-5.050
-17.100	-5.000
-17.250	-5.050
POLYLINE BLACK
-13.850	-3.450
-14.200	-3.900
-14.200	-4.100
-13.950	-4.450
-13.650	-4.600
-13.450	-4.550
-13.350	-4.350
-13.350	-3.950
-13.400	-3.800
-13.750	-3.600
POLYLINE BLACK
-12.850	-4.850
-12.850	-4.950
-12.400	-5.250
-12.100	-5.300
-11.950	-5.150
-12.000	-4.950
-12.200	-4.500
POLYLINE BLACK
-18.400	-11.150
-19.050	-10.800
-19.600	-10.800
-19.750	-10.950
-19.700	-11.350
-19.500	-11.950
-19.300	-12.150
-19.000	-12.400
-18.750	-12.500
-18.650	-12.600
-18.300	-12.550
-18.150	-12.550
-17.850	-12.350
-17.750	-12.350
-17.750	-12.200
-18.000	-11.450
-18.300	-11.200
-18.550	-11.150
POLYLINE BLACK
-12.950	-0.550
-13.300	-0.550
-14.250	-1.200
-14.800	-1.700
-15.050	-1.850
-15.600	-2.350
-15.850	-2.500
-16.050	-2.850
-16.300	-3.000
-17.250	-3.950
-17.600	-4.150
-18.650	-5.150
-18.950	-5.450
-19.150	-5.650
-19.400	-5.900
-20.800	-7.900
-20.800	-8.000
-20.950	-8.200
-20.950	-8.300
-21.050	-8.400
POLYLINE BLACK
-9.050	-1.750
-8.850	-1.950
-8.750	-1.950
-8.550	-1.750
-8.600	-1.550
-8.700	-1.450
POLYLINE BLACK
-8.050	-2.050
-8.150	-2.200
-8.100	-2.400
-8.000	-2.500
-7.700	-2.550
-7.550	-2.300
-7.600	-2.100
-7.850	-1.950
POLYLINE BLACK
-9.450	-3.200
-9.250	-3.250
-9.150	-3.350
-9.150	-3.700
POLYLINE BLACK
-7.700	-3.450
-7.700	-3.700
-7.500	-3.650
-7.400	-3.700
-7.300	-3.500
POLYLINE BLACK
-7.950	-4.550
-7.850	-4.600
-7.750	-4.550
-7.850	-4.500
POLYLINE BLACK
-6.350	-5.400
POLYLINE BLACK
-6.850	-6.100
POLYLINE BLACK
-6.300	-5.800
POLYLINE BLACK
-4.850	-5.000
POLYLINE BLACK
-3.700	-4.600
POLYLINE BLACK
-4.100	-5.550
POLYLINE BLACK
-3.950	-4.900
POLYLINE BLACK
-4.650	-4.500
POLYLINE BLACK
-5.500	-5.050
POLYLINE BLACK
-7.250	-5.650
POLYLINE BLACK
-5.400	-5.700
POLYLINE BLACK
-4.550	-5.800
POLYLINE BLACK
-4.150	-5.300
POLYLINE BLACK
-3.650	-4.750
POLYLINE BLACK
-4.650	-4.600
POLYLINE BLACK
-5.750	-4.400
POLYLINE BLACK
-5.500	-4.250
POLYLINE BLACK
-4.200	-4.250
POLYLINE BLACK
-4.150	-5.000
POLYLINE BLACK
-4.650	-5.350
POLYLINE BLACK
-5.650	-5.200
POLYLINE BLACK
-6.100	-5.050
POLYLINE BLACK
-0.200	2.700
-0.800	3.000
-1.450	3.450
-1.850	3.650
-2.300	3.950
-3.200	4.350
-3.850	4.550
-4.400	4.600
-5.400	4.800
-5.650	4.800
-6.100	4.900
-7.400	4.900
-7.600	4.850
-7.800	4.850
-8.100	4.650
-8.200	4.550
-8.300	4.550
-8.750	4.050
-9.050	3.650
-9.250	3.200
-9.750	2.500
-10.100	1.650
-10.250	1.250
-10.450	0.950
-10.550	0.700
-10.900	0.200
-11.600	-0.300
-11.800	-0.300
-12.150	-0.400
-12.600	-0.500
-12.900	-0.600
-13.000	-0.600
POLYLINE BLACK
-7.900	-7.250
-7.900	-7.600
-7.700	-7.800
-7.600	-7.750
-7.500	-7.800
-7.300	-7.700
-7.250	-7.600
-7.250	-7.350
-7.400	-7.150
-7.600	-7.100
POLYLINE BLACK
-3.500	-7.750
-3.600	-7.650
-3.800	-7.850
-3.800	-7.950
-3.600	-7.900
-3.350	-7.750
-3.250	-7.500
-3.350	-7.300
-3.450	-7.300
POLYLINE BLACK
-5.750	-7.250
-5.950	-7.250
-6.050	-7.350
-6.050	-7.500
-5.950	-7.700
-5.300	-7.900
-4.600	-7.650
-4.300	-7.350
-4.300	-7.200
-4.600	-6.750
-5.150	-6.300
-5.400	-6.200
-5.800	-6.250
-6.150	-6.650
-6.300	-7.100
-6.300	-7.300
-6.200	-7.650
POLYLINE BLACK
-8.800	-6.600
-8.950	-7.050
-8.700	-7.200
-8.550	-7.200
-8.350	-7.100
-8.300	-6.850
-8.400	-6.650
-8.550	-6.600
-8.850	-6.700
POLYLINE BLACK
-9.550	-0.350
-9.650	-0.700
POLYLINE BLACK
-5.400	3.900
-5.400	3.800
-5.150	3.450
-5.000	3.600
-4.950	3.700
-5.000	3.850
-5.350	4.000
-5.500	4.000
POLYLINE BLACK
-8.850	2.200
-8.850	2.050
-8.650	2.150
-8.600	2.400
-8.650	2.500
-8.900	2.500
POLYLINE BLACK
-9.450	-1.100
-9.350	-1.100
-9.250	-0.900
-9.200	-0.550
-9.300	-0.450
POLYLINE BLACK
-7.600	2.800
-7.250	3.100
-7.250	3.250
-7.400	3.350
POLYLINE BLACK
-7.450	2.400
-7.350	2.200
-7.150	2.150
-7.050	2.250
-7.050	2.450
-7.200	2.500
POLYLINE BLACK
-8.250	0.800
-8.300	0.550
-8.300	0.200
-8.100	-0.300
-8.000	-0.350
-7.700	-0.050
-7.650	0.300
-7.900	0.800
-8.100	1.000
POLYLINE BLACK
-5.000	1.050
-4.800	1.100
-4.600	1.300
-4.650	1.650
POLYLINE BLACK
-3.700	2.500
-3.850	2.550
-4.300	2.300
-4.550	1.950
-4.600	1.650
-4.400	1.400
-3.900	1.300
-3.300	1.500
-3.200	1.600
-3.100	1.850
-3.150	2.050
-3.500	2.350
POLYLINE BLACK
-2.300	2.000
-2.450	2.050
-3.000	1.750
-3.050	1.650
-2.900	1.500
-2.500	1.450
-1.800	1.650
-1.600	1.650
-1.450	1.850
-1.500	2.050
-1.650	2.200
-2.100	2.250
-2.350	2.250
-2.450	2.200
POLYLINE BROWN
2.250	-4.050
2.400	-4.050
2.500	-4.150
2.350	-4.350
2.350	-4.450
POLYLINE BROWN
2.200	-4.100
2.200	-4.000
POLYLINE BROWN
2.450	-3.650
2.250	-3.650
2.050	-3.850
2.000	-4.100
2.000	-4.350
2.150	-4.550
2.250	-4.550
2.450	-4.400
2.450	-4.300
POLYLINE BROWN
1.600	-3.650
1.500	-3.750
1.300	-3.800
1.200	-3.950
1.200	-4.150
1.450	-4.400
1.550	-4.400
1.700	-4.200
1.750	-3.950
1.550	-3.650
POLYLINE BROWN
0.700	-3.150
0.700	-3.250
0.400	-3.700
0.300	-4.000
0.300	-4.150
0.650	-4.350
0.850	-4.300
POLYLINE BROWN
-0.300	-0.900
POLYLINE BROWN
-1.750	-1.700
-0.700	-1.050
-0.450	-0.950
POLYLINE BROWN
-3.850	-2.050
-3.700	-1.950
-3.350	-1.850
-2.650	-1.500
-2.550	-1.400
-2.650	-1.350
-3.950	-1.900
-3.850	-1.950
-3.550	-1.800
-2.150	-1.400
-2.300	-1.650
-3.100	-2.150
-3.250	-2.300
-3.700	-2.550
-3.750	-2.650
-3.350	-2.400
-1.950	-1.750
-1.850	-1.750
-2.850	-2.200
-2.850	-2.200
-2.250	-1.950
-1.650	-1.650
-2.050	-1.900
-1.600	-1.700
-0.900	-1.150
-0.800	-1.150
-0.950	-1.150
-1.400	-1.400
-1.500	-1.400
-1.300	-1.200
-0.650	-0.800
-1.550	-1.100
-1.100	-0.850
-1.000	-0.850
-1.850	-1.450
-2.050	-1.650
-1.550	-1.300
-0.700	-0.800
-0.850	-0.800
-1.550	-1.200
-1.800	-1.500
-0.450	-0.850
-0.350	-0.850
-0.800	-1.100
POLYLINE BROWN
-5.650	-2.350
-5.700	-2.550
-5.250	-2.500
-4.800	-2.250
-4.150	-2.050
-4.900	-2.600
-5.600	-3.050
-5.700	-3.150
-5.600	-3.150
-4.750	-2.750
-4.450	-2.550
-4.800	-2.800
-4.650	-2.850
-3.350	-2.100
-3.100	-2.000
-3.350	-2.150
-2.400	-1.600
-2.150	-1.400
-2.150	-1.300
POLYLINE BROWN
-6.000	-2.350
-5.500	-2.200
-4.350	-1.950
-5.450	-2.150
-5.650	-2.250
-4.350	-1.800
-5.950	-2.300
-4.450	-1.900
-4.750	-2.000
POLYLINE BROWN
-5.700	-3.500
-5.250	-3.300
-5.150	-3.300
-4.900	-3.200
-4.800	-3.100
-4.350	-3.000
-4.100	-2.850
-2.850	-2.450
-2.350	-2.200
-2.250	-2.200
-1.700	-1.950
-1.600	-1.950
-1.200	-1.650
-0.750	-1.500
-0.450	-1.300
0.200	-1.050
0.250	-0.950
POLYLINE BROWN
-6.350	-1.900
-6.350	-2.000
-6.200	-2.000
-5.000	-1.650
-4.200	-1.500
-3.650	-1.300
-1.900	-0.900
-1.600	-0.750
-1.450	-0.800
-0.900	-0.600
-0.700	-0.600
-0.500	-0.550
-0.300	-0.500
0.000	-0.400
POLYLINE BLUE
-1.500	1.250
-0.850	0.050
-0.300	-0.800
POLYLINE BLUE
-2.750	0.900
-2.600	0.650
-1.400	-1.450
-1.250	-1.650
POLYLINE BLUE
-4.100	0.750
-3.800	0.100
-3.100	-1.500
-2.550	-2.300
-2.450	-2.350
POLYLINE BLUE
-5.300	0.550
-4.700	-0.900
-4.200	-1.900
-3.500	-2.800
POLYLINE BLUE
-6.100	-0.150
-5.550	-1.350
-5.300	-1.900
-5.200	-2.000
-5.050	-2.450
-4.900	-2.800
-4.800	-2.900
POLYLINE BLACK
-0.750	1.800
-0.550	1.800
-0.550	1.800
-1.300	1.700
-2.000	1.450
-2.200	1.450
-2.900	1.250
-3.150	1.250
-3.950	1.050
-4.100	1.050
-5.000	0.750
-5.650	0.500
-5.900	0.350
-6.350	-0.400
-6.500	-1.250
-6.400	-1.750
-6.150	-2.400
-6.050	-2.550
-6.050	-2.650
-5.800	-3.000
-5.050	-3.600
-4.550	-3.750
-4.150	-3.800
-3.800	-3.750
-3.400	-3.700
-3.200	-3.650
-3.100	-3.600
-2.950	-3.650
-2.250	-3.350
-2.150	-3.250
-2.050	-3.250
-1.200	-2.500
-1.050	-2.350
-0.850	-2.150
-0.750	-2.150
-0.550	-1.950
-0.350	-1.800
-0.150	-1.800
POLYLINE BLACK
0.350	-0.800
0.350	-0.900
0.250	-1.000
0.250	-1.200
0.200	-1.300
0.300	-1.400
0.300	-1.500
POLYLINE BLACK
-0.200	2.300
0.000	2.150
0.100	2.150
POLYLINE BLACK
-0.400	1.700
-0.100	1.600
0.000	1.650
POLYLINE BLACK
-0.500	0.950
-0.300	0.900
-0.100	1.000
0.000	0.900
POLYLINE BLACK
-0.400	-0.400
-0.200	-0.400
-0.150	-0.300
-0.050	-0.300
POLYLINE BLACK
-0.050	-1.000
0.150	-0.900
POLYLINE BLACK
0.050	2.500
0.050	2.300
0.100	2.150
0.100	1.650
0.150	1.400
0.150	0.850
0.200	0.650
0.200	0.000
0.150	-0.200
0.150	-0.450
0.200	-0.650
0.300	-1.100
POLYLINE BLACK
0.050	-1.600
0.000	-1.800
-0.050	-2.000
-0.050	-2.150
-0.400	-3.100
-0.400	-3.250
-0.450	-3.450
-0.600	-4.200
-0.700	-4.500
-0.700	-4.650
-0.750	-4.850
-0.750	-5.050
-1.000	-6.000
-1.600	-7.400
-1.750	-7.650
-1.900	-7.950
-2.000	-8.000
-2.300	-8.550
-2.450	-8.750
POLYLINE BLACK
9.950	1.050
10.100	0.900
10.100	0.800
10.250	0.600
10.300	0.200
10.300	-0.200
10.250	-0.400
10.250	-0.550
10.050	-1.050
10.050	-1.200
9.650	-2.050
9.450	-2.250
9.350	-2.500
9.250	-2.500
8.950	-2.750
8.700	-2.850
8.350	-3.100
7.950	-3.150
7.850	-3.150
7.700	-3.250
7.500	-3.250
7.350	-3.200
7.100	-3.250
6.850	-3.250
6.750	-3.300
6.600	-3.250
6.400	-3.300
6.150	-3.250
5.900	-3.250
5.700	-3.200
5.150	-3.200
4.850	-3.100
4.650	-3.100
4.450	-3.050
4.250	-3.050
4.150	-3.000
3.950	-3.050
3.550	-2.950
3.250	-2.850
2.900	-2.850
2.700	-2.800
2.500	-2.750
2.200	-2.600
2.050	-2.600
1.550	-2.300
1.500	-2.200
1.400	-2.200
1.000	-1.900
0.800	-1.850
0.500	-1.650
0.400	-1.700
0.300	-1.600
0.100	-1.600
POLYLINE BLACK
-9.600	-3.350
-9.550	-3.550
-9.450	-3.650
-9.450	-3.750
-9.250	-3.900
-9.150	-3.900

ELEVATION
STATIONS
0.000	0.000	1.0
10.335	0.789	1.1
17.446	0.732	1.2
27.579	-0.791	1.3
30.586	-0.706	1.4
41.975	-14.438	1.5
47.083	-13.148	1.6
54.314	-15.252	1.7
56.254	-15.994	1.8
66.735	-21.003	1.9
69.846	-20.709	1.10
51.300	-6.210	1.11
55.867	-6.177	1.12
61.840	-5.771	1.13
22.419	2.357	1.14
31.121	10.880	1.15
SHOTS
22.419	2.357	31.121	10.880
31.121	10.880	33.233	17.211
10.335	0.789	22.419	2.357
22.419	2.357	21.880	2.345
22.419	2.357	22.515	1.799
55.867	-6.177	61.840	-5.771
61.840	-5.771	62.199	-5.543
61.840	-5.771	61.038	-5.530
61.840	-5.771	61.831	-5.098
61.840	-5.771	61.797	-6.236
61.840	-5.771	62.451	-5.324
61.840	-5.771	64.286	-5.330
61.840	-5.771	66.256	-5.294
61.840	-5.771	64.382	-5.453
61.840	-5.771	64.316	-5.492
61.840	-5.771	63.625	-5.633
51.300	-6.210	55.867	-6.177
55.867	-6.177	55.772	-6.064
55.867	-6.177	55.772	-6.060
55.867	-6.177	55.891	-5.412
55.867	-6.177	55.965	-6.845
55.867	-6.177	58.443	-5.335
55.867	-6.177	58.346	-5.596
41.975	-14.438	51.300	-6.210
51.300	-6.210	51.239	-6.191
51.300	-6.210	51.063	-6.494
51.300	-6.210	52.230	7.678
51.300	-6.210	50.845	-8.264
66.735	-21.003	69.846	-20.709
69.846	-20.709	70.174	-20.782
69.846	-20.709	71.074	-4.733
69.846	-20.709	70.929	-23.230
69.846	-20.709	70.809	-21.253
69.846	-20.709	73.857	-22.697
69.846	-20.709	75.400	-22.561
69.846	-20.709	76.186	-21.960
69.846	-20.709	72.997	-21.264
69.846	-20.709	74.548	-18.539
69.846	-20.709	75.199	-21.277
69.846	-20.709	77.328	-24.393
56.254	-15.994	66.735	-21.003
66.735	-21.003	66.502	-20.962
66.735	-21.003	66.431	-20.745
66.735	-21.003	67.482	-20.588
66.735	-21.003	66.502	-5.911
66.735	-21.003	66.752	-21.399
66.735	-21.003	65.522	-20.945
66.735	-21.003	62.576	-20.806
66.735	-21.003	58.077	-20.120
66.735	-21.003	56.436	-19.490
66.735	-21.003	62.710	-20.548
54.314	-15.252	56.254	-15.994
56.254	-15.994	54.357	-16.259
56.254	-15.994	56.988	-16.252
56.254	-15.994	58.655	-3.352
56.254	-15.994	56.752	-20.501
47.083	-13.148	54.314	-15.252
54.314	-15.252	55.935	-15.796
54.314	-15.252	54.314	-15.285
54.314	-15.252	56.778	-14.678
54.314	-15.252	55.041	-2.976
54.314	-15.252	54.364	-16.445
54.314	-15.252	53.424	-14.275
54.314	-15.252	53.212	-14.055
54.314	-15.252	56.450	-3.889
54.314	-15.252	52.673	-4.602
54.314	-15.252	51.068	-7.202
41.975	-14.438	47.083	-13.148
47.083	-13.148	46.038	-13.587
47.083	-13.148	48.085	-3.035
47.083	-13.148	47.072	-13.496
47.083	-13.148	51.756	-14.082
47.083	-13.148	54.620	-14.619
47.083	-13.148	54.519	-14.463
47.083	-13.148	51.814	-13.164
30.586	-0.706	41.975	-14.438
41.975	-14.438	37.754	-14.204
41.975	-14.438	43.369	-13.629
41.975	-14.438	38.255	-0.665
41.975	-14.438	41.936	-15.085
27.579	-0.791	30.586	-0.706
30.586	-0.706	28.535	0.063
30.586	-0.706	30.615	-0.676
30.586	-0.706	30.056	8.985
30.586	-0.706	31.829	-3.654
30.586	-0.706	30.501	1.184
30.586	-0.706	29.522	8.725
30.586	-0.706	32.955	-1.004
17.446	0.732	27.579	-0.791
27.579	-0.791	26.453	-0.094
27.579	-0.791	29.741	-0.530
27.579	-0.791	28.966	8.698
27.579	-0.791	27.675	-1.943
10.335	0.789	17.446	0.732
17.446	0.732	17.515	0.771
17.446	0.732	11.790	0.318
17.446	0.732	16.719	10.810
17.446	0.732	17.690	-1.014
0.000	0.000	10.335	0.789
10.335	0.789	-10.199	8.709
10.335	0.789	-8.790	11.267
10.335	0.789	8.092	1.019
10.335	0.789	20.434	2.072
10.335	0.789	10.427	-1.049
10.335	0.789	9.549	3.423
0.000	0.000	1.090	0.066
0.000	0.000	2.830	1.187
0.000	0.000	0.100	-1.536
0.000	0.000	8.584	1.122
0.000	0.000	10.768	1.925
POLYLINE BLUE
70.600	-23.300
70.800	-23.300
70.900	-23.250
71.150	-23.250
71.800	-23.100
72.800	-23.100
73.100	-23.150
73.300	-23.100
73.550	-23.100
73.900	-23.200
74.100	-23.150
74.200	-23.200
74.300	-23.150
74.850	-23.250
75.100	-23.150
75.300	-23.300
75.300	-23.150
75.500	-23.200
76.400	-23.200
76.500	-23.250
76.900	-23.250
77.250	-23.200
77.450	-23.250
77.550	-23.200
77.650	-23.300
77.950	-23.300
POLYLINE BLACK
77.900	-23.650
POLYLINE BLACK
70.700	-23.950
70.800	-24.000
70.900	-23.950
71.100	-24.100
71.250	-24.100
71.350	-24.050
72.050	-24.300
72.650	-24.500
72.900	-24.500
73.350	-24.600
73.550	-24.600
73.750	-24.550
74.000	-24.550
74.100	-24.600
74.300	-24.550
74.500	-24.500
74.600	-24.550
74.700	-24.450
75.000	-24.550
75.300	-24.450
75.500	-24.500
75.800	-24.500
75.900	-24.550
76.100	-24.450
76.400	-24.550
76.500	-24.500
76.700	-24.550
77.000	-24.450
77.100	-24.450
77.150	-24.350
77.350	-24.350
77.700	-24.000
77.900	-23.600
POLYLINE BLACK
66.950	-20.800
67.050	-20.700
67.250	-20.700
67.450	-20.650
68.200	-20.700
68.800	-20.700
69.250	-20.850
69.350	-20.800
69.450	-20.900
69.650	-20.900
70.000	-21.300
70.000	-21.400
70.250	-21.800
70.300	-22.000
70.500	-22.400
70.550	-22.600
70.750	-23.250
70.850	-23.800
70.850	-23.900
70.950	-24.000
70.950	-24.100
POLYLINE BLACK
65.700	-5.750
66.000	-5.750
66.200	-5.700
66.300	-5.600
67.900	-5.600
68.450	-5.550
68.900	-5.550
69.100	-5.500
69.500	-5.450
69.650	-5.450
71.250	-4.900
71.350	-4.850
POLYLINE BLACK
66.250	-5.700
66.000	-5.750
65.800	-5.750
65.600	-5.700
65.400	-5.700
65.200	-5.650
64.950	-5.650
64.750	-5.500
64.450	-5.450
64.250	-5.500
63.200	-5.050
62.950	-5.000
62.250	-4.750
61.950	-4.550
61.700	-4.500
61.450	-4.350
61.250	-4.250
61.100	-4.250
61.000	-4.150
60.250	-4.000
60.050	-3.850
59.900	-3.850
59.800	-3.750
59.700	-3.750
59.500	-3.550
59.400	-3.550
59.200	-3.400
59.100	-3.400
58.950	-3.200
POLYLINE BLUE
59.900	-19.800
60.200	-19.800
60.300	-19.700
60.500	-19.750
60.700	-19.800
60.800	-19.900
61.300	-19.800
61.450	-19.850
61.600	-20.050
61.850	-20.050
62.050	-20.000
61.750	-19.850
61.650	-19.850
61.550	-19.750
61.400	-20.300
61.650	-20.350
61.950	-20.300
62.050	-20.200
62.000	-20.000
61.600	-19.850
POLYLINE BLUE
64.150	-21.800
64.350	-21.800
64.500	-21.850
POLYLINE BLUE
61.400	-22.350
61.750	-22.200
61.850	-22.250
POLYLINE BLUE
62.950	-21.350
63.250	-21.350
63.500	-21.400
63.850	-21.400
POLYLINE BLUE
60.600	-22.050
60.700	-21.950
60.800	-21.950
POLYLINE BLUE
60.450	-21.400
60.700	-21.350
61.200	-21.350
61.350	-21.250
61.850	-21.250
POLYLINE BLUE
57.950	-21.200
58.550	-21.250
59.000	-21.250
59.200	-21.150
POLYLINE BLUE
56.250	-20.200
57.150	-20.050
57.550	-20.100
57.750	-20.050
58.200	-20.250
58.400	-20.300
58.850	-20.400
59.250	-20.600
59.800	-20.600
60.000	-20.700
60.400	-20.650
60.650	-20.650
60.750	-20.600
60.950	-20.650
61.150	-20.550
61.350	-20.600
61.550	-20.600
61.750	-20.650
62.300	-20.650
62.500	-20.700
63.050	-20.700
63.300	-20.750
63.850	-20.850
64.150	-20.800
64.400	-20.900
64.600	-20.850
64.900	-20.950
65.350	-21.000
65.550	-20.950
65.850	-21.050
66.050	-21.000
66.250	-21.050
66.350	-21.000
66.550	-21.100
66.650	-21.050
POLYLINE BLACK
67.250	-20.550
66.850	-20.800
66.700	-21.000
66.650	-21.200
66.350	-22.000
66.250	-22.300
65.850	-22.550
65.650	-22.600
65.300	-22.650
64.850	-22.650
64.650	-22.700
64.100	-22.700
63.800	-22.800
63.600	-22.750
63.050	-22.850
62.750	-22.850
62.500	-22.900
62.150	-22.900
61.950	-22.850
61.550	-22.850
61.450	-22.900
61.200	-22.800
61.100	-22.850
60.800	-22.700
60.550	-22.700
60.050	-22.600
59.600	-22.600
59.400	-22.650
59.200	-22.650
58.550	-22.450
58.450	-22.500
58.250	-22.450
58.200	-22.350
57.300	-22.150
57.100	-22.000
56.900	-21.950
56.800	-21.850
56.700	-21.850
56.400	-21.350
56.400	-20.800
56.450	-20.600
56.450	-20.300
POLYLINE BLACK
54.150	-16.200
54.600	-16.200
54.800	-16.250
55.150	-16.200
55.650	-16.400
55.900	-16.650
55.900	-16.750
56.000	-16.850
56.050	-17.050
56.350	-18.150
56.350	-18.350
56.400	-18.550
56.400	-18.750
56.450	-19.000
56.450	-19.750
56.500	-19.950
56.500	-20.100
56.650	-20.400
56.700	-20.600
56.700	-20.600
56.750	-20.700
POLYLINE BLACK
57.500	-0.800
57.550	-1.000
57.900	-2.000
58.200	-2.450
58.700	-2.900
59.200	-3.250
59.200	-3.250
POLYLINE RED
56.800	3.250
57.050	3.250
57.050	3.250
POLYLINE RED
56.850	3.500
57.200	3.900
POLYLINE RED
56.700	3.550
56.650	3.350
56.600	3.000
57.050	2.700
57.300	2.700
57.500	2.800
POLYLINE BLACK
55.900	0.250
55.900	0.250
55.950	0.350
POLYLINE BLACK
55.350	1.800
55.550	2.350
55.850	2.650
55.900	2.450
55.800	2.200
55.800	1.950
55.600	1.650
55.550	1.250
55.700	1.000
POLYLINE BLACK
47.500	-2.650
47.750	-2.600
48.300	-2.700
48.600	-2.650
48.950	-2.750
49.200	-2.700
49.550	-2.700
49.650	-2.750
49.750	-2.700
49.950	-2.750
50.200	-2.750
50.650	-2.850
50.800	-2.900
51.700	-2.950
52.250	-2.850
52.500	-2.850
52.750	-2.800
53.150	-2.800
53.350	-2.750
53.550	-2.700
54.000	-2.600
54.350	-2.200
54.700	-1.400
54.750	-0.850
54.800	-0.650
54.800	-0.450
POLYLINE BLACK
29.600	8.800
29.900	8.900
30.650	8.900
31.000	8.800
31.200	8.750
31.400	8.700
31.500	8.700
32.200	8.200
33.150	7.250
33.300	6.950
34.350	5.450
34.750	4.900
34.950	4.500
35.100	4.300
35.300	3.950
36.050	2.700
37.050	1.150
38.300	-0.200
38.600	-0.500
39.050	-0.750
39.600	-1.150
39.800	-1.200
40.800	-1.500
40.950	-1.500
41.050	-1.600
41.450	-1.600
41.650	-1.650
41.950	-1.650
42.500	-1.700
42.700	-1.750
42.850	-1.750
43.050	-1.800
43.400	-1.800
43.600	-1.850
43.750	-1.800
44.000	-1.850
44.250	-1.850
44.500	-1.900
44.950	-1.950
45.150	-2.000
45.550	-2.050
46.200	-2.200
46.350	-2.200
47.100	-2.450
47.400	-2.600
47.600	-2.650
47.850	-2.800
48.150	-2.850
POLYLINE BLACK
49.050	-14.600
49.350	-14.850
49.750	-14.950
50.000	-15.050
50.250	-15.050
50.700	-15.200
50.950	-15.200
51.650	-15.450
51.850	-15.450
52.150	-15.600
52.350	-15.600
52.550	-15.650
52.850	-15.650
52.950	-15.750
53.250	-15.750
53.500	-15.800
53.900	-15.800
54.000	-15.900
54.200	-15.900
54.500	-16.000
54.700	-16.000
POLYLINE BLACK
49.100	-14.650
POLYLINE BLACK
42.100	-15.300
42.300	-15.300
42.500	-15.400
42.800	-15.300
43.150	-15.350
43.900	-15.150
44.000	-15.150
44.100	-15.050
44.300	-15.100
44.600	-14.950
45.400	-14.950
45.500	-14.900
45.600	-14.950
45.800	-14.900
46.150	-14.900
46.350	-14.850
46.550	-14.850
46.650	-14.800
46.850	-14.900
47.050	-14.850
47.500	-14.800
47.700	-14.850
47.900	-14.750
48.050	-14.750
48.250	-14.800
48.550	-14.800
48.650	-14.850
48.850	-14.800
49.300	-14.850
49.550	-14.850
49.850	-14.950
POLYLINE BLACK
35.250	-11.150
35.500	-11.450
35.850	-11.950
36.550	-12.650
36.650	-12.900
37.650	-14.150
38.250	-15.100
38.500	-15.150
38.900	-15.400
39.350	-15.550
39.750	-15.550
40.000	-15.600
40.300	-15.600
40.500	-15.550
40.700	-15.600
40.900	-15.550
41.150	-15.550
41.450	-15.450
41.800	-15.500
42.200	-15.400
42.400	-15.350
42.650	-15.350
43.150	-15.200
POLYLINE BLACK
27.150	-1.900
27.250	-2.000
27.450	-2.000
27.650	-2.050
27.950	-2.050
28.150	-2.100
28.250	-2.200
28.350	-2.150
29.050	-2.350
29.250	-2.500
29.350	-2.500
30.550	-3.050
30.800	-3.250
31.050	-3.350
31.900	-4.100
32.550	-4.750
33.250	-5.600
34.000	-7.350
34.150	-7.600
34.250	-8.050
34.700	-9.050
34.700	-9.200
35.050	-10.000
35.100	-10.200
35.350	-10.900
35.400	-11.100
35.550	-11.400
35.550	-11.500
POLYLINE BLACK
17.850	-1.050
18.000	-1.100
18.200	-0.950
18.700	-0.950
18.900	-0.850
19.100	-0.900
19.450	-0.850
19.650	-0.850
19.950	-0.950
20.450	-0.950
21.950	-1.350
22.350	-1.400
22.750	-1.450
22.900	-1.450
23.200	-1.550
24.000	-1.650
24.150	-1.650
24.550	-1.750
24.700	-1.750
24.900	-1.800
25.000	-1.900
25.450	-1.950
25.600	-1.900
25.900	-2.000
26.050	-2.000
26.250	-2.050
26.550	-2.050
26.700	-2.100
26.800	-2.050
27.000	-2.100
27.300	-2.150
27.400	-2.050
27.500	-2.050
POLYLINE BLACK
11.250	-1.000
11.550	-1.100
11.850	-1.000
12.050	-1.000
12.550	-0.900
12.750	-0.900
12.950	-0.850
13.100	-0.900
13.300	-0.850
13.700	-0.850
13.800	-0.800
13.900	-0.850
14.000	-0.800
14.350	-0.900
14.600	-0.850
15.350	-0.850
15.550	-0.800
16.000	-0.900
16.350	-0.900
16.550	-0.950
16.750	-0.950
16.950	-1.000
17.300	-1.000
17.550	-1.050
18.150	-1.050
POLYLINE BLACK
-0.350	-1.350
0.000	-1.300
0.250	-1.350
0.800	-1.300
1.150	-1.300
1.450	-1.200
1.700	-1.200
2.200	-1.050
2.650	-1.050
3.100	-0.950
4.050	-0.850
4.550	-0.800
6.350	-0.500
6.900	-0.550
7.150	-0.600
7.400	-0.600
7.700	-0.700
8.050	-0.700
8.550	-0.800
9.000	-0.850
9.600	-0.850
10.150	-0.950
10.550	-1.000
10.650	-0.950
11.050	-1.000
11.300	-1.000
11.400	-0.950
POLYLINE BLACK
16.750	10.550
16.850	10.500
17.300	10.700
17.800	10.800
18.050	10.800
18.150	10.750
18.400	10.800
18.750	10.800
18.950	10.750
19.200	10.700
19.400	10.600
19.550	10.600
19.800	10.550
19.950	10.550
21.250	10.200
21.400	10.100
21.900	10.000
22.050	9.900
22.550	9.850
23.400	9.700
23.800	9.700
24.050	9.650
24.300	9.600
24.450	9.650
24.750	9.600
25.550	9.500
25.800	9.450
26.150	9.450
26.600	9.350
26.750	9.350
27.450	9.200
28.350	9.000
28.650	8.900
29.200	8.850
29.350	8.850
29.450	8.800
29.550	8.850
29.900	8.750
30.100	8.850
POLYLINE BLACK
8.750	10.050
8.750	9.300
8.700	9.100
8.700	8.650
8.750	8.400
8.800	8.000
8.800	7.850
8.850	7.600
9.000	6.750
9.000	6.400
9.050	6.200
9.100	5.750
9.150	5.550
9.150	5.400
9.200	5.200
9.200	4.900
9.300	4.450
9.350	4.250
9.550	3.750
9.650	3.650
9.750	3.700
9.800	3.600
10.100	3.600
10.300	3.750
10.700	3.850
11.400	4.400
11.500	4.550
11.600	4.550
12.550	5.550
12.950	6.050
13.050	6.100
13.350	6.600
13.750	7.150
14.100	7.500
14.500	8.050
15.100	8.750
15.650	9.550
16.050	9.950
16.500	10.400
16.850	10.750
