    -2     1   1   1   1 01/07/05                              0    0.00   0   1
    -1     1   1   1   1  360.00  360.00    0.05    1.00    1.00  100.00  100.00
    20    -2   1   1   1 
    20    -1   1   1   1       0       0       0       0      30       0       0
    20    26   1   1   1    9.62   64.50   -2.64    4.70    8.13    3.30    1.37
(   20    26   1   1   1 [5.55 73.2 22.9]
(   20    26   2   1   1 [3.89 197.2 10.8]
(   20    26   3   1   1 [8.67 221.1 17.0]
(   20    26   4   1   1 [3.63 240.8 65.6]
(   20    26   5   1   1 [1.40 74.9 -84.1]
    20    27   1   1   1    9.88  216.87   25.42    1.83    3.21    0.79    3.15
(   20    27   1   1   1 [1.92 68.7 2.4]
(   20    27   2   1   1 [3.64 237.9 0.0]
(   20    27   3   1   1 [0.82 98.7 74.6]
(   20    27   4   1   1 [3.85 81.1 -54.6]
    20    28   1   1   1   12.18  136.40  -14.96    5.33    3.07    1.45    1.31
(   20    28   1   1   1 [6.17 67.1 8.1]
(   20    28   2   1   1 [4.26 236.6 39.6]
(   20    28   3   1   1 [1.45 246.6 84.6]
(   20    28   4   1   1 [1.33 89.8 -81.5]
    20    29   1   1   1    4.63  118.96   15.25    2.07    1.21    0.75    1.22
(   20    29   1   1   1 [2.08 39.6 -1.5]
(   20    29   2   1   1 [1.21 224.1 4.2]
(   20    29   3   1   1 [0.75 342.7 78.3]
(   20    29   4   1   1 [1.22 130.4 -64.1]
    20    30   1   1   1    3.08  153.30   19.13    0.83    1.63    2.17    0.40
(   20    30   1   1   1 [1.70 232.6 12.1]
(   20    30   2   1   1 [0.90 40.2 -1.5]
(   20    30   3   1   1 [2.66 242.5 60.2]
(   20    30   4   1   1 [0.41 134.9 -76.7]
    21    -2   1   1   1 
    21    -1   1   1   1      20      25      21       5       5       3       0
    21     0   1   1   1    0.00    0.00    0.00    0.00    0.00    0.00    0.00
    21     1   1   1   1    6.25  226.01   21.42    5.19    1.26    1.16    1.25
(   21     1   1   1   1 [5.23 103.5 5.7]
(   21     1   2   1   1 [1.31 263.4 -0.2]
(   21     1   3   1   1 [1.41 97.5 57.1]
(   21     1   4   1   1 [1.27 238.4 -79.4]
    21     2   1   1   1   18.09  149.58    1.58    3.02    3.38    1.19    1.44
(   21     2   1   1   1 [3.20 48.0 -13.7]
(   21     2   2   1   1 [3.43 233.5 2.0]
(   21     2   3   1   1 [1.20 199.3 82.7]
(   21     2   4   1   1 [1.45 6.5 -84.0]
    21     3   1   1   1    4.84  151.98   -7.35    2.56    5.57    1.27    1.22
(   21     3   1   1   1 [2.63 78.5 -9.3]
(   21     3   2   1   1 [3.41 215.2 -10.9]
(   21     3   3   1   1 [5.72 263.7 10.0]
(   21     3   4   1   1 [1.26 87.7 -83.9]
(   21     3   5   1   1 [1.29 240.3 83.0]
    21     4   1   1   1    3.24  205.11  -14.99    1.21    0.58    0.84    3.43
(   21     4   1   1   1 [1.24 102.5 11.0]
(   21     4   2   1   1 [0.67 265.2 25.4]
(   21     4   3   1   1 [0.87 137.5 73.0]
(   21     4   4   1   1 [3.57 197.5 -81.7]
    21     5   1   1   1    4.19  177.25   -0.88    0.00    0.00    0.00    0.00
    22    -2   1   1   1 
    22    -1   1   1   1      21       3      22       7       7       3       0
    22     0   1   1   1    0.00    0.00    0.00    0.00    0.00    0.00    0.00
    22     1   1   1   1    7.92  243.54    7.50    2.25    2.57    0.00    0.77
(   22     1   1   1   1 [2.28 164.2 6.6]
(   22     1   2   1   1 [2.66 335.8 11.2]
(   22     1   3   1   1 [0.83 129.2 -71.5]
    22     2   1   1   1    7.30  261.74    1.94    4.99    1.69    0.83    0.75
(   22     2   1   1   1 [5.06 129.8 1.5]
(   22     2   2   1   1 [1.77 290.5 12.2]
(   22     2   3   1   1 [0.75 145.6 -86.8]
(   22     2   4   1   1 [0.86 135.1 75.5]
    22     3   1   1   1    6.73  161.45    0.72    1.22    0.76    0.29    1.10
(   22     3   1   1   1 [1.69 79.3 34.9]
(   22     3   2   1   1 [0.78 277.7 0.0]
(   22     3   3   1   1 [0.29 310.2 81.0]
(   22     3   4   1   1 [1.13 122.1 -80.0]
    22     4   1   1   1    5.12  235.85   -4.81    0.89    4.74    0.39    0.56
(   22     4   1   1   1 [0.89 114.9 -4.0]
(   22     4   2   1   1 [4.78 291.0 -3.6]
(   22     4   3   1   1 [0.58 59.2 -71.6]
(   22     4   4   1   1 [0.39 212.2 82.1]
    22     5   1   1   1    4.18  181.90  -12.14    0.00    2.04    0.96    0.65
(   22     5   1   1   1 [2.08 269.9 1.6]
(   22     5   2   1   1 [1.00 249.1 73.9]
(   22     5   3   1   1 [0.71 91.4 -65.4]
    22     6   1   1   1    7.46  201.95    8.69    0.00    3.61    0.00    0.00
(   22     6   1   1   1 [2.90 257.9 -1.5]
(   22     6   2   1   1 [3.62 329.2 -3.9]
    22     7   1   1   1   13.56  288.80   -1.19    1.29    1.23    0.49    1.03
(   22     7   1   1   1 [1.30 204.3 4.8]
(   22     7   2   1   1 [1.38 43.4 11.3]
(   22     7   3   1   1 [1.04 165.5 -81.2]
(   22     7   4   1   1 [0.50 332.4 75.0]
